PERMNO,date,TICKER,COMNAM,NWPERM,DLPRC,BIDLO,ASKHI,PRC,VOL,RET,BID,ASK,OPENPRC,RETX
25785,1990-01-02,F,FORD MOTOR CO DEL,,,43.50000,45.25000,45.25000,1139000,0.037249,,,,0.037249
25785,1990-01-03,F,FORD MOTOR CO DEL,,,45.25000,45.87500,45.50000,1465700,0.005525,,,,0.005525
25785,1990-01-04,F,FORD MOTOR CO DEL,,,45.12500,45.75000,45.50000,717600,0.000000,,,,0.000000
25785,1990-01-05,F,FORD MOTOR CO DEL,,,44.87500,45.75000,44.87500,697200,-0.013736,,,,-0.013736
25785,1990-01-08,F,FORD MOTOR CO DEL,,,44.50000,45.00000,44.87500,613300,0.000000,,,,0.000000
25785,1990-01-09,F,FORD MOTOR CO DEL,,,44.12500,45.12500,44.12500,963500,-0.016713,,,,-0.016713
25785,1990-01-10,F,FORD MOTOR CO DEL,,,43.87500,44.50000,44.50000,538400,0.008499,,,,0.008499
25785,1990-01-11,F,FORD MOTOR CO DEL,,,44.75000,45.37500,45.00000,545100,0.011236,,,,0.011236
25785,1990-01-12,F,FORD MOTOR CO DEL,,,43.75000,44.62500,43.75000,586500,-0.027778,,,,-0.027778
25785,1990-01-15,F,FORD MOTOR CO DEL,,,43.12500,43.87500,43.25000,731900,-0.011429,,,,-0.011429
25785,1990-01-16,F,FORD MOTOR CO DEL,,,42.87500,45.12500,45.00000,718200,0.040462,,,,0.040462
25785,1990-01-17,F,FORD MOTOR CO DEL,,,44.00000,45.12500,44.25000,515000,-0.016667,,,,-0.016667
25785,1990-01-18,F,FORD MOTOR CO DEL,,,43.75000,44.50000,44.25000,909900,0.000000,,,,0.000000
25785,1990-01-19,F,FORD MOTOR CO DEL,,,44.50000,45.00000,44.62500,743000,0.008475,,,,0.008475
25785,1990-01-22,F,FORD MOTOR CO DEL,,,43.50000,44.75000,43.50000,711000,-0.025210,,,,-0.025210
25785,1990-01-23,F,FORD MOTOR CO DEL,,,43.50000,44.25000,44.00000,1209200,0.011494,,,,0.011494
25785,1990-01-24,F,FORD MOTOR CO DEL,,,42.00000,42.50000,42.25000,1086500,-0.022727,,,,-0.039773
25785,1990-01-25,F,FORD MOTOR CO DEL,,,41.75000,42.87500,41.75000,883900,-0.011834,,,,-0.011834
25785,1990-01-26,F,FORD MOTOR CO DEL,,,41.50000,42.50000,42.37500,660000,0.014970,,,,0.014970
25785,1990-01-29,F,FORD MOTOR CO DEL,,,41.50000,43.12500,42.62500,774900,0.005900,,,,0.005900
25785,1990-01-30,F,FORD MOTOR CO DEL,,,41.75000,42.87500,42.50000,500500,-0.002933,,,,-0.002933
25785,1990-01-31,F,FORD MOTOR CO DEL,,,42.75000,43.37500,43.12500,1023900,0.014706,,,,0.014706
25785,1990-02-01,F,FORD MOTOR CO DEL,,,42.37500,43.12500,42.75000,554100,-0.008696,,,,-0.008696
25785,1990-02-02,F,FORD MOTOR CO DEL,,,42.25000,43.25000,43.12500,819300,0.008772,,,,0.008772
25785,1990-02-05,F,FORD MOTOR CO DEL,,,42.62500,43.50000,43.50000,375600,0.008696,,,,0.008696
25785,1990-02-06,F,FORD MOTOR CO DEL,,,42.87500,43.37500,42.87500,451600,-0.014368,,,,-0.014368
25785,1990-02-07,F,FORD MOTOR CO DEL,,,42.50000,45.00000,44.87500,855100,0.046647,,,,0.046647
25785,1990-02-08,F,FORD MOTOR CO DEL,,,43.62500,45.00000,44.00000,782000,-0.019499,,,,-0.019499
25785,1990-02-09,F,FORD MOTOR CO DEL,,,43.37500,44.00000,44.00000,441700,0.000000,,,,0.000000
25785,1990-02-12,F,FORD MOTOR CO DEL,,,43.62500,44.62500,44.00000,553100,0.000000,,,,0.000000
25785,1990-02-13,F,FORD MOTOR CO DEL,,,43.62500,44.50000,44.12500,484400,0.002841,,,,0.002841
25785,1990-02-14,F,FORD MOTOR CO DEL,,,44.12500,44.75000,44.62500,425900,0.011331,,,,0.011331
25785,1990-02-15,F,FORD MOTOR CO DEL,,,44.50000,45.50000,45.25000,1180100,0.014006,,,,0.014006
25785,1990-02-16,F,FORD MOTOR CO DEL,,,44.37500,45.12500,44.37500,1002200,-0.019337,,,,-0.019337
25785,1990-02-20,F,FORD MOTOR CO DEL,,,43.75000,44.25000,44.00000,701900,-0.008451,,,,-0.008451
25785,1990-02-21,F,FORD MOTOR CO DEL,,,43.25000,45.37500,45.25000,663800,0.028409,,,,0.028409
25785,1990-02-22,F,FORD MOTOR CO DEL,,,44.62500,45.62500,44.62500,573300,-0.013812,,,,-0.013812
25785,1990-02-23,F,FORD MOTOR CO DEL,,,44.37500,45.12500,44.75000,534600,0.002801,,,,0.002801
25785,1990-02-26,F,FORD MOTOR CO DEL,,,44.37500,46.00000,45.87500,678800,0.025140,,,,0.025140
25785,1990-02-27,F,FORD MOTOR CO DEL,,,46.00000,47.00000,46.12500,1039100,0.005450,,,,0.005450
25785,1990-02-28,F,FORD MOTOR CO DEL,,,45.75000,46.75000,46.00000,892000,-0.002710,,,,-0.002710
25785,1990-03-01,F,FORD MOTOR CO DEL,,,45.62500,46.50000,45.87500,694000,-0.002717,,,,-0.002717
25785,1990-03-02,F,FORD MOTOR CO DEL,,,45.87500,47.25000,47.12500,1355200,0.027248,,,,0.027248
25785,1990-03-05,F,FORD MOTOR CO DEL,,,46.50000,47.00000,46.87500,1123200,-0.005305,,,,-0.005305
25785,1990-03-06,F,FORD MOTOR CO DEL,,,46.87500,47.62500,47.62500,856100,0.016000,,,,0.016000
25785,1990-03-07,F,FORD MOTOR CO DEL,,,46.87500,47.87500,47.12500,666700,-0.010499,,,,-0.010499
25785,1990-03-08,F,FORD MOTOR CO DEL,,,46.87500,47.62500,47.62500,491000,0.010610,,,,0.010610
25785,1990-03-09,F,FORD MOTOR CO DEL,,,47.12500,47.62500,47.37500,710400,-0.005249,,,,-0.005249
25785,1990-03-12,F,FORD MOTOR CO DEL,,,47.00000,48.12500,48.00000,916900,0.013193,,,,0.013193
25785,1990-03-13,F,FORD MOTOR CO DEL,,,47.75000,48.75000,48.12500,864800,0.002604,,,,0.002604
25785,1990-03-14,F,FORD MOTOR CO DEL,,,47.50000,48.12500,47.62500,587300,-0.010390,,,,-0.010390
25785,1990-03-15,F,FORD MOTOR CO DEL,,,47.00000,47.87500,47.87500,735100,0.005249,,,,0.005249
25785,1990-03-16,F,FORD MOTOR CO DEL,,,48.12500,48.75000,48.62500,1147000,0.015666,,,,0.015666
25785,1990-03-19,F,FORD MOTOR CO DEL,,,47.75000,48.50000,48.25000,546800,-0.007712,,,,-0.007712
25785,1990-03-20,F,FORD MOTOR CO DEL,,,47.87500,48.50000,48.50000,725900,0.005181,,,,0.005181
25785,1990-03-21,F,FORD MOTOR CO DEL,,,48.00000,48.87500,48.00000,728000,-0.010309,,,,-0.010309
25785,1990-03-22,F,FORD MOTOR CO DEL,,,47.50000,48.50000,48.50000,1747800,0.010417,,,,0.010417
25785,1990-03-23,F,FORD MOTOR CO DEL,,,48.25000,48.87500,48.25000,558200,-0.005155,,,,-0.005155
25785,1990-03-26,F,FORD MOTOR CO DEL,,,48.50000,49.12500,48.50000,621200,0.005181,,,,0.005181
25785,1990-03-27,F,FORD MOTOR CO DEL,,,48.00000,48.75000,48.75000,621000,0.005155,,,,0.005155
25785,1990-03-28,F,FORD MOTOR CO DEL,,,48.50000,48.87500,48.75000,430900,0.000000,,,,0.000000
25785,1990-03-29,F,FORD MOTOR CO DEL,,,47.75000,48.62500,48.00000,463800,-0.015385,,,,-0.015385
25785,1990-03-30,F,FORD MOTOR CO DEL,,,47.12500,47.87500,47.25000,553600,-0.015625,,,,-0.015625
25785,1990-04-02,F,FORD MOTOR CO DEL,,,46.62500,47.50000,47.37500,721800,0.002646,,,,0.002646
25785,1990-04-03,F,FORD MOTOR CO DEL,,,47.00000,48.00000,47.87500,502200,0.010554,,,,0.010554
25785,1990-04-04,F,FORD MOTOR CO DEL,,,47.50000,48.25000,47.50000,753800,-0.007833,,,,-0.007833
25785,1990-04-05,F,FORD MOTOR CO DEL,,,46.87500,47.75000,47.00000,622700,-0.010526,,,,-0.010526
25785,1990-04-06,F,FORD MOTOR CO DEL,,,46.50000,47.25000,46.87500,330200,-0.002660,,,,-0.002660
25785,1990-04-09,F,FORD MOTOR CO DEL,,,46.62500,47.12500,46.87500,379600,0.000000,,,,0.000000
25785,1990-04-10,F,FORD MOTOR CO DEL,,,46.75000,47.00000,46.87500,322500,0.000000,,,,0.000000
25785,1990-04-11,F,FORD MOTOR CO DEL,,,46.37500,46.87500,46.50000,379700,-0.008000,,,,-0.008000
25785,1990-04-12,F,FORD MOTOR CO DEL,,,46.25000,46.50000,46.50000,252900,0.000000,,,,0.000000
25785,1990-04-16,F,FORD MOTOR CO DEL,,,46.50000,47.00000,46.75000,909200,0.005376,,,,0.005376
25785,1990-04-17,F,FORD MOTOR CO DEL,,,46.50000,47.25000,47.12500,511300,0.008021,,,,0.008021
25785,1990-04-18,F,FORD MOTOR CO DEL,,,46.87500,48.12500,48.00000,1212500,0.018568,,,,0.018568
25785,1990-04-19,F,FORD MOTOR CO DEL,,,47.75000,48.62500,48.25000,922600,0.005208,,,,0.005208
25785,1990-04-20,F,FORD MOTOR CO DEL,,,47.50000,48.25000,48.00000,1175800,-0.005181,,,,-0.005181
25785,1990-04-23,F,FORD MOTOR CO DEL,,,47.25000,47.75000,47.50000,579300,-0.010417,,,,-0.010417
25785,1990-04-24,F,FORD MOTOR CO DEL,,,46.50000,47.75000,46.75000,567700,-0.015789,,,,-0.015789
25785,1990-04-25,F,FORD MOTOR CO DEL,,,46.12500,46.87500,46.50000,1042100,-0.005348,,,,-0.005348
25785,1990-04-26,F,FORD MOTOR CO DEL,,,44.87500,46.00000,45.50000,711400,-0.005376,,,,-0.021505
25785,1990-04-27,F,FORD MOTOR CO DEL,,,44.37500,45.75000,44.37500,511600,-0.024725,,,,-0.024725
25785,1990-04-30,F,FORD MOTOR CO DEL,,,43.75000,44.25000,44.12500,701700,-0.005634,,,,-0.005634
25785,1990-05-01,F,FORD MOTOR CO DEL,,,44.12500,45.00000,44.37500,638800,0.005666,,,,0.005666
25785,1990-05-02,F,FORD MOTOR CO DEL,,,44.50000,45.50000,45.50000,588800,0.025352,,,,0.025352
25785,1990-05-03,F,FORD MOTOR CO DEL,,,45.50000,46.00000,45.62500,721700,0.002747,,,,0.002747
25785,1990-05-04,F,FORD MOTOR CO DEL,,,45.50000,46.12500,45.87500,451200,0.005479,,,,0.005479
25785,1990-05-07,F,FORD MOTOR CO DEL,,,45.62500,46.12500,45.75000,397200,-0.002725,,,,-0.002725
25785,1990-05-08,F,FORD MOTOR CO DEL,,,45.50000,46.37500,46.37500,616700,0.013661,,,,0.013661
25785,1990-05-09,F,FORD MOTOR CO DEL,,,45.62500,46.37500,45.87500,565100,-0.010782,,,,-0.010782
25785,1990-05-10,F,FORD MOTOR CO DEL,,,45.37500,46.00000,45.50000,444700,-0.008174,,,,-0.008174
25785,1990-05-11,F,FORD MOTOR CO DEL,,,45.50000,46.87500,46.37500,910400,0.019231,,,,0.019231
25785,1990-05-14,F,FORD MOTOR CO DEL,,,46.25000,47.75000,47.50000,1185100,0.024259,,,,0.024259
25785,1990-05-15,F,FORD MOTOR CO DEL,,,47.37500,48.50000,47.75000,785000,0.005263,,,,0.005263
25785,1990-05-16,F,FORD MOTOR CO DEL,,,47.37500,48.12500,47.75000,644900,0.000000,,,,0.000000
25785,1990-05-17,F,FORD MOTOR CO DEL,,,47.62500,48.75000,47.75000,667300,0.000000,,,,0.000000
25785,1990-05-18,F,FORD MOTOR CO DEL,,,46.75000,47.75000,47.12500,927200,-0.013089,,,,-0.013089
25785,1990-05-21,F,FORD MOTOR CO DEL,,,46.75000,47.75000,47.62500,473000,0.010610,,,,0.010610
25785,1990-05-22,F,FORD MOTOR CO DEL,,,47.12500,48.25000,47.62500,818800,0.000000,,,,0.000000
25785,1990-05-23,F,FORD MOTOR CO DEL,,,46.75000,47.50000,47.12500,757200,-0.010499,,,,-0.010499
25785,1990-05-24,F,FORD MOTOR CO DEL,,,46.50000,47.25000,46.50000,722000,-0.013263,,,,-0.013263
25785,1990-05-25,F,FORD MOTOR CO DEL,,,46.37500,46.87500,46.62500,637600,0.002688,,,,0.002688
25785,1990-05-29,F,FORD MOTOR CO DEL,,,46.25000,47.12500,47.12500,884800,0.010724,,,,0.010724
25785,1990-05-30,F,FORD MOTOR CO DEL,,,46.37500,47.25000,46.50000,917600,-0.013263,,,,-0.013263
25785,1990-05-31,F,FORD MOTOR CO DEL,,,45.87500,46.50000,46.12500,713400,-0.008065,,,,-0.008065
25785,1990-06-01,F,FORD MOTOR CO DEL,,,45.75000,47.25000,46.87500,1842700,0.016260,,,,0.016260
25785,1990-06-04,F,FORD MOTOR CO DEL,,,46.25000,48.12500,48.00000,920800,0.024000,,,,0.024000
25785,1990-06-05,F,FORD MOTOR CO DEL,,,47.12500,48.12500,47.37500,694600,-0.013021,,,,-0.013021
25785,1990-06-06,F,FORD MOTOR CO DEL,,,46.25000,47.12500,46.50000,806700,-0.018470,,,,-0.018470
25785,1990-06-07,F,FORD MOTOR CO DEL,,,45.75000,46.62500,46.25000,715000,-0.005376,,,,-0.005376
25785,1990-06-08,F,FORD MOTOR CO DEL,,,45.75000,46.75000,45.87500,425600,-0.008108,,,,-0.008108
25785,1990-06-11,F,FORD MOTOR CO DEL,,,45.75000,46.37500,46.00000,656900,0.002725,,,,0.002725
25785,1990-06-12,F,FORD MOTOR CO DEL,,,45.75000,47.00000,46.62500,768200,0.013587,,,,0.013587
25785,1990-06-13,F,FORD MOTOR CO DEL,,,46.00000,46.87500,46.37500,571300,-0.005362,,,,-0.005362
25785,1990-06-14,F,FORD MOTOR CO DEL,,,45.75000,46.37500,46.37500,723900,0.000000,,,,0.000000
25785,1990-06-15,F,FORD MOTOR CO DEL,,,45.62500,46.12500,45.75000,1579600,-0.013477,,,,-0.013477
25785,1990-06-18,F,FORD MOTOR CO DEL,,,44.87500,45.62500,44.87500,992300,-0.019126,,,,-0.019126
25785,1990-06-19,F,FORD MOTOR CO DEL,,,44.62500,45.37500,45.00000,547300,0.002786,,,,0.002786
25785,1990-06-20,F,FORD MOTOR CO DEL,,,44.50000,45.50000,44.87500,491700,-0.002778,,,,-0.002778
25785,1990-06-21,F,FORD MOTOR CO DEL,,,44.37500,45.37500,44.50000,620500,-0.008357,,,,-0.008357
25785,1990-06-22,F,FORD MOTOR CO DEL,,,44.25000,45.00000,44.37500,721300,-0.002809,,,,-0.002809
25785,1990-06-25,F,FORD MOTOR CO DEL,,,43.75000,44.50000,43.75000,573800,-0.014085,,,,-0.014085
25785,1990-06-26,F,FORD MOTOR CO DEL,,,43.37500,44.25000,43.37500,481900,-0.008571,,,,-0.008571
25785,1990-06-27,F,FORD MOTOR CO DEL,,,43.25000,43.87500,43.75000,480200,0.008646,,,,0.008646
25785,1990-06-28,F,FORD MOTOR CO DEL,,,43.75000,44.12500,43.87500,369800,0.002857,,,,0.002857
25785,1990-06-29,F,FORD MOTOR CO DEL,,,43.62500,44.12500,43.75000,585600,-0.002849,,,,-0.002849
25785,1990-07-02,F,FORD MOTOR CO DEL,,,43.50000,44.50000,44.37500,634800,0.014286,,,,0.014286
25785,1990-07-03,F,FORD MOTOR CO DEL,,,44.62500,45.25000,45.00000,418000,0.014085,,,,0.014085
25785,1990-07-05,F,FORD MOTOR CO DEL,,,43.62500,45.12500,44.00000,696700,-0.022222,,,,-0.022222
25785,1990-07-06,F,FORD MOTOR CO DEL,,,43.87500,44.25000,44.00000,315800,0.000000,,,,0.000000
25785,1990-07-09,F,FORD MOTOR CO DEL,,,43.75000,44.50000,44.25000,405600,0.005682,,,,0.005682
25785,1990-07-10,F,FORD MOTOR CO DEL,,,43.25000,44.50000,43.25000,571700,-0.022599,,,,-0.022599
25785,1990-07-11,F,FORD MOTOR CO DEL,,,42.87500,43.62500,43.00000,1420000,-0.005780,,,,-0.005780
25785,1990-07-12,F,FORD MOTOR CO DEL,,,42.75000,44.00000,44.00000,747400,0.023256,,,,0.023256
25785,1990-07-13,F,FORD MOTOR CO DEL,,,43.87500,44.87500,44.25000,621300,0.005682,,,,0.005682
25785,1990-07-16,F,FORD MOTOR CO DEL,,,43.62500,44.62500,43.62500,631800,-0.014124,,,,-0.014124
25785,1990-07-17,F,FORD MOTOR CO DEL,,,42.87500,43.87500,43.75000,802500,0.002865,,,,0.002865
25785,1990-07-18,F,FORD MOTOR CO DEL,,,43.12500,43.75000,43.50000,675100,-0.005714,,,,-0.005714
25785,1990-07-19,F,FORD MOTOR CO DEL,,,43.12500,44.25000,44.12500,581400,0.014368,,,,0.014368
25785,1990-07-20,F,FORD MOTOR CO DEL,,,43.12500,44.50000,43.25000,1087800,-0.019830,,,,-0.019830
25785,1990-07-23,F,FORD MOTOR CO DEL,,,42.00000,43.25000,42.87500,1170600,-0.008671,,,,-0.008671
25785,1990-07-24,F,FORD MOTOR CO DEL,,,41.87500,43.00000,42.37500,809800,-0.011662,,,,-0.011662
25785,1990-07-25,F,FORD MOTOR CO DEL,,,41.75000,42.37500,42.25000,677600,-0.002950,,,,-0.002950
25785,1990-07-26,F,FORD MOTOR CO DEL,,,41.12500,42.25000,41.87500,1926800,-0.008876,,,,-0.008876
25785,1990-07-27,F,FORD MOTOR CO DEL,,,40.75000,41.50000,41.50000,880000,0.008955,,,,-0.008955
25785,1990-07-30,F,FORD MOTOR CO DEL,,,41.25000,41.75000,41.62500,585300,0.003012,,,,0.003012
25785,1990-07-31,F,FORD MOTOR CO DEL,,,41.12500,41.87500,41.50000,799000,-0.003003,,,,-0.003003
25785,1990-08-01,F,FORD MOTOR CO DEL,,,41.00000,41.62500,41.12500,748900,-0.009036,,,,-0.009036
25785,1990-08-02,F,FORD MOTOR CO DEL,,,39.75000,40.87500,39.87500,1511000,-0.030395,,,,-0.030395
25785,1990-08-03,F,FORD MOTOR CO DEL,,,37.75000,40.00000,39.87500,1540800,0.000000,,,,0.000000
25785,1990-08-06,F,FORD MOTOR CO DEL,,,37.75000,39.25000,38.50000,1429900,-0.034483,,,,-0.034483
25785,1990-08-07,F,FORD MOTOR CO DEL,,,37.75000,39.25000,38.00000,1257600,-0.012987,,,,-0.012987
25785,1990-08-08,F,FORD MOTOR CO DEL,,,38.00000,38.62500,38.12500,1080800,0.003289,,,,0.003289
25785,1990-08-09,F,FORD MOTOR CO DEL,,,37.87500,38.50000,38.25000,752900,0.003279,,,,0.003279
25785,1990-08-10,F,FORD MOTOR CO DEL,,,37.50000,38.50000,37.75000,595200,-0.013072,,,,-0.013072
25785,1990-08-13,F,FORD MOTOR CO DEL,,,37.00000,37.75000,37.50000,656700,-0.006623,,,,-0.006623
25785,1990-08-14,F,FORD MOTOR CO DEL,,,37.37500,38.25000,38.00000,764200,0.013333,,,,0.013333
25785,1990-08-15,F,FORD MOTOR CO DEL,,,37.50000,38.50000,38.12500,801000,0.003289,,,,0.003289
25785,1990-08-16,F,FORD MOTOR CO DEL,,,37.00000,37.75000,37.00000,649600,-0.029508,,,,-0.029508
25785,1990-08-17,F,FORD MOTOR CO DEL,,,35.75000,36.87500,36.25000,1361100,-0.020270,,,,-0.020270
25785,1990-08-20,F,FORD MOTOR CO DEL,,,35.62500,36.50000,36.00000,667500,-0.006897,,,,-0.006897
25785,1990-08-21,F,FORD MOTOR CO DEL,,,34.75000,35.87500,35.00000,1060100,-0.027778,,,,-0.027778
25785,1990-08-22,F,FORD MOTOR CO DEL,,,34.00000,35.37500,34.25000,1369100,-0.021429,,,,-0.021429
25785,1990-08-23,F,FORD MOTOR CO DEL,,,33.12500,34.75000,33.12500,1558200,-0.032847,,,,-0.032847
25785,1990-08-24,F,FORD MOTOR CO DEL,,,33.25000,34.75000,34.37500,1615400,0.037736,,,,0.037736
25785,1990-08-27,F,FORD MOTOR CO DEL,,,35.25000,36.50000,35.50000,1549500,0.032727,,,,0.032727
25785,1990-08-28,F,FORD MOTOR CO DEL,,,35.25000,36.50000,35.87500,1089700,0.010563,,,,0.010563
25785,1990-08-29,F,FORD MOTOR CO DEL,,,35.50000,36.00000,35.87500,902400,0.000000,,,,0.000000
25785,1990-08-30,F,FORD MOTOR CO DEL,,,34.62500,36.00000,34.75000,601100,-0.031359,,,,-0.031359
25785,1990-08-31,F,FORD MOTOR CO DEL,,,34.37500,35.00000,34.87500,788100,0.003597,,,,0.003597
25785,1990-09-04,F,FORD MOTOR CO DEL,,,34.25000,34.75000,34.75000,604800,-0.003584,,,,-0.003584
25785,1990-09-05,F,FORD MOTOR CO DEL,,,34.62500,35.25000,34.62500,947100,-0.003597,,,,-0.003597
25785,1990-09-06,F,FORD MOTOR CO DEL,,,34.00000,34.62500,34.25000,536000,-0.010830,,,,-0.010830
25785,1990-09-07,F,FORD MOTOR CO DEL,,,34.00000,35.37500,35.12500,670600,0.025547,,,,0.025547
25785,1990-09-10,F,FORD MOTOR CO DEL,,,34.75000,35.75000,34.87500,396300,-0.007117,,,,-0.007117
25785,1990-09-11,F,FORD MOTOR CO DEL,,,34.62500,35.25000,35.12500,334000,0.007168,,,,0.007168
25785,1990-09-12,F,FORD MOTOR CO DEL,,,34.87500,35.75000,35.50000,458700,0.010676,,,,0.010676
25785,1990-09-13,F,FORD MOTOR CO DEL,,,34.62500,35.50000,34.75000,689600,-0.021127,,,,-0.021127
25785,1990-09-14,F,FORD MOTOR CO DEL,,,34.25000,34.75000,34.62500,681700,-0.003597,,,,-0.003597
25785,1990-09-17,F,FORD MOTOR CO DEL,,,34.37500,34.87500,34.75000,406100,0.003610,,,,0.003610
25785,1990-09-18,F,FORD MOTOR CO DEL,,,34.50000,35.25000,35.25000,627000,0.014388,,,,0.014388
25785,1990-09-19,F,FORD MOTOR CO DEL,,,34.75000,35.50000,34.75000,521400,-0.014184,,,,-0.014184
25785,1990-09-20,F,FORD MOTOR CO DEL,,,33.62500,34.87500,33.75000,704100,-0.028777,,,,-0.028777
25785,1990-09-21,F,FORD MOTOR CO DEL,,,33.00000,33.87500,33.87500,1173300,0.003704,,,,0.003704
25785,1990-09-24,F,FORD MOTOR CO DEL,,,32.50000,34.00000,32.87500,804600,-0.029520,,,,-0.029520
25785,1990-09-25,F,FORD MOTOR CO DEL,,,32.75000,33.25000,33.12500,656500,0.007605,,,,0.007605
25785,1990-09-26,F,FORD MOTOR CO DEL,,,32.25000,32.87500,32.37500,678600,-0.022642,,,,-0.022642
25785,1990-09-27,F,FORD MOTOR CO DEL,,,31.50000,32.87500,31.75000,914800,-0.019305,,,,-0.019305
25785,1990-09-28,F,FORD MOTOR CO DEL,,,30.37500,31.12500,30.87500,1253700,-0.027559,,,,-0.027559
25785,1990-10-01,F,FORD MOTOR CO DEL,,,30.50000,31.25000,31.25000,1211600,0.012146,,,,0.012146
25785,1990-10-02,F,FORD MOTOR CO DEL,,,31.50000,32.75000,32.25000,816800,0.032000,,,,0.032000
25785,1990-10-03,F,FORD MOTOR CO DEL,,,31.87500,32.50000,32.25000,716300,0.000000,,,,0.000000
25785,1990-10-04,F,FORD MOTOR CO DEL,,,31.50000,32.00000,32.00000,1211200,-0.007752,,,,-0.007752
25785,1990-10-05,F,FORD MOTOR CO DEL,,,31.12500,33.00000,32.62500,775200,0.019531,,,,0.019531
25785,1990-10-08,F,FORD MOTOR CO DEL,,,32.50000,33.00000,32.75000,286000,0.003831,,,,0.003831
25785,1990-10-09,F,FORD MOTOR CO DEL,,,30.62500,32.62500,31.00000,868000,-0.053435,,,,-0.053435
25785,1990-10-10,F,FORD MOTOR CO DEL,,,30.00000,31.00000,30.00000,1511400,-0.032258,,,,-0.032258
25785,1990-10-11,F,FORD MOTOR CO DEL,,,29.37500,30.12500,29.87500,2061800,-0.004167,,,,-0.004167
25785,1990-10-12,F,FORD MOTOR CO DEL,,,29.62500,31.75000,30.75000,1090700,0.029289,,,,0.029289
25785,1990-10-15,F,FORD MOTOR CO DEL,,,30.50000,31.87500,31.75000,1090700,0.032520,,,,0.032520
25785,1990-10-16,F,FORD MOTOR CO DEL,,,30.62500,32.37500,30.87500,750100,-0.027559,,,,-0.027559
25785,1990-10-17,F,FORD MOTOR CO DEL,,,30.62500,31.50000,30.62500,620600,-0.008097,,,,-0.008097
25785,1990-10-18,F,FORD MOTOR CO DEL,,,30.37500,31.25000,30.62500,1425500,0.000000,,,,0.000000
25785,1990-10-19,F,FORD MOTOR CO DEL,,,30.25000,31.37500,31.37500,1634000,0.024490,,,,0.024490
25785,1990-10-22,F,FORD MOTOR CO DEL,,,31.12500,32.37500,32.00000,767700,0.019920,,,,0.019920
25785,1990-10-23,F,FORD MOTOR CO DEL,,,31.62500,32.25000,31.75000,946800,-0.007813,,,,-0.007813
25785,1990-10-24,F,FORD MOTOR CO DEL,,,31.50000,32.25000,32.00000,630900,0.007874,,,,0.007874
25785,1990-10-25,F,FORD MOTOR CO DEL,,,31.50000,32.12500,31.75000,1402800,-0.007813,,,,-0.007813
25785,1990-10-26,F,FORD MOTOR CO DEL,,,29.75000,30.87500,29.75000,1172700,-0.039370,,,,-0.062992
25785,1990-10-29,F,FORD MOTOR CO DEL,,,29.50000,30.25000,29.62500,807500,-0.004202,,,,-0.004202
25785,1990-10-30,F,FORD MOTOR CO DEL,,,27.37500,29.50000,27.62500,2770200,-0.067511,,,,-0.067511
25785,1990-10-31,F,FORD MOTOR CO DEL,,,27.50000,28.25000,27.75000,1384100,0.004525,,,,0.004525
25785,1990-11-01,F,FORD MOTOR CO DEL,,,27.25000,27.87500,27.37500,2410100,-0.013514,,,,-0.013514
25785,1990-11-02,F,FORD MOTOR CO DEL,,,26.75000,27.25000,26.87500,1328200,-0.018265,,,,-0.018265
25785,1990-11-05,F,FORD MOTOR CO DEL,,,26.87500,27.62500,27.25000,1613900,0.013953,,,,0.013953
25785,1990-11-06,F,FORD MOTOR CO DEL,,,27.00000,27.62500,27.50000,692700,0.009174,,,,0.009174
25785,1990-11-07,F,FORD MOTOR CO DEL,,,26.62500,27.75000,26.75000,1453400,-0.027273,,,,-0.027273
25785,1990-11-08,F,FORD MOTOR CO DEL,,,26.25000,26.87500,26.50000,841200,-0.009346,,,,-0.009346
25785,1990-11-09,F,FORD MOTOR CO DEL,,,26.62500,27.75000,27.37500,985700,0.033019,,,,0.033019
25785,1990-11-12,F,FORD MOTOR CO DEL,,,27.75000,28.62500,28.50000,772300,0.041096,,,,0.041096
25785,1990-11-13,F,FORD MOTOR CO DEL,,,28.12500,28.50000,28.37500,615500,-0.004386,,,,-0.004386
25785,1990-11-14,F,FORD MOTOR CO DEL,,,28.37500,29.50000,29.50000,905100,0.039648,,,,0.039648
25785,1990-11-15,F,FORD MOTOR CO DEL,,,28.25000,29.50000,28.25000,1078100,-0.042373,,,,-0.042373
25785,1990-11-16,F,FORD MOTOR CO DEL,,,27.25000,28.00000,27.87500,2195200,-0.013274,,,,-0.013274
25785,1990-11-19,F,FORD MOTOR CO DEL,,,27.50000,28.25000,27.62500,1123600,-0.008969,,,,-0.008969
25785,1990-11-20,F,FORD MOTOR CO DEL,,,26.75000,27.75000,27.00000,1007900,-0.022624,,,,-0.022624
25785,1990-11-21,F,FORD MOTOR CO DEL,,,26.00000,26.87500,26.87500,943500,-0.004630,,,,-0.004630
25785,1990-11-23,F,FORD MOTOR CO DEL,,,26.75000,26.87500,26.87500,333800,0.000000,,,,0.000000
25785,1990-11-26,F,FORD MOTOR CO DEL,,,26.50000,27.75000,27.62500,809200,0.027907,,,,0.027907
25785,1990-11-27,F,FORD MOTOR CO DEL,,,27.00000,28.00000,27.00000,1100000,-0.022624,,,,-0.022624
25785,1990-11-28,F,FORD MOTOR CO DEL,,,27.00000,27.37500,27.00000,825000,0.000000,,,,0.000000
25785,1990-11-29,F,FORD MOTOR CO DEL,,,26.87500,27.50000,27.00000,790500,0.000000,,,,0.000000
25785,1990-11-30,F,FORD MOTOR CO DEL,,,26.50000,27.50000,27.37500,1177700,0.013889,,,,0.013889
25785,1990-12-03,F,FORD MOTOR CO DEL,,,26.87500,27.75000,27.37500,1169200,0.000000,,,,0.000000
25785,1990-12-04,F,FORD MOTOR CO DEL,,,27.00000,27.87500,27.75000,1287200,0.013699,,,,0.013699
25785,1990-12-05,F,FORD MOTOR CO DEL,,,27.25000,27.75000,27.50000,1027900,-0.009009,,,,-0.009009
25785,1990-12-06,F,FORD MOTOR CO DEL,,,27.50000,28.37500,27.62500,1863300,0.004545,,,,0.004545
25785,1990-12-07,F,FORD MOTOR CO DEL,,,27.37500,27.87500,27.62500,1062700,0.000000,,,,0.000000
25785,1990-12-10,F,FORD MOTOR CO DEL,,,27.25000,27.87500,27.87500,773400,0.009050,,,,0.009050
25785,1990-12-11,F,FORD MOTOR CO DEL,,,27.25000,28.37500,27.62500,995400,-0.008969,,,,-0.008969
25785,1990-12-12,F,FORD MOTOR CO DEL,,,26.00000,27.87500,26.12500,2547100,-0.054299,,,,-0.054299
25785,1990-12-13,F,FORD MOTOR CO DEL,,,25.50000,26.50000,25.75000,1680600,-0.014354,,,,-0.014354
25785,1990-12-14,F,FORD MOTOR CO DEL,,,25.12500,25.87500,25.25000,1464000,-0.019417,,,,-0.019417
25785,1990-12-17,F,FORD MOTOR CO DEL,,,25.00000,25.75000,25.62500,1145500,0.014851,,,,0.014851
25785,1990-12-18,F,FORD MOTOR CO DEL,,,25.50000,26.00000,25.75000,1269600,0.004878,,,,0.004878
25785,1990-12-19,F,FORD MOTOR CO DEL,,,25.62500,26.37500,25.62500,1271700,-0.004854,,,,-0.004854
25785,1990-12-20,F,FORD MOTOR CO DEL,,,25.00000,25.87500,25.50000,761300,-0.004878,,,,-0.004878
25785,1990-12-21,F,FORD MOTOR CO DEL,,,25.50000,26.37500,26.37500,1859500,0.034314,,,,0.034314
25785,1990-12-24,F,FORD MOTOR CO DEL,,,26.25000,26.50000,26.37500,459400,0.000000,,,,0.000000
25785,1990-12-26,F,FORD MOTOR CO DEL,,,26.25000,27.00000,26.62500,590100,0.009479,,,,0.009479
25785,1990-12-27,F,FORD MOTOR CO DEL,,,26.62500,27.00000,26.75000,608300,0.004695,,,,0.004695
25785,1990-12-28,F,FORD MOTOR CO DEL,,,26.37500,27.12500,26.75000,958400,0.000000,,,,0.000000
25785,1990-12-31,F,FORD MOTOR CO DEL,,,26.25000,26.75000,26.62500,956000,-0.004673,,,,-0.004673
25785,1991-01-02,F,FORD MOTOR CO DEL,,,25.37500,26.75000,26.25000,566900,-0.014085,,,,-0.014085
25785,1991-01-03,F,FORD MOTOR CO DEL,,,26.00000,26.62500,26.00000,579100,-0.009524,,,,-0.009524
25785,1991-01-04,F,FORD MOTOR CO DEL,,,26.00000,26.75000,26.50000,586100,0.019231,,,,0.019231
25785,1991-01-07,F,FORD MOTOR CO DEL,,,25.50000,26.25000,25.50000,615700,-0.037736,,,,-0.037736
25785,1991-01-08,F,FORD MOTOR CO DEL,,,25.37500,25.87500,25.50000,555800,0.000000,,,,0.000000
25785,1991-01-09,F,FORD MOTOR CO DEL,,,25.12500,26.37500,25.12500,1028500,-0.014706,,,,-0.014706
25785,1991-01-10,F,FORD MOTOR CO DEL,,,25.00000,26.00000,25.62500,1307200,0.019900,,,,0.019900
25785,1991-01-11,F,FORD MOTOR CO DEL,,,25.37500,25.87500,25.50000,673600,-0.004878,,,,-0.004878
25785,1991-01-14,F,FORD MOTOR CO DEL,,,25.00000,25.62500,25.25000,693900,-0.009804,,,,-0.009804
25785,1991-01-15,F,FORD MOTOR CO DEL,,,25.37500,25.75000,25.62500,535800,0.014851,,,,0.014851
25785,1991-01-16,F,FORD MOTOR CO DEL,,,25.50000,26.00000,25.87500,405200,0.009756,,,,0.009756
25785,1991-01-17,F,FORD MOTOR CO DEL,,,26.37500,28.00000,26.50000,2238900,0.024155,,,,0.024155
25785,1991-01-18,F,FORD MOTOR CO DEL,,,26.12500,26.87500,26.87500,1570600,0.014151,,,,0.014151
25785,1991-01-21,F,FORD MOTOR CO DEL,,,26.37500,26.62500,26.50000,615800,-0.013953,,,,-0.013953
25785,1991-01-22,F,FORD MOTOR CO DEL,,,26.37500,26.87500,26.62500,569200,0.004717,,,,0.004717
25785,1991-01-23,F,FORD MOTOR CO DEL,,,26.50000,27.75000,27.62500,3097300,0.037559,,,,0.037559
25785,1991-01-24,F,FORD MOTOR CO DEL,,,26.50000,27.12500,26.75000,971000,-0.004525,,,,-0.031674
25785,1991-01-25,F,FORD MOTOR CO DEL,,,26.00000,26.75000,26.25000,831600,-0.018692,,,,-0.018692
25785,1991-01-28,F,FORD MOTOR CO DEL,,,26.00000,26.62500,26.25000,638300,0.000000,,,,0.000000
25785,1991-01-29,F,FORD MOTOR CO DEL,,,26.00000,26.75000,26.75000,542700,0.019048,,,,0.019048
25785,1991-01-30,F,FORD MOTOR CO DEL,,,26.62500,27.87500,27.87500,2252000,0.042056,,,,0.042056
25785,1991-01-31,F,FORD MOTOR CO DEL,,,27.62500,28.00000,28.00000,1365900,0.004484,,,,0.004484
25785,1991-02-01,F,FORD MOTOR CO DEL,,,28.37500,29.50000,28.50000,2243700,0.017857,,,,0.017857
25785,1991-02-04,F,FORD MOTOR CO DEL,,,29.25000,30.12500,29.62500,1294900,0.039474,,,,0.039474
25785,1991-02-05,F,FORD MOTOR CO DEL,,,28.75000,29.50000,29.37500,1806200,-0.008439,,,,-0.008439
25785,1991-02-06,F,FORD MOTOR CO DEL,,,28.87500,29.87500,29.75000,1511700,0.012766,,,,0.012766
25785,1991-02-07,F,FORD MOTOR CO DEL,,,29.50000,31.37500,29.87500,2175300,0.004202,,,,0.004202
25785,1991-02-08,F,FORD MOTOR CO DEL,,,29.75000,31.12500,31.00000,1476300,0.037657,,,,0.037657
25785,1991-02-11,F,FORD MOTOR CO DEL,,,31.00000,32.62500,32.50000,1854900,0.048387,,,,0.048387
25785,1991-02-12,F,FORD MOTOR CO DEL,,,31.00000,32.62500,31.12500,1771300,-0.042308,,,,-0.042308
25785,1991-02-13,F,FORD MOTOR CO DEL,,,30.37500,31.25000,30.75000,1000500,-0.012048,,,,-0.012048
25785,1991-02-14,F,FORD MOTOR CO DEL,,,29.87500,30.87500,30.50000,1332900,-0.008130,,,,-0.008130
25785,1991-02-15,F,FORD MOTOR CO DEL,,,30.87500,32.00000,31.37500,2286700,0.028689,,,,0.028689
25785,1991-02-19,F,FORD MOTOR CO DEL,,,30.62500,31.37500,30.62500,2124900,-0.023904,,,,-0.023904
25785,1991-02-20,F,FORD MOTOR CO DEL,,,29.62500,30.37500,29.75000,1223500,-0.028571,,,,-0.028571
25785,1991-02-21,F,FORD MOTOR CO DEL,,,29.50000,30.00000,29.62500,770100,-0.004202,,,,-0.004202
25785,1991-02-22,F,FORD MOTOR CO DEL,,,29.37500,29.75000,29.50000,1129500,-0.004219,,,,-0.004219
25785,1991-02-25,F,FORD MOTOR CO DEL,,,29.50000,30.00000,30.00000,1265900,0.016949,,,,0.016949
25785,1991-02-26,F,FORD MOTOR CO DEL,,,29.12500,29.75000,29.50000,1267500,-0.016667,,,,-0.016667
25785,1991-02-27,F,FORD MOTOR CO DEL,,,29.50000,30.75000,30.50000,2287700,0.033898,,,,0.033898
25785,1991-02-28,F,FORD MOTOR CO DEL,,,31.75000,32.87500,32.62500,4727000,0.069672,,,,0.069672
25785,1991-03-01,F,FORD MOTOR CO DEL,,,32.00000,33.50000,33.25000,4132700,0.019157,,,,0.019157
25785,1991-03-04,F,FORD MOTOR CO DEL,,,33.00000,33.50000,33.12500,1399200,-0.003759,,,,-0.003759
25785,1991-03-05,F,FORD MOTOR CO DEL,,,33.12500,34.12500,34.00000,1645600,0.026415,,,,0.026415
25785,1991-03-06,F,FORD MOTOR CO DEL,,,34.00000,34.87500,34.12500,2582200,0.003676,,,,0.003676
25785,1991-03-07,F,FORD MOTOR CO DEL,,,34.12500,34.50000,34.12500,873900,0.000000,,,,0.000000
25785,1991-03-08,F,FORD MOTOR CO DEL,,,33.75000,34.50000,34.00000,1202900,-0.003663,,,,-0.003663
25785,1991-03-11,F,FORD MOTOR CO DEL,,,33.50000,34.12500,33.75000,814800,-0.007353,,,,-0.007353
25785,1991-03-12,F,FORD MOTOR CO DEL,,,33.50000,34.25000,33.75000,1047700,0.000000,,,,0.000000
25785,1991-03-13,F,FORD MOTOR CO DEL,,,33.62500,34.37500,34.12500,906000,0.011111,,,,0.011111
25785,1991-03-14,F,FORD MOTOR CO DEL,,,33.75000,35.00000,34.25000,1444100,0.003663,,,,0.003663
25785,1991-03-15,F,FORD MOTOR CO DEL,,,34.12500,34.62500,34.50000,1403400,0.007299,,,,0.007299
25785,1991-03-18,F,FORD MOTOR CO DEL,,,34.25000,35.25000,34.75000,1278900,0.007246,,,,0.007246
25785,1991-03-19,F,FORD MOTOR CO DEL,,,33.50000,34.00000,33.62500,968400,-0.032374,,,,-0.032374
25785,1991-03-20,F,FORD MOTOR CO DEL,,,32.75000,33.87500,32.87500,996700,-0.022305,,,,-0.022305
25785,1991-03-21,F,FORD MOTOR CO DEL,,,32.12500,33.37500,32.12500,904300,-0.022814,,,,-0.022814
25785,1991-03-22,F,FORD MOTOR CO DEL,,,32.25000,33.00000,32.75000,607000,0.019455,,,,0.019455
25785,1991-03-25,F,FORD MOTOR CO DEL,,,32.62500,33.12500,32.75000,724800,0.000000,,,,0.000000
25785,1991-03-26,F,FORD MOTOR CO DEL,,,32.50000,33.62500,33.50000,1153700,0.022901,,,,0.022901
25785,1991-03-27,F,FORD MOTOR CO DEL,,,32.87500,33.75000,33.00000,931300,-0.014925,,,,-0.014925
25785,1991-03-28,F,FORD MOTOR CO DEL,,,32.37500,33.12500,32.37500,840100,-0.018939,,,,-0.018939
25785,1991-04-01,F,FORD MOTOR CO DEL,,,31.50000,32.37500,31.75000,1055600,-0.019305,,,,-0.019305
25785,1991-04-02,F,FORD MOTOR CO DEL,,,31.75000,32.50000,32.37500,1282600,0.019685,,,,0.019685
25785,1991-04-03,F,FORD MOTOR CO DEL,,,32.00000,32.87500,32.12500,1357600,-0.007722,,,,-0.007722
25785,1991-04-04,F,FORD MOTOR CO DEL,,,31.37500,32.37500,31.62500,1129700,-0.015564,,,,-0.015564
25785,1991-04-05,F,FORD MOTOR CO DEL,,,31.00000,31.87500,31.00000,1418800,-0.019763,,,,-0.019763
25785,1991-04-08,F,FORD MOTOR CO DEL,,,30.62500,31.37500,31.12500,701300,0.004032,,,,0.004032
25785,1991-04-09,F,FORD MOTOR CO DEL,,,31.25000,31.75000,31.62500,771700,0.016064,,,,0.016064
25785,1991-04-10,F,FORD MOTOR CO DEL,,,31.50000,32.25000,31.87500,1049700,0.007905,,,,0.007905
25785,1991-04-11,F,FORD MOTOR CO DEL,,,31.50000,32.25000,31.87500,1020300,0.000000,,,,0.000000
25785,1991-04-12,F,FORD MOTOR CO DEL,,,31.25000,32.12500,31.50000,821100,-0.011765,,,,-0.011765
25785,1991-04-15,F,FORD MOTOR CO DEL,,,31.37500,31.87500,31.62500,612100,0.003968,,,,0.003968
25785,1991-04-16,F,FORD MOTOR CO DEL,,,31.25000,32.12500,32.12500,875800,0.015810,,,,0.015810
25785,1991-04-17,F,FORD MOTOR CO DEL,,,31.75000,32.50000,32.50000,1382400,0.011673,,,,0.011673
25785,1991-04-18,F,FORD MOTOR CO DEL,,,32.37500,33.87500,33.75000,1875500,0.038462,,,,0.038462
25785,1991-04-19,F,FORD MOTOR CO DEL,,,33.25000,34.37500,33.87500,1394900,0.003704,,,,0.003704
25785,1991-04-22,F,FORD MOTOR CO DEL,,,32.62500,34.12500,32.62500,1108800,-0.036900,,,,-0.036900
25785,1991-04-23,F,FORD MOTOR CO DEL,,,32.75000,33.12500,33.00000,598000,0.011494,,,,0.011494
25785,1991-04-24,F,FORD MOTOR CO DEL,,,32.62500,33.25000,33.25000,650500,0.007576,,,,0.007576
25785,1991-04-25,F,FORD MOTOR CO DEL,,,32.75000,33.87500,32.75000,1118800,-0.015038,,,,-0.015038
25785,1991-04-26,F,FORD MOTOR CO DEL,,,31.87500,32.75000,32.62500,569600,0.008397,,,,-0.003817
25785,1991-04-29,F,FORD MOTOR CO DEL,,,31.87500,32.75000,31.87500,696800,-0.022989,,,,-0.022989
25785,1991-04-30,F,FORD MOTOR CO DEL,,,31.75000,33.00000,32.50000,1055100,0.019608,,,,0.019608
25785,1991-05-01,F,FORD MOTOR CO DEL,,,32.37500,33.50000,33.50000,1193800,0.030769,,,,0.030769
25785,1991-05-02,F,FORD MOTOR CO DEL,,,33.12500,33.50000,33.50000,784700,0.000000,,,,0.000000
25785,1991-05-03,F,FORD MOTOR CO DEL,,,33.37500,34.62500,34.25000,1326400,0.022388,,,,0.022388
25785,1991-05-06,F,FORD MOTOR CO DEL,,,33.25000,34.12500,33.37500,520500,-0.025547,,,,-0.025547
25785,1991-05-07,F,FORD MOTOR CO DEL,,,32.75000,33.50000,32.75000,983500,-0.018727,,,,-0.018727
25785,1991-05-08,F,FORD MOTOR CO DEL,,,32.00000,32.87500,32.50000,595500,-0.007634,,,,-0.007634
25785,1991-05-09,F,FORD MOTOR CO DEL,,,32.62500,33.25000,33.00000,2050000,0.015385,,,,0.015385
25785,1991-05-10,F,FORD MOTOR CO DEL,,,32.37500,33.37500,32.62500,775600,-0.011364,,,,-0.011364
25785,1991-05-13,F,FORD MOTOR CO DEL,,,32.12500,32.87500,32.50000,596000,-0.003831,,,,-0.003831
25785,1991-05-14,F,FORD MOTOR CO DEL,,,31.75000,32.37500,31.75000,737400,-0.023077,,,,-0.023077
25785,1991-05-15,F,FORD MOTOR CO DEL,,,31.37500,32.00000,31.87500,821900,0.003937,,,,0.003937
25785,1991-05-16,F,FORD MOTOR CO DEL,,,31.87500,32.25000,32.12500,437600,0.007843,,,,0.007843
25785,1991-05-17,F,FORD MOTOR CO DEL,,,31.50000,32.12500,32.00000,1018800,-0.003891,,,,-0.003891
25785,1991-05-20,F,FORD MOTOR CO DEL,,,31.62500,32.12500,31.87500,357600,-0.003906,,,,-0.003906
25785,1991-05-21,F,FORD MOTOR CO DEL,,,31.87500,32.50000,32.37500,546100,0.015686,,,,0.015686
25785,1991-05-22,F,FORD MOTOR CO DEL,,,32.37500,32.87500,32.75000,708000,0.011583,,,,0.011583
25785,1991-05-23,F,FORD MOTOR CO DEL,,,32.50000,33.12500,32.75000,1032300,0.000000,,,,0.000000
25785,1991-05-24,F,FORD MOTOR CO DEL,,,32.75000,33.50000,33.37500,789300,0.019084,,,,0.019084
25785,1991-05-28,F,FORD MOTOR CO DEL,,,33.62500,34.75000,34.62500,1758200,0.037453,,,,0.037453
25785,1991-05-29,F,FORD MOTOR CO DEL,,,34.87500,36.25000,35.87500,3020300,0.036101,,,,0.036101
25785,1991-05-30,F,FORD MOTOR CO DEL,,,35.62500,36.50000,35.87500,1814800,0.000000,,,,0.000000
25785,1991-05-31,F,FORD MOTOR CO DEL,,,35.62500,37.00000,36.87500,2318100,0.027875,,,,0.027875
25785,1991-06-03,F,FORD MOTOR CO DEL,,,36.25000,36.75000,36.62500,1097100,-0.006780,,,,-0.006780
25785,1991-06-04,F,FORD MOTOR CO DEL,,,35.87500,36.87500,36.37500,963800,-0.006826,,,,-0.006826
25785,1991-06-05,F,FORD MOTOR CO DEL,,,35.50000,36.37500,35.75000,715900,-0.017182,,,,-0.017182
25785,1991-06-06,F,FORD MOTOR CO DEL,,,35.75000,36.12500,35.87500,1086700,0.003497,,,,0.003497
25785,1991-06-07,F,FORD MOTOR CO DEL,,,35.12500,35.87500,35.12500,853200,-0.020906,,,,-0.020906
25785,1991-06-10,F,FORD MOTOR CO DEL,,,34.25000,35.25000,34.25000,778500,-0.024911,,,,-0.024911
25785,1991-06-11,F,FORD MOTOR CO DEL,,,34.50000,36.00000,35.75000,969300,0.043796,,,,0.043796
25785,1991-06-12,F,FORD MOTOR CO DEL,,,35.00000,35.62500,35.25000,570600,-0.013986,,,,-0.013986
25785,1991-06-13,F,FORD MOTOR CO DEL,,,34.87500,35.37500,35.12500,1197000,-0.003546,,,,-0.003546
25785,1991-06-14,F,FORD MOTOR CO DEL,,,35.37500,36.87500,36.87500,1339800,0.049822,,,,0.049822
25785,1991-06-17,F,FORD MOTOR CO DEL,,,36.50000,37.00000,36.62500,933600,-0.006780,,,,-0.006780
25785,1991-06-18,F,FORD MOTOR CO DEL,,,36.62500,37.37500,37.00000,1156100,0.010239,,,,0.010239
25785,1991-06-19,F,FORD MOTOR CO DEL,,,36.37500,36.87500,36.62500,942900,-0.010135,,,,-0.010135
25785,1991-06-20,F,FORD MOTOR CO DEL,,,36.25000,36.75000,36.75000,470200,0.003413,,,,0.003413
25785,1991-06-21,F,FORD MOTOR CO DEL,,,36.75000,37.75000,37.75000,1473800,0.027211,,,,0.027211
25785,1991-06-24,F,FORD MOTOR CO DEL,,,36.62500,37.25000,36.62500,501700,-0.029801,,,,-0.029801
25785,1991-06-25,F,FORD MOTOR CO DEL,,,36.25000,37.00000,36.62500,594500,0.000000,,,,0.000000
25785,1991-06-26,F,FORD MOTOR CO DEL,,,35.75000,36.62500,36.37500,687400,-0.006826,,,,-0.006826
25785,1991-06-27,F,FORD MOTOR CO DEL,,,36.50000,37.00000,36.87500,477900,0.013746,,,,0.013746
25785,1991-06-28,F,FORD MOTOR CO DEL,,,35.75000,36.75000,36.00000,665700,-0.023729,,,,-0.023729
25785,1991-07-01,F,FORD MOTOR CO DEL,,,36.25000,36.87500,36.62500,532800,0.017361,,,,0.017361
25785,1991-07-02,F,FORD MOTOR CO DEL,,,36.50000,37.12500,36.75000,445500,0.003413,,,,0.003413
25785,1991-07-03,F,FORD MOTOR CO DEL,,,35.87500,36.37500,35.87500,595900,-0.023810,,,,-0.023810
25785,1991-07-05,F,FORD MOTOR CO DEL,,,35.50000,36.00000,35.62500,423000,-0.006969,,,,-0.006969
25785,1991-07-08,F,FORD MOTOR CO DEL,,,35.12500,36.00000,36.00000,1066100,0.010526,,,,0.010526
25785,1991-07-09,F,FORD MOTOR CO DEL,,,34.75000,36.00000,35.00000,710100,-0.027778,,,,-0.027778
25785,1991-07-10,F,FORD MOTOR CO DEL,,,34.87500,35.62500,35.12500,863600,0.003571,,,,0.003571
25785,1991-07-11,F,FORD MOTOR CO DEL,,,35.00000,35.50000,35.00000,432200,-0.003559,,,,-0.003559
25785,1991-07-12,F,FORD MOTOR CO DEL,,,35.12500,35.87500,35.62500,483200,0.017857,,,,0.017857
25785,1991-07-15,F,FORD MOTOR CO DEL,,,34.62500,35.62500,34.62500,384100,-0.028070,,,,-0.028070
25785,1991-07-16,F,FORD MOTOR CO DEL,,,34.50000,35.00000,35.00000,467300,0.010830,,,,0.010830
25785,1991-07-17,F,FORD MOTOR CO DEL,,,34.87500,35.37500,34.87500,287700,-0.003571,,,,-0.003571
25785,1991-07-18,F,FORD MOTOR CO DEL,,,34.25000,34.87500,34.87500,792500,0.000000,,,,0.000000
25785,1991-07-19,F,FORD MOTOR CO DEL,,,34.25000,34.87500,34.62500,807300,-0.007168,,,,-0.007168
25785,1991-07-22,F,FORD MOTOR CO DEL,,,34.00000,34.87500,34.37500,379700,-0.007220,,,,-0.007220
25785,1991-07-23,F,FORD MOTOR CO DEL,,,33.87500,34.50000,34.12500,439700,-0.007273,,,,-0.007273
25785,1991-07-24,F,FORD MOTOR CO DEL,,,33.75000,34.37500,33.75000,527800,-0.010989,,,,-0.010989
25785,1991-07-25,F,FORD MOTOR CO DEL,,,33.37500,34.37500,34.25000,651900,0.014815,,,,0.014815
25785,1991-07-26,F,FORD MOTOR CO DEL,,,33.75000,34.37500,33.75000,527700,-0.014599,,,,-0.014599
25785,1991-07-29,F,FORD MOTOR CO DEL,,,32.62500,33.50000,32.87500,729400,-0.014074,,,,-0.025926
25785,1991-07-30,F,FORD MOTOR CO DEL,,,32.75000,33.50000,33.50000,563500,0.019011,,,,0.019011
25785,1991-07-31,F,FORD MOTOR CO DEL,,,33.25000,33.75000,33.50000,488700,0.000000,,,,0.000000
25785,1991-08-01,F,FORD MOTOR CO DEL,,,32.87500,33.50000,32.87500,681200,-0.018657,,,,-0.018657
25785,1991-08-02,F,FORD MOTOR CO DEL,,,32.37500,33.12500,32.50000,758300,-0.011407,,,,-0.011407
25785,1991-08-05,F,FORD MOTOR CO DEL,,,31.75000,32.75000,32.00000,1099700,-0.015385,,,,-0.015385
25785,1991-08-06,F,FORD MOTOR CO DEL,,,31.75000,32.75000,32.62500,1140500,0.019531,,,,0.019531
25785,1991-08-07,F,FORD MOTOR CO DEL,,,32.37500,32.87500,32.50000,418600,-0.003831,,,,-0.003831
25785,1991-08-08,F,FORD MOTOR CO DEL,,,31.75000,32.75000,32.00000,483200,-0.015385,,,,-0.015385
25785,1991-08-09,F,FORD MOTOR CO DEL,,,30.62500,32.00000,31.00000,1356400,-0.031250,,,,-0.031250
25785,1991-08-12,F,FORD MOTOR CO DEL,,,30.75000,31.37500,31.12500,1063000,0.004032,,,,0.004032
25785,1991-08-13,F,FORD MOTOR CO DEL,,,31.25000,32.37500,31.75000,884400,0.020080,,,,0.020080
25785,1991-08-14,F,FORD MOTOR CO DEL,,,31.62500,32.12500,31.75000,632900,0.000000,,,,0.000000
25785,1991-08-15,F,FORD MOTOR CO DEL,,,31.25000,31.75000,31.25000,655000,-0.015748,,,,-0.015748
25785,1991-08-16,F,FORD MOTOR CO DEL,,,30.75000,31.37500,30.87500,967200,-0.012000,,,,-0.012000
25785,1991-08-19,F,FORD MOTOR CO DEL,,,29.25000,30.25000,29.87500,1447000,-0.032389,,,,-0.032389
25785,1991-08-20,F,FORD MOTOR CO DEL,,,29.50000,30.62500,29.62500,1940100,-0.008368,,,,-0.008368
25785,1991-08-21,F,FORD MOTOR CO DEL,,,30.12500,31.50000,31.25000,1762800,0.054852,,,,0.054852
25785,1991-08-22,F,FORD MOTOR CO DEL,,,30.12500,31.50000,30.12500,964300,-0.036000,,,,-0.036000
25785,1991-08-23,F,FORD MOTOR CO DEL,,,30.12500,32.00000,32.00000,1588800,0.062241,,,,0.062241
25785,1991-08-26,F,FORD MOTOR CO DEL,,,31.25000,32.00000,31.50000,701800,-0.015625,,,,-0.015625
25785,1991-08-27,F,FORD MOTOR CO DEL,,,30.75000,31.37500,31.00000,604500,-0.015873,,,,-0.015873
25785,1991-08-28,F,FORD MOTOR CO DEL,,,30.50000,31.75000,31.37500,830000,0.012097,,,,0.012097
25785,1991-08-29,F,FORD MOTOR CO DEL,,,31.37500,31.87500,31.62500,594300,0.007968,,,,0.007968
25785,1991-08-30,F,FORD MOTOR CO DEL,,,30.87500,31.87500,31.12500,527600,-0.015810,,,,-0.015810
25785,1991-09-03,F,FORD MOTOR CO DEL,,,30.50000,31.37500,31.00000,691200,-0.004016,,,,-0.004016
25785,1991-09-04,F,FORD MOTOR CO DEL,,,30.12500,31.12500,30.25000,810100,-0.024194,,,,-0.024194
25785,1991-09-05,F,FORD MOTOR CO DEL,,,30.25000,30.75000,30.37500,550000,0.004132,,,,0.004132
25785,1991-09-06,F,FORD MOTOR CO DEL,,,30.12500,30.75000,30.25000,652300,-0.004115,,,,-0.004115
25785,1991-09-09,F,FORD MOTOR CO DEL,,,30.00000,30.62500,30.50000,807300,0.008264,,,,0.008264
25785,1991-09-10,F,FORD MOTOR CO DEL,,,30.00000,30.50000,30.25000,662200,-0.008197,,,,-0.008197
25785,1991-09-11,F,FORD MOTOR CO DEL,,,29.87500,30.50000,30.50000,615500,0.008264,,,,0.008264
25785,1991-09-12,F,FORD MOTOR CO DEL,,,29.75000,30.50000,30.50000,981500,0.000000,,,,0.000000
25785,1991-09-13,F,FORD MOTOR CO DEL,,,29.87500,30.50000,30.00000,975800,-0.016393,,,,-0.016393
25785,1991-09-16,F,FORD MOTOR CO DEL,,,29.75000,30.12500,29.87500,947600,-0.004167,,,,-0.004167
25785,1991-09-17,F,FORD MOTOR CO DEL,,,29.50000,30.00000,29.87500,1167900,0.000000,,,,0.000000
25785,1991-09-18,F,FORD MOTOR CO DEL,,,29.50000,29.87500,29.87500,778300,0.000000,,,,0.000000
25785,1991-09-19,F,FORD MOTOR CO DEL,,,29.62500,30.37500,30.25000,881400,0.012552,,,,0.012552
25785,1991-09-20,F,FORD MOTOR CO DEL,,,29.50000,30.25000,29.50000,1156100,-0.024793,,,,-0.024793
25785,1991-09-23,F,FORD MOTOR CO DEL,,,29.12500,29.62500,29.25000,693100,-0.008475,,,,-0.008475
25785,1991-09-24,F,FORD MOTOR CO DEL,,,29.00000,29.50000,29.50000,939600,0.008547,,,,0.008547
25785,1991-09-25,F,FORD MOTOR CO DEL,,,29.12500,29.75000,29.37500,669700,-0.004237,,,,-0.004237
25785,1991-09-26,F,FORD MOTOR CO DEL,,,29.12500,30.62500,30.25000,1481800,0.029787,,,,0.029787
25785,1991-09-27,F,FORD MOTOR CO DEL,,,29.87500,30.62500,30.12500,958500,-0.004132,,,,-0.004132
25785,1991-09-30,F,FORD MOTOR CO DEL,,,29.75000,30.25000,30.00000,746500,-0.004149,,,,-0.004149
25785,1991-10-01,F,FORD MOTOR CO DEL,,,29.87500,30.25000,29.87500,414500,-0.004167,,,,-0.004167
25785,1991-10-02,F,FORD MOTOR CO DEL,,,29.62500,30.00000,29.62500,564100,-0.008368,,,,-0.008368
25785,1991-10-03,F,FORD MOTOR CO DEL,,,29.62500,30.25000,30.00000,812000,0.012658,,,,0.012658
25785,1991-10-04,F,FORD MOTOR CO DEL,,,30.25000,31.00000,31.00000,891400,0.033333,,,,0.033333
25785,1991-10-07,F,FORD MOTOR CO DEL,,,30.62500,31.50000,31.00000,760000,0.000000,,,,0.000000
25785,1991-10-08,F,FORD MOTOR CO DEL,,,30.25000,30.75000,30.62500,1100600,-0.012097,,,,-0.012097
25785,1991-10-09,F,FORD MOTOR CO DEL,,,29.75000,30.50000,29.87500,622200,-0.024490,,,,-0.024490
25785,1991-10-10,F,FORD MOTOR CO DEL,,,29.37500,30.37500,30.25000,771000,0.012552,,,,0.012552
25785,1991-10-11,F,FORD MOTOR CO DEL,,,29.75000,30.25000,30.00000,362400,-0.008264,,,,-0.008264
25785,1991-10-14,F,FORD MOTOR CO DEL,,,29.62500,30.12500,29.87500,507600,-0.004167,,,,-0.004167
25785,1991-10-15,F,FORD MOTOR CO DEL,,,29.37500,29.87500,29.50000,697200,-0.012552,,,,-0.012552
25785,1991-10-16,F,FORD MOTOR CO DEL,,,29.00000,29.50000,29.25000,924100,-0.008475,,,,-0.008475
25785,1991-10-17,F,FORD MOTOR CO DEL,,,28.87500,29.37500,29.25000,989000,0.000000,,,,0.000000
25785,1991-10-18,F,FORD MOTOR CO DEL,,,29.12500,29.50000,29.25000,971900,0.000000,,,,0.000000
25785,1991-10-21,F,FORD MOTOR CO DEL,,,28.75000,29.25000,29.00000,681100,-0.008547,,,,-0.008547
25785,1991-10-22,F,FORD MOTOR CO DEL,,,28.62500,29.37500,28.62500,1044500,-0.012931,,,,-0.012931
25785,1991-10-23,F,FORD MOTOR CO DEL,,,27.50000,28.75000,27.50000,1092300,-0.039301,,,,-0.039301
25785,1991-10-24,F,FORD MOTOR CO DEL,,,26.87500,27.50000,26.87500,1139700,-0.022727,,,,-0.022727
25785,1991-10-25,F,FORD MOTOR CO DEL,,,27.00000,27.87500,27.75000,1243500,0.032558,,,,0.032558
25785,1991-10-28,F,FORD MOTOR CO DEL,,,27.12500,27.50000,27.25000,791100,-0.003604,,,,-0.018018
25785,1991-10-29,F,FORD MOTOR CO DEL,,,26.87500,27.37500,27.12500,674900,-0.004587,,,,-0.004587
25785,1991-10-30,F,FORD MOTOR CO DEL,,,27.12500,27.75000,27.25000,999500,0.004608,,,,0.004608
25785,1991-10-31,F,FORD MOTOR CO DEL,,,27.00000,27.37500,27.12500,427900,-0.004587,,,,-0.004587
25785,1991-11-01,F,FORD MOTOR CO DEL,,,26.87500,27.50000,27.25000,850500,0.004608,,,,0.004608
25785,1991-11-04,F,FORD MOTOR CO DEL,,,26.62500,27.12500,26.75000,563800,-0.018349,,,,-0.018349
25785,1991-11-05,F,FORD MOTOR CO DEL,,,26.00000,26.87500,26.25000,935800,-0.018692,,,,-0.018692
25785,1991-11-06,F,FORD MOTOR CO DEL,,,26.25000,27.50000,26.50000,1169500,0.009524,,,,0.009524
25785,1991-11-07,F,FORD MOTOR CO DEL,,,26.25000,26.62500,26.37500,1182600,-0.004717,,,,-0.004717
25785,1991-11-08,F,FORD MOTOR CO DEL,,,26.00000,26.62500,26.12500,1229600,-0.009479,,,,-0.009479
25785,1991-11-11,F,FORD MOTOR CO DEL,,,25.00000,26.12500,25.12500,1528400,-0.038278,,,,-0.038278
25785,1991-11-12,F,FORD MOTOR CO DEL,,,25.00000,26.00000,25.75000,2925200,0.024876,,,,0.024876
25785,1991-11-13,F,FORD MOTOR CO DEL,,,25.25000,26.12500,25.50000,3192500,-0.009709,,,,-0.009709
25785,1991-11-14,F,FORD MOTOR CO DEL,,,25.25000,25.75000,25.75000,2982000,0.009804,,,,0.009804
25785,1991-11-15,F,FORD MOTOR CO DEL,,,25.12500,26.12500,25.12500,2530200,-0.024272,,,,-0.024272
25785,1991-11-18,F,FORD MOTOR CO DEL,,,25.00000,25.37500,25.37500,1859300,0.009950,,,,0.009950
25785,1991-11-19,F,FORD MOTOR CO DEL,,,24.75000,25.25000,25.12500,1813500,-0.009852,,,,-0.009852
25785,1991-11-20,F,FORD MOTOR CO DEL,,,24.25000,25.37500,24.37500,2121800,-0.029851,,,,-0.029851
25785,1991-11-21,F,FORD MOTOR CO DEL,,,24.00000,25.00000,25.00000,2495200,0.025641,,,,0.025641
25785,1991-11-22,F,FORD MOTOR CO DEL,,,24.25000,25.25000,24.62500,1073900,-0.015000,,,,-0.015000
25785,1991-11-25,F,FORD MOTOR CO DEL,,,24.00000,24.62500,24.25000,1519700,-0.015228,,,,-0.015228
25785,1991-11-26,F,FORD MOTOR CO DEL,,,23.62500,24.37500,24.12500,2843900,-0.005155,,,,-0.005155
25785,1991-11-27,F,FORD MOTOR CO DEL,,,24.00000,24.25000,24.00000,1039700,-0.005181,,,,-0.005181
25785,1991-11-29,F,FORD MOTOR CO DEL,,,23.75000,24.25000,24.00000,600800,0.000000,,,,0.000000
25785,1991-12-02,F,FORD MOTOR CO DEL,,,23.62500,24.62500,24.37500,1402700,0.015625,,,,0.015625
25785,1991-12-03,F,FORD MOTOR CO DEL,,,24.12500,24.75000,24.62500,1136500,0.010256,,,,0.010256
25785,1991-12-04,F,FORD MOTOR CO DEL,,,23.87500,24.75000,24.00000,1713600,-0.025381,,,,-0.025381
25785,1991-12-05,F,FORD MOTOR CO DEL,,,23.75000,24.50000,23.75000,740800,-0.010417,,,,-0.010417
25785,1991-12-06,F,FORD MOTOR CO DEL,,,23.37500,24.25000,24.00000,1570200,0.010526,,,,0.010526
25785,1991-12-09,F,FORD MOTOR CO DEL,,,23.50000,24.12500,23.75000,1094600,-0.010417,,,,-0.010417
25785,1991-12-10,F,FORD MOTOR CO DEL,,,23.50000,24.25000,24.12500,1220400,0.015789,,,,0.015789
25785,1991-12-11,F,FORD MOTOR CO DEL,,,23.50000,24.37500,24.12500,1003800,0.000000,,,,0.000000
25785,1991-12-12,F,FORD MOTOR CO DEL,,,24.37500,25.12500,25.00000,1356700,0.036269,,,,0.036269
25785,1991-12-13,F,FORD MOTOR CO DEL,,,24.50000,25.62500,25.37500,1384500,0.015000,,,,0.015000
25785,1991-12-16,F,FORD MOTOR CO DEL,,,24.50000,25.50000,24.62500,1047500,-0.029557,,,,-0.029557
25785,1991-12-17,F,FORD MOTOR CO DEL,,,24.50000,25.00000,24.75000,852600,0.005076,,,,0.005076
25785,1991-12-18,F,FORD MOTOR CO DEL,,,24.37500,24.87500,24.87500,1534200,0.005051,,,,0.005051
25785,1991-12-19,F,FORD MOTOR CO DEL,,,24.12500,24.75000,24.37500,810300,-0.020101,,,,-0.020101
25785,1991-12-20,F,FORD MOTOR CO DEL,,,24.62500,25.25000,25.25000,2198400,0.035897,,,,0.035897
25785,1991-12-23,F,FORD MOTOR CO DEL,,,25.12500,28.00000,27.87500,1522600,0.103960,,,,0.103960
25785,1991-12-24,F,FORD MOTOR CO DEL,,,27.87500,28.75000,28.12500,1464600,0.008969,,,,0.008969
25785,1991-12-26,F,FORD MOTOR CO DEL,,,27.87500,28.62500,28.37500,813100,0.008889,,,,0.008889
25785,1991-12-27,F,FORD MOTOR CO DEL,,,27.75000,28.50000,27.75000,689800,-0.022026,,,,-0.022026
25785,1991-12-30,F,FORD MOTOR CO DEL,,,27.12500,28.25000,28.25000,1577100,0.018018,,,,0.018018
25785,1991-12-31,F,FORD MOTOR CO DEL,,,27.37500,28.62500,28.12500,1502000,-0.004425,,,,-0.004425
25785,1992-01-02,F,FORD MOTOR CO DEL,,,27.75000,29.25000,29.12500,1897800,0.035556,,,,0.035556
25785,1992-01-03,F,FORD MOTOR CO DEL,,,29.37500,30.50000,30.37500,2482900,0.042918,,,,0.042918
25785,1992-01-06,F,FORD MOTOR CO DEL,,,30.62500,31.62500,30.87500,3279500,0.016461,,,,0.016461
25785,1992-01-07,F,FORD MOTOR CO DEL,,,30.25000,30.87500,30.50000,1669800,-0.012146,,,,-0.012146
25785,1992-01-08,F,FORD MOTOR CO DEL,,,29.62500,30.50000,30.37500,1546400,-0.004098,,,,-0.004098
25785,1992-01-09,F,FORD MOTOR CO DEL,,,30.25000,30.87500,30.50000,1270700,0.004115,,,,0.004115
25785,1992-01-10,F,FORD MOTOR CO DEL,,,29.37500,30.25000,30.00000,1385100,-0.016393,,,,-0.016393
25785,1992-01-13,F,FORD MOTOR CO DEL,,,30.25000,31.00000,30.87500,1571000,0.029167,,,,0.029167
25785,1992-01-14,F,FORD MOTOR CO DEL,,,30.62500,32.00000,31.50000,2813500,0.020243,,,,0.020243
25785,1992-01-15,F,FORD MOTOR CO DEL,,,31.37500,32.12500,32.00000,1712300,0.015873,,,,0.015873
25785,1992-01-16,F,FORD MOTOR CO DEL,,,31.87500,33.62500,33.00000,2358200,0.031250,,,,0.031250
25785,1992-01-17,F,FORD MOTOR CO DEL,,,32.62500,33.25000,33.00000,1753000,0.000000,,,,0.000000
25785,1992-01-20,F,FORD MOTOR CO DEL,,,32.37500,33.00000,32.75000,809300,-0.007576,,,,-0.007576
25785,1992-01-21,F,FORD MOTOR CO DEL,,,31.87500,32.87500,32.00000,1382600,-0.022901,,,,-0.022901
25785,1992-01-22,F,FORD MOTOR CO DEL,,,31.25000,32.12500,31.75000,1274800,-0.007813,,,,-0.007813
25785,1992-01-23,F,FORD MOTOR CO DEL,,,31.37500,32.00000,31.62500,928100,-0.003937,,,,-0.003937
25785,1992-01-24,F,FORD MOTOR CO DEL,,,31.25000,32.37500,32.25000,2086000,0.019763,,,,0.019763
25785,1992-01-27,F,FORD MOTOR CO DEL,,,32.37500,33.25000,32.75000,1718200,0.027907,,,,0.015504
25785,1992-01-28,F,FORD MOTOR CO DEL,,,32.75000,33.37500,32.87500,1710600,0.003817,,,,0.003817
25785,1992-01-29,F,FORD MOTOR CO DEL,,,30.87500,32.62500,31.25000,1410900,-0.049430,,,,-0.049430
25785,1992-01-30,F,FORD MOTOR CO DEL,,,30.37500,31.25000,30.50000,1736000,-0.024000,,,,-0.024000
25785,1992-01-31,F,FORD MOTOR CO DEL,,,30.50000,30.75000,30.50000,771700,0.000000,,,,0.000000
25785,1992-02-03,F,FORD MOTOR CO DEL,,,30.12500,32.75000,32.75000,1091600,0.073770,,,,0.073770
25785,1992-02-04,F,FORD MOTOR CO DEL,,,32.50000,33.75000,33.37500,2991300,0.019084,,,,0.019084
25785,1992-02-05,F,FORD MOTOR CO DEL,,,33.37500,34.12500,33.50000,1433900,0.003745,,,,0.003745
25785,1992-02-06,F,FORD MOTOR CO DEL,,,32.87500,34.12500,34.00000,1154500,0.014925,,,,0.014925
25785,1992-02-07,F,FORD MOTOR CO DEL,,,32.50000,34.25000,33.25000,1208500,-0.022059,,,,-0.022059
25785,1992-02-10,F,FORD MOTOR CO DEL,,,32.87500,34.00000,34.00000,771700,0.022556,,,,0.022556
25785,1992-02-11,F,FORD MOTOR CO DEL,,,34.00000,34.75000,34.50000,1619600,0.014706,,,,0.014706
25785,1992-02-12,F,FORD MOTOR CO DEL,,,34.12500,34.87500,34.62500,1073300,0.003623,,,,0.003623
25785,1992-02-13,F,FORD MOTOR CO DEL,,,34.62500,35.50000,35.25000,2558800,0.018051,,,,0.018051
25785,1992-02-14,F,FORD MOTOR CO DEL,,,35.12500,38.37500,37.12500,5340000,0.053191,,,,0.053191
25785,1992-02-18,F,FORD MOTOR CO DEL,,,36.75000,37.25000,36.87500,2265600,-0.006734,,,,-0.006734
25785,1992-02-19,F,FORD MOTOR CO DEL,,,36.87500,38.62500,38.12500,3306200,0.033898,,,,0.033898
25785,1992-02-20,F,FORD MOTOR CO DEL,,,38.12500,39.50000,38.62500,3225100,0.013115,,,,0.013115
25785,1992-02-21,F,FORD MOTOR CO DEL,,,36.87500,38.87500,37.50000,2566600,-0.029126,,,,-0.029126
25785,1992-02-24,F,FORD MOTOR CO DEL,,,36.37500,37.25000,36.87500,1665000,-0.016667,,,,-0.016667
25785,1992-02-25,F,FORD MOTOR CO DEL,,,35.37500,36.75000,35.62500,1846500,-0.033898,,,,-0.033898
25785,1992-02-26,F,FORD MOTOR CO DEL,,,35.50000,36.75000,36.50000,1744600,0.024561,,,,0.024561
25785,1992-02-27,F,FORD MOTOR CO DEL,,,35.62500,36.37500,35.75000,922600,-0.020548,,,,-0.020548
25785,1992-02-28,F,FORD MOTOR CO DEL,,,36.25000,37.12500,36.75000,1321900,0.027972,,,,0.027972
25785,1992-03-02,F,FORD MOTOR CO DEL,,,36.62500,37.75000,37.12500,1471300,0.010204,,,,0.010204
25785,1992-03-03,F,FORD MOTOR CO DEL,,,37.25000,37.87500,37.37500,1245200,0.006734,,,,0.006734
25785,1992-03-04,F,FORD MOTOR CO DEL,,,36.75000,37.50000,37.00000,941900,-0.010033,,,,-0.010033
25785,1992-03-05,F,FORD MOTOR CO DEL,,,36.12500,36.87500,36.37500,1126200,-0.016892,,,,-0.016892
25785,1992-03-06,F,FORD MOTOR CO DEL,,,35.25000,36.37500,35.87500,1174700,-0.013746,,,,-0.013746
25785,1992-03-09,F,FORD MOTOR CO DEL,,,35.75000,36.75000,36.50000,923800,0.017422,,,,0.017422
25785,1992-03-10,F,FORD MOTOR CO DEL,,,36.62500,37.12500,36.62500,1028800,0.003425,,,,0.003425
25785,1992-03-11,F,FORD MOTOR CO DEL,,,36.12500,36.62500,36.50000,924600,-0.003413,,,,-0.003413
25785,1992-03-12,F,FORD MOTOR CO DEL,,,36.25000,36.87500,36.75000,1068100,0.006849,,,,0.006849
25785,1992-03-13,F,FORD MOTOR CO DEL,,,36.12500,37.25000,36.62500,1784600,-0.003401,,,,-0.003401
25785,1992-03-16,F,FORD MOTOR CO DEL,,,36.37500,37.87500,37.87500,2253700,0.034130,,,,0.034130
25785,1992-03-17,F,FORD MOTOR CO DEL,,,37.75000,38.50000,38.25000,1959000,0.009901,,,,0.009901
25785,1992-03-18,F,FORD MOTOR CO DEL,,,38.12500,39.12500,39.00000,2302800,0.019608,,,,0.019608
25785,1992-03-19,F,FORD MOTOR CO DEL,,,39.25000,40.62500,40.12500,4943900,0.028846,,,,0.028846
25785,1992-03-20,F,FORD MOTOR CO DEL,,,40.00000,40.62500,40.25000,2836100,0.003115,,,,0.003115
25785,1992-03-23,F,FORD MOTOR CO DEL,,,39.87500,40.50000,40.00000,1664600,-0.006211,,,,-0.006211
25785,1992-03-24,F,FORD MOTOR CO DEL,,,38.87500,40.12500,39.00000,1361400,-0.025000,,,,-0.025000
25785,1992-03-25,F,FORD MOTOR CO DEL,,,38.87500,39.62500,39.00000,1989200,0.000000,,,,0.000000
25785,1992-03-26,F,FORD MOTOR CO DEL,,,39.25000,40.00000,39.62500,896300,0.016026,,,,0.016026
25785,1992-03-27,F,FORD MOTOR CO DEL,,,37.75000,39.62500,38.25000,1084700,-0.034700,,,,-0.034700
25785,1992-03-30,F,FORD MOTOR CO DEL,,,38.00000,39.12500,38.75000,731000,0.013072,,,,0.013072
25785,1992-03-31,F,FORD MOTOR CO DEL,,,38.25000,39.12500,38.37500,829800,-0.009677,,,,-0.009677
25785,1992-04-01,F,FORD MOTOR CO DEL,,,37.75000,39.25000,39.12500,916800,0.019544,,,,0.019544
25785,1992-04-02,F,FORD MOTOR CO DEL,,,39.00000,40.12500,39.50000,1861600,0.009585,,,,0.009585
25785,1992-04-03,F,FORD MOTOR CO DEL,,,39.12500,39.87500,39.75000,1528700,0.006329,,,,0.006329
25785,1992-04-06,F,FORD MOTOR CO DEL,,,39.37500,40.25000,40.00000,1466000,0.006289,,,,0.006289
25785,1992-04-07,F,FORD MOTOR CO DEL,,,39.25000,40.62500,39.25000,1798500,-0.018750,,,,-0.018750
25785,1992-04-08,F,FORD MOTOR CO DEL,,,38.50000,39.50000,38.87500,1474400,-0.009554,,,,-0.009554
25785,1992-04-09,F,FORD MOTOR CO DEL,,,38.12500,39.50000,38.75000,1244800,-0.003215,,,,-0.003215
25785,1992-04-10,F,FORD MOTOR CO DEL,,,39.25000,40.25000,40.00000,1472600,0.032258,,,,0.032258
25785,1992-04-13,F,FORD MOTOR CO DEL,,,39.87500,40.75000,40.37500,876600,0.009375,,,,0.009375
25785,1992-04-14,F,FORD MOTOR CO DEL,,,40.25000,41.50000,41.00000,3266900,0.015480,,,,0.015480
25785,1992-04-15,F,FORD MOTOR CO DEL,,,40.62500,41.37500,40.87500,2737600,-0.003049,,,,-0.003049
25785,1992-04-16,F,FORD MOTOR CO DEL,,,40.50000,42.00000,41.87500,2535300,0.024465,,,,0.024465
25785,1992-04-20,F,FORD MOTOR CO DEL,,,41.25000,43.00000,43.00000,2158600,0.026866,,,,0.026866
25785,1992-04-21,F,FORD MOTOR CO DEL,,,42.25000,43.00000,43.00000,1251600,0.000000,,,,0.000000
25785,1992-04-22,F,FORD MOTOR CO DEL,,,42.00000,43.12500,42.75000,1316000,-0.005814,,,,-0.005814
25785,1992-04-23,F,FORD MOTOR CO DEL,,,42.87500,44.12500,44.12500,2498400,0.032164,,,,0.032164
25785,1992-04-24,F,FORD MOTOR CO DEL,,,43.25000,44.00000,43.25000,1761200,-0.019830,,,,-0.019830
25785,1992-04-27,F,FORD MOTOR CO DEL,,,42.37500,43.62500,43.37500,1462500,0.012139,,,,0.002890
25785,1992-04-28,F,FORD MOTOR CO DEL,,,43.37500,44.12500,43.87500,1715600,0.011527,,,,0.011527
25785,1992-04-29,F,FORD MOTOR CO DEL,,,44.87500,45.87500,45.75000,4047200,0.042735,,,,0.042735
25785,1992-04-30,F,FORD MOTOR CO DEL,,,45.25000,46.37500,45.37500,2739200,-0.008197,,,,-0.008197
25785,1992-05-01,F,FORD MOTOR CO DEL,,,44.12500,45.50000,44.25000,1787800,-0.024793,,,,-0.024793
25785,1992-05-04,F,FORD MOTOR CO DEL,,,44.37500,45.12500,44.87500,1722600,0.014124,,,,0.014124
25785,1992-05-05,F,FORD MOTOR CO DEL,,,44.62500,45.12500,44.87500,2262700,0.000000,,,,0.000000
25785,1992-05-06,F,FORD MOTOR CO DEL,,,45.25000,46.12500,45.50000,1923400,0.013928,,,,0.013928
25785,1992-05-07,F,FORD MOTOR CO DEL,,,45.00000,45.75000,45.25000,1036800,-0.005495,,,,-0.005495
25785,1992-05-08,F,FORD MOTOR CO DEL,,,44.50000,45.37500,45.00000,967000,-0.005525,,,,-0.005525
25785,1992-05-11,F,FORD MOTOR CO DEL,,,44.25000,45.00000,44.37500,810500,-0.013889,,,,-0.013889
25785,1992-05-12,F,FORD MOTOR CO DEL,,,43.87500,44.50000,44.37500,1184200,0.000000,,,,0.000000
25785,1992-05-13,F,FORD MOTOR CO DEL,,,44.12500,45.00000,44.50000,1185300,0.002817,,,,0.002817
25785,1992-05-14,F,FORD MOTOR CO DEL,,,43.12500,44.62500,43.25000,1257100,-0.028090,,,,-0.028090
25785,1992-05-15,F,FORD MOTOR CO DEL,,,42.50000,43.12500,42.75000,1468800,-0.011561,,,,-0.011561
25785,1992-05-18,F,FORD MOTOR CO DEL,,,42.62500,43.87500,43.75000,1432900,0.023392,,,,0.023392
25785,1992-05-19,F,FORD MOTOR CO DEL,,,43.50000,44.50000,44.50000,1543500,0.017143,,,,0.017143
25785,1992-05-20,F,FORD MOTOR CO DEL,,,43.87500,44.50000,44.25000,1323300,-0.005618,,,,-0.005618
25785,1992-05-21,F,FORD MOTOR CO DEL,,,43.50000,44.12500,43.87500,1216100,-0.008475,,,,-0.008475
25785,1992-05-22,F,FORD MOTOR CO DEL,,,43.62500,44.37500,44.12500,960600,0.005698,,,,0.005698
25785,1992-05-26,F,FORD MOTOR CO DEL,,,42.87500,43.87500,43.25000,1488500,-0.019830,,,,-0.019830
25785,1992-05-27,F,FORD MOTOR CO DEL,,,43.62500,44.37500,44.00000,1119000,0.017341,,,,0.017341
25785,1992-05-28,F,FORD MOTOR CO DEL,,,43.87500,44.25000,44.25000,902300,0.005682,,,,0.005682
25785,1992-05-29,F,FORD MOTOR CO DEL,,,43.87500,45.00000,44.37500,1154600,0.002825,,,,0.002825
25785,1992-06-01,F,FORD MOTOR CO DEL,,,44.12500,46.37500,46.37500,2454500,0.045070,,,,0.045070
25785,1992-06-02,F,FORD MOTOR CO DEL,,,45.75000,46.62500,46.12500,1837200,-0.005391,,,,-0.005391
25785,1992-06-03,F,FORD MOTOR CO DEL,,,46.00000,47.12500,46.75000,2163600,0.013550,,,,0.013550
25785,1992-06-04,F,FORD MOTOR CO DEL,,,46.87500,48.87500,48.12500,3400200,0.029412,,,,0.029412
25785,1992-06-05,F,FORD MOTOR CO DEL,,,47.87500,48.62500,48.00000,1464700,-0.002597,,,,-0.002597
25785,1992-06-08,F,FORD MOTOR CO DEL,,,47.50000,47.87500,47.62500,952000,-0.007813,,,,-0.007813
25785,1992-06-09,F,FORD MOTOR CO DEL,,,46.87500,47.75000,47.00000,1173900,-0.013123,,,,-0.013123
25785,1992-06-10,F,FORD MOTOR CO DEL,,,46.87500,47.62500,47.25000,1315800,0.005319,,,,0.005319
25785,1992-06-11,F,FORD MOTOR CO DEL,,,45.87500,47.25000,46.50000,1498600,-0.015873,,,,-0.015873
25785,1992-06-12,F,FORD MOTOR CO DEL,,,46.37500,47.12500,47.00000,1152600,0.010753,,,,0.010753
25785,1992-06-15,F,FORD MOTOR CO DEL,,,46.50000,47.37500,46.75000,837100,-0.005319,,,46.62500,-0.005319
25785,1992-06-16,F,FORD MOTOR CO DEL,,,46.62500,47.75000,47.62500,1585100,0.018717,,,46.75000,0.018717
25785,1992-06-17,F,FORD MOTOR CO DEL,,,45.25000,48.25000,45.50000,2162800,-0.044619,,,47.62500,-0.044619
25785,1992-06-18,F,FORD MOTOR CO DEL,,,44.75000,45.75000,45.50000,1692100,0.000000,,,45.62500,0.000000
25785,1992-06-19,F,FORD MOTOR CO DEL,,,45.50000,46.12500,46.00000,1519800,0.010989,,,45.50000,0.010989
25785,1992-06-22,F,FORD MOTOR CO DEL,,,44.75000,45.87500,45.75000,993500,-0.005435,,,45.62500,-0.005435
25785,1992-06-23,F,FORD MOTOR CO DEL,,,45.75000,46.37500,45.87500,1299300,0.002732,,,46.00000,0.002732
25785,1992-06-24,F,FORD MOTOR CO DEL,,,45.62500,46.50000,46.25000,976700,0.008174,,,45.87500,0.008174
25785,1992-06-25,F,FORD MOTOR CO DEL,,,45.25000,46.75000,45.50000,787300,-0.016216,,,46.50000,-0.016216
25785,1992-06-26,F,FORD MOTOR CO DEL,,,43.75000,45.62500,44.75000,1436500,-0.016484,,,45.50000,-0.016484
25785,1992-06-29,F,FORD MOTOR CO DEL,,,44.50000,45.87500,45.75000,931400,0.022346,,,44.62500,0.022346
25785,1992-06-30,F,FORD MOTOR CO DEL,,,45.37500,46.12500,45.87500,1152000,0.002732,,,45.75000,0.002732
25785,1992-07-01,F,FORD MOTOR CO DEL,,,45.12500,45.75000,45.37500,1080000,-0.010899,,,45.75000,-0.010899
25785,1992-07-02,F,FORD MOTOR CO DEL,,,43.00000,45.75000,43.12500,2012500,-0.049587,,,45.75000,-0.049587
25785,1992-07-06,F,FORD MOTOR CO DEL,,,40.75000,43.37500,42.12500,3593500,-0.023188,,,43.25000,-0.023188
25785,1992-07-07,F,FORD MOTOR CO DEL,,,42.25000,43.75000,42.62500,2370700,0.011869,,,42.37500,0.011869
25785,1992-07-08,F,FORD MOTOR CO DEL,,,41.62500,43.00000,43.00000,1281900,0.008798,,,42.62500,0.008798
25785,1992-07-09,F,FORD MOTOR CO DEL,,,43.00000,44.50000,44.37500,1285700,0.031977,,,43.00000,0.031977
25785,1992-07-10,F,FORD MOTOR CO DEL,,,44.50000,45.12500,44.87500,1210000,0.011268,,,44.50000,0.011268
25785,1992-07-13,F,FORD MOTOR CO DEL,,,45.00000,45.87500,45.75000,1601000,0.019499,,,45.00000,0.019499
25785,1992-07-14,F,FORD MOTOR CO DEL,,,45.25000,46.00000,45.75000,1074800,0.000000,,,45.50000,0.000000
25785,1992-07-15,F,FORD MOTOR CO DEL,,,45.50000,46.25000,45.87500,2273700,0.002732,,,45.75000,0.002732
25785,1992-07-16,F,FORD MOTOR CO DEL,,,45.25000,45.87500,45.62500,1539400,-0.005450,,,45.62500,-0.005450
25785,1992-07-17,F,FORD MOTOR CO DEL,,,44.62500,45.25000,44.62500,1704000,-0.021918,,,45.25000,-0.021918
25785,1992-07-20,F,FORD MOTOR CO DEL,,,43.87500,45.25000,45.25000,943300,0.014006,,,44.25000,0.014006
25785,1992-07-21,F,FORD MOTOR CO DEL,,,43.50000,44.75000,44.00000,2118200,-0.027624,,,44.75000,-0.027624
25785,1992-07-22,F,FORD MOTOR CO DEL,,,42.62500,43.25000,42.75000,2174400,-0.028409,,,43.00000,-0.028409
25785,1992-07-23,F,FORD MOTOR CO DEL,,,42.87500,44.12500,44.00000,1828800,0.029240,,,43.00000,0.029240
25785,1992-07-24,F,FORD MOTOR CO DEL,,,43.62500,44.37500,44.00000,1094100,0.000000,,,43.75000,0.000000
25785,1992-07-27,F,FORD MOTOR CO DEL,,,43.75000,44.50000,44.00000,930900,0.009091,,,43.87500,0.000000
25785,1992-07-28,F,FORD MOTOR CO DEL,,,44.50000,46.00000,45.75000,2115800,0.039773,,,45.00000,0.039773
25785,1992-07-29,F,FORD MOTOR CO DEL,,,44.25000,46.12500,44.25000,2921900,-0.032787,,,45.75000,-0.032787
25785,1992-07-30,F,FORD MOTOR CO DEL,,,44.37500,45.75000,45.50000,1403100,0.028249,,,44.37500,0.028249
25785,1992-07-31,F,FORD MOTOR CO DEL,,,45.37500,45.87500,45.75000,1134200,0.005495,,,45.37500,0.005495
25785,1992-08-03,F,FORD MOTOR CO DEL,,,45.25000,45.75000,45.75000,671700,0.000000,,,45.50000,0.000000
25785,1992-08-04,F,FORD MOTOR CO DEL,,,44.00000,45.50000,44.12500,1038200,-0.035519,,,45.37500,-0.035519
25785,1992-08-05,F,FORD MOTOR CO DEL,,,42.62500,43.50000,43.25000,2092600,-0.019830,,,43.25000,-0.019830
25785,1992-08-06,F,FORD MOTOR CO DEL,,,41.00000,43.12500,41.00000,1849200,-0.052023,,,43.00000,-0.052023
25785,1992-08-07,F,FORD MOTOR CO DEL,,,40.50000,41.75000,40.62500,2829300,-0.009146,,,41.25000,-0.009146
25785,1992-08-10,F,FORD MOTOR CO DEL,,,40.50000,41.25000,41.00000,1352600,0.009231,,,40.50000,0.009231
25785,1992-08-11,F,FORD MOTOR CO DEL,,,41.00000,41.50000,41.12500,1141500,0.003049,,,41.25000,0.003049
25785,1992-08-12,F,FORD MOTOR CO DEL,,,40.62500,41.25000,40.75000,1126900,-0.009119,,,41.00000,-0.009119
25785,1992-08-13,F,FORD MOTOR CO DEL,,,40.87500,41.50000,41.00000,1160000,0.006135,,,41.12500,0.006135
25785,1992-08-14,F,FORD MOTOR CO DEL,,,40.75000,41.62500,41.50000,944600,0.012195,,,40.87500,0.012195
25785,1992-08-17,F,FORD MOTOR CO DEL,,,41.50000,42.00000,41.75000,866300,0.006024,,,41.50000,0.006024
25785,1992-08-18,F,FORD MOTOR CO DEL,,,41.62500,42.25000,41.75000,942700,0.000000,,,41.87500,0.000000
25785,1992-08-19,F,FORD MOTOR CO DEL,,,41.50000,41.87500,41.50000,829800,-0.005988,,,41.87500,-0.005988
25785,1992-08-20,F,FORD MOTOR CO DEL,,,40.75000,41.62500,41.25000,1042000,-0.006024,,,41.50000,-0.006024
25785,1992-08-21,F,FORD MOTOR CO DEL,,,40.37500,41.75000,40.50000,1014200,-0.018182,,,41.62500,-0.018182
25785,1992-08-24,F,FORD MOTOR CO DEL,,,38.62500,40.00000,38.75000,2097500,-0.043210,,,39.62500,-0.043210
25785,1992-08-25,F,FORD MOTOR CO DEL,,,38.87500,40.37500,40.12500,1683800,0.035484,,,39.00000,0.035484
25785,1992-08-26,F,FORD MOTOR CO DEL,,,40.25000,40.75000,40.50000,1223200,0.009346,,,40.37500,0.009346
25785,1992-08-27,F,FORD MOTOR CO DEL,,,40.25000,40.87500,40.37500,1482500,-0.003086,,,40.62500,-0.003086
25785,1992-08-28,F,FORD MOTOR CO DEL,,,39.75000,40.37500,39.75000,1345800,-0.015480,,,40.25000,-0.015480
25785,1992-08-31,F,FORD MOTOR CO DEL,,,39.75000,41.00000,40.75000,1232300,0.025157,,,39.75000,0.025157
25785,1992-09-01,F,FORD MOTOR CO DEL,,,40.25000,41.25000,40.25000,796500,-0.012270,,,40.87500,-0.012270
25785,1992-09-02,F,FORD MOTOR CO DEL,,,39.75000,40.62500,40.62500,1446100,0.009317,,,40.37500,0.009317
25785,1992-09-03,F,FORD MOTOR CO DEL,,,40.50000,41.37500,41.12500,1540700,0.012308,,,40.87500,0.012308
25785,1992-09-04,F,FORD MOTOR CO DEL,,,40.50000,41.12500,41.00000,885900,-0.003040,,,40.75000,-0.003040
25785,1992-09-08,F,FORD MOTOR CO DEL,,,39.87500,41.37500,39.87500,1044200,-0.027439,,,41.00000,-0.027439
25785,1992-09-09,F,FORD MOTOR CO DEL,,,39.75000,40.87500,40.87500,1057200,0.025078,,,39.87500,0.025078
25785,1992-09-10,F,FORD MOTOR CO DEL,,,40.62500,41.37500,41.37500,1831800,0.012232,,,40.87500,0.012232
25785,1992-09-11,F,FORD MOTOR CO DEL,,,40.25000,41.37500,40.25000,2043500,-0.027190,,,40.75000,-0.027190
25785,1992-09-14,F,FORD MOTOR CO DEL,,,41.62500,42.87500,42.87500,3031300,0.065217,,,42.00000,0.065217
25785,1992-09-15,F,FORD MOTOR CO DEL,,,41.62500,42.75000,41.87500,1394500,-0.023324,,,42.62500,-0.023324
25785,1992-09-16,F,FORD MOTOR CO DEL,,,40.75000,41.75000,41.37500,1812400,-0.011940,,,41.25000,-0.011940
25785,1992-09-17,F,FORD MOTOR CO DEL,,,41.37500,42.00000,41.50000,979400,0.003021,,,41.62500,0.003021
25785,1992-09-18,F,FORD MOTOR CO DEL,,,41.37500,42.25000,42.12500,1683600,0.015060,,,41.37500,0.015060
25785,1992-09-21,F,FORD MOTOR CO DEL,,,42.12500,42.62500,42.62500,1234900,0.011869,,,42.12500,0.011869
25785,1992-09-22,F,FORD MOTOR CO DEL,,,40.12500,42.50000,40.25000,1878600,-0.055718,,,42.37500,-0.055718
25785,1992-09-23,F,FORD MOTOR CO DEL,,,39.50000,40.50000,40.50000,1993500,0.006211,,,40.00000,0.006211
25785,1992-09-24,F,FORD MOTOR CO DEL,,,39.62500,40.50000,40.37500,1336200,-0.003086,,,40.25000,-0.003086
25785,1992-09-25,F,FORD MOTOR CO DEL,,,38.37500,39.75000,38.75000,3004400,-0.040248,,,39.75000,-0.040248
25785,1992-09-28,F,FORD MOTOR CO DEL,,,37.87500,38.75000,38.37500,2096500,-0.009677,,,38.62500,-0.009677
25785,1992-09-29,F,FORD MOTOR CO DEL,,,38.12500,39.37500,38.87500,1300000,0.013029,,,38.37500,0.013029
25785,1992-09-30,F,FORD MOTOR CO DEL,,,38.87500,40.12500,39.50000,1433500,0.016077,,,39.00000,0.016077
25785,1992-10-01,F,FORD MOTOR CO DEL,,,38.00000,40.00000,38.25000,1506800,-0.031646,,,39.75000,-0.031646
25785,1992-10-02,F,FORD MOTOR CO DEL,,,37.25000,38.50000,37.62500,1230700,-0.016340,,,38.37500,-0.016340
25785,1992-10-05,F,FORD MOTOR CO DEL,,,36.00000,38.12500,37.87500,2688200,0.006645,,,37.25000,0.006645
25785,1992-10-06,F,FORD MOTOR CO DEL,,,37.12500,38.25000,37.50000,1873600,-0.009901,,,37.87500,-0.009901
25785,1992-10-07,F,FORD MOTOR CO DEL,,,36.25000,38.12500,36.25000,1545900,-0.033333,,,37.75000,-0.033333
25785,1992-10-08,F,FORD MOTOR CO DEL,,,36.37500,37.62500,37.62500,1706800,0.037931,,,36.62500,0.037931
25785,1992-10-09,F,FORD MOTOR CO DEL,,,34.37500,35.12500,34.87500,5442200,-0.073090,,,35.00000,-0.073090
25785,1992-10-12,F,FORD MOTOR CO DEL,,,35.00000,36.25000,36.12500,1547700,0.035842,,,35.25000,0.035842
25785,1992-10-13,F,FORD MOTOR CO DEL,,,36.25000,37.37500,37.12500,1621300,0.027682,,,36.50000,0.027682
25785,1992-10-14,F,FORD MOTOR CO DEL,,,37.12500,37.62500,37.37500,1182500,0.006734,,,37.37500,0.006734
25785,1992-10-15,F,FORD MOTOR CO DEL,,,36.75000,37.25000,36.87500,1046300,-0.013378,,,37.12500,-0.013378
25785,1992-10-16,F,FORD MOTOR CO DEL,,,36.25000,37.50000,37.12500,978000,0.006780,,,37.00000,0.006780
25785,1992-10-19,F,FORD MOTOR CO DEL,,,36.87500,37.75000,36.87500,1547900,-0.006734,,,37.25000,-0.006734
25785,1992-10-20,F,FORD MOTOR CO DEL,,,37.75000,38.50000,38.12500,1533500,0.033898,,,38.00000,0.033898
25785,1992-10-21,F,FORD MOTOR CO DEL,,,38.12500,38.87500,38.75000,830900,0.016393,,,38.25000,0.016393
25785,1992-10-22,F,FORD MOTOR CO DEL,,,38.62500,39.50000,39.25000,2095300,0.012903,,,38.62500,0.012903
25785,1992-10-23,F,FORD MOTOR CO DEL,,,39.25000,39.87500,39.75000,1817700,0.012739,,,39.37500,0.012739
25785,1992-10-26,F,FORD MOTOR CO DEL,,,39.12500,40.25000,40.25000,1368500,0.022642,,,39.25000,0.012579
25785,1992-10-27,F,FORD MOTOR CO DEL,,,39.75000,40.25000,39.87500,1293800,-0.009317,,,40.12500,-0.009317
25785,1992-10-28,F,FORD MOTOR CO DEL,,,37.87500,38.75000,38.12500,1939700,-0.043887,,,38.75000,-0.043887
25785,1992-10-29,F,FORD MOTOR CO DEL,,,37.00000,38.00000,37.25000,1929600,-0.022951,,,37.62500,-0.022951
25785,1992-10-30,F,FORD MOTOR CO DEL,,,36.37500,37.25000,36.50000,1276400,-0.020134,,,37.00000,-0.020134
25785,1992-11-02,F,FORD MOTOR CO DEL,,,36.75000,38.50000,38.37500,1176100,0.051370,,,36.87500,0.051370
25785,1992-11-03,F,FORD MOTOR CO DEL,,,37.87500,39.12500,38.75000,987500,0.009772,,,38.62500,0.009772
25785,1992-11-04,F,FORD MOTOR CO DEL,,,38.50000,39.50000,39.12500,1046500,0.009677,,,38.50000,0.009677
25785,1992-11-05,F,FORD MOTOR CO DEL,,,38.50000,39.12500,39.00000,1242000,-0.003195,,,39.00000,-0.003195
25785,1992-11-06,F,FORD MOTOR CO DEL,,,38.50000,39.00000,38.62500,717900,-0.009615,,,39.00000,-0.009615
25785,1992-11-09,F,FORD MOTOR CO DEL,,,38.50000,39.12500,39.00000,590000,0.009709,,,38.75000,0.009709
25785,1992-11-10,F,FORD MOTOR CO DEL,,,38.62500,39.12500,38.62500,708500,-0.009615,,,39.12500,-0.009615
25785,1992-11-11,F,FORD MOTOR CO DEL,,,38.12500,38.75000,38.37500,657600,-0.006472,,,38.75000,-0.006472
25785,1992-11-12,F,FORD MOTOR CO DEL,,,38.25000,39.12500,39.00000,1078500,0.016287,,,38.50000,0.016287
25785,1992-11-13,F,FORD MOTOR CO DEL,,,39.00000,39.62500,39.00000,1233100,0.000000,,,39.25000,0.000000
25785,1992-11-16,F,FORD MOTOR CO DEL,,,39.12500,39.87500,39.62500,1314400,0.016026,,,39.12500,0.016026
25785,1992-11-17,F,FORD MOTOR CO DEL,,,39.62500,40.00000,39.62500,1144300,0.000000,,,39.87500,0.000000
25785,1992-11-18,F,FORD MOTOR CO DEL,,,38.75000,39.75000,38.87500,1050500,-0.018927,,,39.62500,-0.018927
25785,1992-11-19,F,FORD MOTOR CO DEL,,,38.75000,39.62500,39.37500,834400,0.012862,,,38.87500,0.012862
25785,1992-11-20,F,FORD MOTOR CO DEL,,,39.37500,40.37500,40.25000,1351700,0.022222,,,39.62500,0.022222
25785,1992-11-23,F,FORD MOTOR CO DEL,,,40.12500,41.00000,40.50000,1138200,0.006211,,,40.25000,0.006211
25785,1992-11-24,F,FORD MOTOR CO DEL,,,39.50000,41.12500,39.50000,1591200,-0.024691,,,40.50000,-0.024691
25785,1992-11-25,F,FORD MOTOR CO DEL,,,39.37500,41.25000,41.00000,1205500,0.037975,,,39.50000,0.037975
25785,1992-11-27,F,FORD MOTOR CO DEL,,,41.25000,41.87500,41.75000,1018300,0.018293,,,41.37500,0.018293
25785,1992-11-30,F,FORD MOTOR CO DEL,,,41.50000,42.50000,42.00000,2063100,0.005988,,,41.75000,0.005988
25785,1992-12-01,F,FORD MOTOR CO DEL,,,42.00000,42.87500,42.62500,1832800,0.014881,,,42.12500,0.014881
25785,1992-12-02,F,FORD MOTOR CO DEL,,,41.62500,42.37500,42.25000,1908300,-0.008798,,,42.00000,-0.008798
25785,1992-12-03,F,FORD MOTOR CO DEL,,,41.87500,42.37500,42.00000,686800,-0.005917,,,42.25000,-0.005917
25785,1992-12-04,F,FORD MOTOR CO DEL,,,42.00000,43.00000,42.87500,1246700,0.020833,,,42.25000,0.020833
25785,1992-12-07,F,FORD MOTOR CO DEL,,,42.12500,42.62500,42.50000,1107400,-0.008746,,,42.50000,-0.008746
25785,1992-12-08,F,FORD MOTOR CO DEL,,,42.62500,43.12500,43.12500,1145700,0.014706,,,42.62500,0.014706
25785,1992-12-09,F,FORD MOTOR CO DEL,,,42.50000,43.25000,42.87500,1401500,-0.005797,,,43.00000,-0.005797
25785,1992-12-10,F,FORD MOTOR CO DEL,,,42.37500,42.87500,42.62500,774900,-0.005831,,,42.87500,-0.005831
25785,1992-12-11,F,FORD MOTOR CO DEL,,,42.37500,42.75000,42.62500,719100,0.000000,,,42.62500,0.000000
25785,1992-12-14,F,FORD MOTOR CO DEL,,,42.25000,42.87500,42.25000,679300,-0.008798,,,42.50000,-0.008798
25785,1992-12-15,F,FORD MOTOR CO DEL,,,41.37500,42.12500,41.37500,1959200,-0.020710,,,42.12500,-0.020710
25785,1992-12-16,F,FORD MOTOR CO DEL,,,40.50000,41.75000,40.62500,1696800,-0.018127,,,41.50000,-0.018127
25785,1992-12-17,F,FORD MOTOR CO DEL,,,39.12500,40.12500,39.75000,2327800,-0.021538,,,39.75000,-0.021538
25785,1992-12-18,F,FORD MOTOR CO DEL,,,39.75000,40.50000,40.37500,2348600,0.015723,,,40.00000,0.015723
25785,1992-12-21,F,FORD MOTOR CO DEL,,,40.12500,41.12500,41.00000,1088200,0.015480,,,40.62500,0.015480
25785,1992-12-22,F,FORD MOTOR CO DEL,,,40.75000,41.75000,41.75000,1115800,0.018293,,,40.87500,0.018293
25785,1992-12-23,F,FORD MOTOR CO DEL,,,41.37500,42.00000,41.62500,686200,-0.002994,,,41.50000,-0.002994
25785,1992-12-24,F,FORD MOTOR CO DEL,,,41.62500,42.50000,42.37500,368500,0.018018,,,41.75000,0.018018
25785,1992-12-28,F,FORD MOTOR CO DEL,,,41.87500,42.50000,42.25000,703600,-0.002950,42.25000,42.50000,42.50000,-0.002950
25785,1992-12-29,F,FORD MOTOR CO DEL,,,42.25000,43.37500,42.37500,903400,0.002959,42.37500,42.62500,42.50000,0.002959
25785,1992-12-30,F,FORD MOTOR CO DEL,,,42.00000,43.50000,43.50000,976600,0.026549,43.25000,43.50000,42.25000,0.026549
25785,1992-12-31,F,FORD MOTOR CO DEL,,,42.75000,43.62500,42.87500,684600,-0.014368,42.87500,43.00000,43.37500,-0.014368
25785,1993-01-04,F,FORD MOTOR CO DEL,,,43.00000,44.12500,44.00000,1409600,0.026239,43.87500,44.12500,43.25000,0.026239
25785,1993-01-05,F,FORD MOTOR CO DEL,,,43.87500,44.87500,44.62500,1987800,0.014205,44.37500,44.62500,44.00000,0.014205
25785,1993-01-06,F,FORD MOTOR CO DEL,,,44.25000,44.87500,44.75000,2030000,0.002801,44.50000,44.62500,44.50000,0.002801
25785,1993-01-07,F,FORD MOTOR CO DEL,,,44.50000,46.00000,44.75000,3197000,0.000000,44.62500,45.00000,44.50000,0.000000
25785,1993-01-08,F,FORD MOTOR CO DEL,,,44.37500,45.75000,45.00000,1827600,0.005587,45.00000,45.12500,44.62500,0.005587
25785,1993-01-11,F,FORD MOTOR CO DEL,,,45.00000,45.62500,45.12500,920700,0.002778,45.00000,45.37500,45.25000,0.002778
25785,1993-01-12,F,FORD MOTOR CO DEL,,,44.75000,45.25000,45.00000,817400,-0.002770,44.75000,45.12500,45.25000,-0.002770
25785,1993-01-13,F,FORD MOTOR CO DEL,,,44.12500,45.12500,44.37500,742000,-0.013889,44.25000,44.37500,45.00000,-0.013889
25785,1993-01-14,F,FORD MOTOR CO DEL,,,44.25000,44.75000,44.75000,831800,0.008451,44.50000,44.87500,44.50000,0.008451
25785,1993-01-15,F,FORD MOTOR CO DEL,,,44.62500,46.75000,46.00000,2612200,0.027933,46.00000,46.25000,44.75000,0.027933
25785,1993-01-18,F,FORD MOTOR CO DEL,,,45.87500,46.62500,46.62500,1235500,0.013587,46.50000,46.62500,46.00000,0.013587
25785,1993-01-19,F,FORD MOTOR CO DEL,,,46.87500,47.75000,47.37500,2456700,0.016086,47.37500,47.50000,47.25000,0.016086
25785,1993-01-20,F,FORD MOTOR CO DEL,,,46.62500,47.37500,46.62500,897200,-0.015831,46.50000,46.75000,47.12500,-0.015831
25785,1993-01-21,F,FORD MOTOR CO DEL,,,46.25000,47.25000,47.25000,910900,0.013405,47.12500,47.25000,46.37500,0.013405
25785,1993-01-22,F,FORD MOTOR CO DEL,,,47.37500,48.25000,48.00000,1891000,0.015873,47.75000,48.00000,47.37500,0.015873
25785,1993-01-25,F,FORD MOTOR CO DEL,,,47.62500,48.25000,48.00000,1291600,0.008333,48.00000,48.12500,48.00000,0.000000
25785,1993-01-26,F,FORD MOTOR CO DEL,,,47.62500,48.62500,47.87500,2142500,-0.002604,47.75000,48.00000,48.12500,-0.002604
25785,1993-01-27,F,FORD MOTOR CO DEL,,,47.25000,47.87500,47.50000,1077000,-0.007833,47.25000,47.75000,47.87500,-0.007833
25785,1993-01-28,F,FORD MOTOR CO DEL,,,46.50000,47.37500,46.62500,1620100,-0.018421,46.62500,46.75000,47.25000,-0.018421
25785,1993-01-29,F,FORD MOTOR CO DEL,,,45.62500,46.75000,46.12500,1220600,-0.010724,46.25000,46.37500,46.75000,-0.010724
25785,1993-02-01,F,FORD MOTOR CO DEL,,,46.25000,47.25000,47.25000,927700,0.024390,46.87500,47.25000,46.37500,0.024390
25785,1993-02-02,F,FORD MOTOR CO DEL,,,46.75000,47.50000,47.12500,1415700,-0.002646,47.00000,47.12500,47.25000,-0.002646
25785,1993-02-03,F,FORD MOTOR CO DEL,,,46.87500,47.87500,47.75000,1859600,0.013263,47.62500,47.75000,47.00000,0.013263
25785,1993-02-04,F,FORD MOTOR CO DEL,,,48.50000,50.25000,50.12500,4899501,0.049738,50.00000,50.12500,48.75000,0.049738
25785,1993-02-05,F,FORD MOTOR CO DEL,,,49.37500,50.25000,49.62500,2498700,-0.009975,49.50000,49.62500,49.87500,-0.009975
25785,1993-02-08,F,FORD MOTOR CO DEL,,,49.37500,50.12500,50.00000,1417600,0.007557,49.87500,50.37500,49.75000,0.007557
25785,1993-02-09,F,FORD MOTOR CO DEL,,,48.50000,50.00000,48.87500,936800,-0.022500,48.75000,49.00000,50.00000,-0.022500
25785,1993-02-10,F,FORD MOTOR CO DEL,,,48.25000,49.75000,49.75000,1206100,0.017903,49.75000,49.87500,48.75000,0.017903
25785,1993-02-11,F,FORD MOTOR CO DEL,,,49.62500,50.87500,50.62500,2587900,0.017588,50.50000,50.75000,50.00000,0.017588
25785,1993-02-12,F,FORD MOTOR CO DEL,,,49.25000,50.75000,49.25000,1298000,-0.027160,49.12500,49.37500,50.75000,-0.027160
25785,1993-02-16,F,FORD MOTOR CO DEL,,,47.37500,48.87500,47.50000,2178200,-0.035533,47.50000,48.00000,48.75000,-0.035533
25785,1993-02-17,F,FORD MOTOR CO DEL,,,46.50000,47.37500,46.75000,1774800,-0.015789,46.50000,47.00000,47.25000,-0.015789
25785,1993-02-18,F,FORD MOTOR CO DEL,,,46.00000,47.25000,46.37500,1437000,-0.008021,46.25000,46.50000,47.25000,-0.008021
25785,1993-02-19,F,FORD MOTOR CO DEL,,,46.00000,46.75000,46.62500,1496300,0.005391,46.50000,46.75000,46.62500,0.005391
25785,1993-02-22,F,FORD MOTOR CO DEL,,,46.50000,47.12500,46.75000,993500,0.002681,46.62500,46.87500,46.50000,0.002681
25785,1993-02-23,F,FORD MOTOR CO DEL,,,44.75000,47.00000,44.87500,1951400,-0.040107,44.87500,45.12500,46.75000,-0.040107
25785,1993-02-24,F,FORD MOTOR CO DEL,,,44.87500,46.00000,45.87500,1513100,0.022284,45.87500,46.00000,45.00000,0.022284
25785,1993-02-25,F,FORD MOTOR CO DEL,,,45.75000,46.37500,46.12500,1153500,0.005450,46.00000,46.50000,46.00000,0.005450
25785,1993-02-26,F,FORD MOTOR CO DEL,,,45.75000,46.25000,45.87500,982800,-0.005420,45.87500,46.00000,46.12500,-0.005420
25785,1993-03-01,F,FORD MOTOR CO DEL,,,45.87500,46.37500,46.37500,1063100,0.010899,46.25000,46.50000,46.00000,0.010899
25785,1993-03-02,F,FORD MOTOR CO DEL,,,46.50000,47.87500,47.87500,1126300,0.032345,47.75000,47.87500,46.75000,0.032345
25785,1993-03-03,F,FORD MOTOR CO DEL,,,47.37500,48.12500,47.87500,1350900,0.000000,47.75000,47.87500,47.87500,0.000000
25785,1993-03-04,F,FORD MOTOR CO DEL,,,47.62500,49.00000,47.87500,1408500,0.000000,47.75000,47.87500,48.25000,0.000000
25785,1993-03-05,F,FORD MOTOR CO DEL,,,48.00000,49.37500,49.25000,2258200,0.028721,49.12500,49.37500,48.50000,0.028721
25785,1993-03-08,F,FORD MOTOR CO DEL,,,49.50000,50.25000,49.87500,1794000,0.012690,49.62500,49.87500,49.87500,0.012690
25785,1993-03-09,F,FORD MOTOR CO DEL,,,49.62500,50.25000,49.75000,1658000,-0.002506,49.75000,49.87500,49.87500,-0.002506
25785,1993-03-10,F,FORD MOTOR CO DEL,,,49.50000,50.00000,50.00000,1033000,0.005025,49.87500,50.00000,49.87500,0.005025
25785,1993-03-11,F,FORD MOTOR CO DEL,,,49.00000,50.12500,49.00000,1107000,-0.020000,49.00000,49.25000,49.87500,-0.020000
25785,1993-03-12,F,FORD MOTOR CO DEL,,,47.37500,48.75000,48.25000,1479200,-0.015306,48.25000,48.37500,48.00000,-0.015306
25785,1993-03-15,F,FORD MOTOR CO DEL,,,48.50000,49.00000,48.87500,544800,0.012953,48.75000,48.87500,48.62500,0.012953
25785,1993-03-16,F,FORD MOTOR CO DEL,,,48.25000,49.37500,48.50000,624500,-0.007673,48.25000,48.50000,48.87500,-0.007673
25785,1993-03-17,F,FORD MOTOR CO DEL,,,48.50000,49.37500,48.75000,901800,0.005155,48.62500,48.75000,49.00000,0.005155
25785,1993-03-18,F,FORD MOTOR CO DEL,,,49.62500,51.62500,51.62500,4459500,0.058974,51.25000,51.62500,49.75000,0.058974
25785,1993-03-19,F,FORD MOTOR CO DEL,,,51.25000,52.37500,51.75000,2965300,0.002421,52.00000,52.25000,51.75000,0.002421
25785,1993-03-22,F,FORD MOTOR CO DEL,,,51.62500,52.62500,52.50000,1501100,0.014493,52.37500,52.50000,51.62500,0.014493
25785,1993-03-23,F,FORD MOTOR CO DEL,,,52.62500,53.50000,53.00000,1767600,0.009524,52.87500,53.00000,52.62500,0.009524
25785,1993-03-24,F,FORD MOTOR CO DEL,,,51.75000,53.50000,52.12500,1325300,-0.016509,52.12500,52.25000,53.12500,-0.016509
25785,1993-03-25,F,FORD MOTOR CO DEL,,,51.62500,52.37500,52.37500,1754700,0.004796,52.25000,52.37500,52.00000,0.004796
25785,1993-03-26,F,FORD MOTOR CO DEL,,,52.00000,53.00000,52.37500,893500,0.000000,52.25000,52.50000,52.62500,0.000000
25785,1993-03-29,F,FORD MOTOR CO DEL,,,52.62500,53.50000,53.00000,1171500,0.011933,52.75000,53.00000,52.87500,0.011933
25785,1993-03-30,F,FORD MOTOR CO DEL,,,52.37500,53.25000,52.75000,763000,-0.004717,52.50000,52.75000,53.25000,-0.004717
25785,1993-03-31,F,FORD MOTOR CO DEL,,,52.00000,53.25000,52.00000,1734800,-0.014218,52.00000,52.37500,53.12500,-0.014218
25785,1993-04-01,F,FORD MOTOR CO DEL,,,51.87500,52.12500,52.00000,1857500,0.000000,51.75000,52.00000,52.12500,0.000000
25785,1993-04-02,F,FORD MOTOR CO DEL,,,51.00000,51.62500,51.25000,1713300,-0.014423,51.25000,51.75000,51.50000,-0.014423
25785,1993-04-05,F,FORD MOTOR CO DEL,,,51.12500,52.00000,52.00000,1363200,0.014634,51.62500,52.12500,51.50000,0.014634
25785,1993-04-06,F,FORD MOTOR CO DEL,,,52.50000,54.00000,54.00000,2335500,0.038462,53.62500,54.00000,52.62500,0.038462
25785,1993-04-07,F,FORD MOTOR CO DEL,,,53.62500,54.75000,54.62500,2549000,0.011574,54.50000,54.62500,53.75000,0.011574
25785,1993-04-08,F,FORD MOTOR CO DEL,,,54.50000,55.00000,54.62500,1023800,0.000000,54.37500,54.62500,54.87500,0.000000
25785,1993-04-12,F,FORD MOTOR CO DEL,,,54.25000,55.37500,55.37500,1599500,0.013730,55.12500,55.37500,54.62500,0.013730
25785,1993-04-13,F,FORD MOTOR CO DEL,,,54.50000,55.87500,54.50000,1572300,-0.015801,54.50000,54.87500,55.75000,-0.015801
25785,1993-04-14,F,FORD MOTOR CO DEL,,,54.50000,55.12500,54.75000,1167000,0.004587,54.75000,54.87500,54.75000,0.004587
25785,1993-04-15,F,FORD MOTOR CO DEL,,,54.12500,55.00000,54.62500,1457200,-0.002283,54.50000,54.87500,54.87500,-0.002283
25785,1993-04-16,F,FORD MOTOR CO DEL,,,54.62500,55.37500,55.12500,1414000,0.009153,55.12500,55.25000,54.75000,0.009153
25785,1993-04-19,F,FORD MOTOR CO DEL,,,53.75000,55.12500,54.25000,835000,-0.015873,54.12500,54.37500,55.00000,-0.015873
25785,1993-04-20,F,FORD MOTOR CO DEL,,,52.50000,55.00000,53.25000,1826900,-0.018433,53.12500,53.50000,53.75000,-0.018433
25785,1993-04-21,F,FORD MOTOR CO DEL,,,52.50000,53.50000,52.62500,1110200,-0.011737,52.62500,52.87500,53.50000,-0.011737
25785,1993-04-22,F,FORD MOTOR CO DEL,,,52.00000,53.50000,52.00000,1459600,-0.011876,51.87500,52.00000,52.87500,-0.011876
25785,1993-04-23,F,FORD MOTOR CO DEL,,,51.37500,53.12500,52.87500,1564800,0.016827,52.75000,52.87500,51.62500,0.016827
25785,1993-04-26,F,FORD MOTOR CO DEL,,,51.12500,52.62500,51.12500,861300,-0.025532,51.12500,51.37500,52.50000,-0.033097
25785,1993-04-27,F,FORD MOTOR CO DEL,,,51.00000,52.62500,52.62500,1443900,0.029340,52.37500,52.62500,51.00000,0.029340
25785,1993-04-28,F,FORD MOTOR CO DEL,,,53.62500,54.87500,54.50000,3093200,0.035629,54.12500,54.50000,54.00000,0.035629
25785,1993-04-29,F,FORD MOTOR CO DEL,,,54.00000,55.12500,54.75000,2564300,0.004587,54.75000,55.00000,54.37500,0.004587
25785,1993-04-30,F,FORD MOTOR CO DEL,,,54.50000,55.25000,54.75000,2061700,0.000000,53.62500,54.75000,55.12500,0.000000
25785,1993-05-03,F,FORD MOTOR CO DEL,,,54.75000,56.12500,55.75000,2238000,0.018265,55.62500,56.00000,54.75000,0.018265
25785,1993-05-04,F,FORD MOTOR CO DEL,,,55.25000,56.50000,56.12500,1785700,0.006726,55.75000,56.00000,55.87500,0.006726
25785,1993-05-05,F,FORD MOTOR CO DEL,,,55.50000,56.50000,55.87500,2119700,-0.004454,55.62500,55.87500,55.87500,-0.004454
25785,1993-05-06,F,FORD MOTOR CO DEL,,,55.50000,56.12500,55.75000,826900,-0.002237,55.50000,55.75000,56.00000,-0.002237
25785,1993-05-07,F,FORD MOTOR CO DEL,,,54.87500,55.75000,55.37500,955700,-0.006726,54.12500,55.25000,55.50000,-0.006726
25785,1993-05-10,F,FORD MOTOR CO DEL,,,55.25000,56.00000,55.37500,1485400,0.000000,53.25000,55.37500,55.37500,0.000000
25785,1993-05-11,F,FORD MOTOR CO DEL,,,54.50000,55.37500,55.00000,862000,-0.006772,54.87500,56.00000,55.37500,-0.006772
25785,1993-05-12,F,FORD MOTOR CO DEL,,,54.87500,55.62500,55.62500,989300,0.011364,54.50000,55.62500,55.00000,0.011364
25785,1993-05-13,F,FORD MOTOR CO DEL,,,54.50000,55.75000,54.50000,1080800,-0.020225,54.37500,54.62500,55.37500,-0.020225
25785,1993-05-14,F,FORD MOTOR CO DEL,,,53.75000,54.75000,53.87500,1110800,-0.011468,53.75000,54.00000,54.62500,-0.011468
25785,1993-05-17,F,FORD MOTOR CO DEL,,,54.00000,55.00000,54.87500,717400,0.018561,54.75000,55.00000,54.00000,0.018561
25785,1993-05-18,F,FORD MOTOR CO DEL,,,52.62500,55.00000,53.25000,2655300,-0.029613,53.12500,53.37500,54.87500,-0.029613
25785,1993-05-19,F,FORD MOTOR CO DEL,,,51.12500,52.87500,52.12500,4366300,-0.021127,52.12500,52.25000,52.25000,-0.021127
25785,1993-05-20,F,FORD MOTOR CO DEL,,,51.62500,52.62500,51.75000,1920100,-0.007194,51.62500,51.75000,52.50000,-0.007194
25785,1993-05-21,F,FORD MOTOR CO DEL,,,50.00000,52.25000,50.37500,1793500,-0.026570,50.37500,50.50000,51.62500,-0.026570
25785,1993-05-24,F,FORD MOTOR CO DEL,,,50.25000,51.62500,51.62500,1527100,0.024814,51.50000,52.00000,50.25000,0.024814
25785,1993-05-25,F,FORD MOTOR CO DEL,,,51.50000,52.12500,51.50000,978300,-0.002421,51.50000,52.62500,51.87500,-0.002421
25785,1993-05-26,F,FORD MOTOR CO DEL,,,51.75000,53.00000,52.62500,1147700,0.021845,52.62500,52.87500,51.75000,0.021845
25785,1993-05-27,F,FORD MOTOR CO DEL,,,52.37500,53.25000,52.37500,1058900,-0.004751,52.37500,53.62500,52.75000,-0.004751
25785,1993-05-28,F,FORD MOTOR CO DEL,,,51.87500,52.75000,52.00000,969200,-0.007160,52.00000,52.12500,52.50000,-0.007160
25785,1993-06-01,F,FORD MOTOR CO DEL,,,52.25000,53.37500,53.00000,1296300,0.019231,53.00000,53.25000,52.37500,0.019231
25785,1993-06-02,F,FORD MOTOR CO DEL,,,52.62500,53.25000,53.00000,1436800,0.000000,52.75000,54.00000,53.12500,0.000000
25785,1993-06-03,F,FORD MOTOR CO DEL,,,53.00000,55.50000,55.37500,3111100,0.044811,55.00000,55.37500,53.00000,0.044811
25785,1993-06-04,F,FORD MOTOR CO DEL,,,54.87500,56.00000,55.12500,2171100,-0.004515,55.00000,55.25000,54.87500,-0.004515
25785,1993-06-07,F,FORD MOTOR CO DEL,,,55.12500,55.87500,55.50000,1402900,0.006803,55.37500,55.50000,55.25000,0.006803
25785,1993-06-08,F,FORD MOTOR CO DEL,,,54.50000,55.37500,54.62500,925300,-0.015766,54.50000,55.75000,55.37500,-0.015766
25785,1993-06-09,F,FORD MOTOR CO DEL,,,54.50000,55.37500,54.50000,915300,-0.002288,54.50000,54.75000,54.75000,-0.002288
25785,1993-06-10,F,FORD MOTOR CO DEL,,,54.25000,54.75000,54.62500,666300,0.002294,54.50000,54.75000,54.25000,0.002294
25785,1993-06-11,F,FORD MOTOR CO DEL,,,53.62500,54.62500,53.75000,908300,-0.016018,53.75000,54.00000,54.62500,-0.016018
25785,1993-06-14,F,FORD MOTOR CO DEL,,,51.50000,53.25000,51.87500,1954900,-0.034884,51.87500,52.25000,52.87500,-0.034884
25785,1993-06-15,F,FORD MOTOR CO DEL,,,50.75000,52.25000,50.87500,1980700,-0.019277,51.00000,51.12500,52.25000,-0.019277
25785,1993-06-16,F,FORD MOTOR CO DEL,,,49.87500,50.25000,49.87500,2868400,-0.019656,49.87500,51.00000,50.00000,-0.019656
25785,1993-06-17,F,FORD MOTOR CO DEL,,,50.25000,50.87500,50.87500,1139100,0.020050,50.75000,50.87500,50.37500,0.020050
25785,1993-06-18,F,FORD MOTOR CO DEL,,,49.75000,50.50000,50.00000,2633800,-0.017199,49.87500,50.25000,50.12500,-0.017199
25785,1993-06-21,F,FORD MOTOR CO DEL,,,50.12500,51.25000,51.12500,1941900,0.022500,51.00000,51.50000,50.12500,0.022500
25785,1993-06-22,F,FORD MOTOR CO DEL,,,50.50000,51.87500,51.12500,1653700,0.000000,50.00000,51.12500,51.37500,0.000000
25785,1993-06-23,F,FORD MOTOR CO DEL,,,50.00000,51.12500,50.50000,1179000,-0.012225,50.50000,50.62500,51.00000,-0.012225
25785,1993-06-24,F,FORD MOTOR CO DEL,,,50.25000,50.87500,50.75000,864500,0.004950,50.75000,50.87500,50.25000,0.004950
25785,1993-06-25,F,FORD MOTOR CO DEL,,,50.50000,51.25000,50.87500,670100,0.002463,50.00000,50.87500,51.12500,0.002463
25785,1993-06-28,F,FORD MOTOR CO DEL,,,50.75000,51.87500,51.62500,1425300,0.014742,51.37500,51.75000,50.75000,0.014742
25785,1993-06-29,F,FORD MOTOR CO DEL,,,51.50000,52.37500,51.50000,845000,-0.002421,50.87500,51.75000,51.75000,-0.002421
25785,1993-06-30,F,FORD MOTOR CO DEL,,,51.50000,52.62500,52.25000,792900,0.014563,51.25000,52.37500,51.50000,0.014563
25785,1993-07-01,F,FORD MOTOR CO DEL,,,50.62500,52.25000,51.00000,1235000,-0.023923,50.75000,51.00000,52.12500,-0.023923
25785,1993-07-02,F,FORD MOTOR CO DEL,,,49.25000,50.75000,49.75000,2177900,-0.024510,49.62500,49.75000,50.75000,-0.024510
25785,1993-07-06,F,FORD MOTOR CO DEL,,,48.37500,50.00000,48.37500,2175000,-0.027638,48.12500,48.50000,49.50000,-0.027638
25785,1993-07-07,F,FORD MOTOR CO DEL,,,48.50000,49.62500,49.50000,1560500,0.023256,49.37500,49.62500,48.50000,0.023256
25785,1993-07-08,F,FORD MOTOR CO DEL,,,49.37500,51.25000,51.25000,2394100,0.035354,51.00000,51.25000,49.75000,0.035354
25785,1993-07-09,F,FORD MOTOR CO DEL,,,50.75000,52.37500,52.12500,1449600,0.017073,52.12500,52.37500,51.00000,0.017073
25785,1993-07-12,F,FORD MOTOR CO DEL,,,49.75000,51.25000,50.12500,2293500,-0.038369,50.12500,50.25000,51.25000,-0.038369
25785,1993-07-13,F,FORD MOTOR CO DEL,,,50.25000,50.87500,50.62500,1851000,0.009975,50.50000,51.75000,50.87500,0.009975
25785,1993-07-14,F,FORD MOTOR CO DEL,,,50.50000,51.50000,51.37500,1329500,0.014815,50.37500,51.50000,50.62500,0.014815
25785,1993-07-15,F,FORD MOTOR CO DEL,,,50.62500,51.37500,51.00000,839500,-0.007299,50.75000,51.00000,51.37500,-0.007299
25785,1993-07-16,F,FORD MOTOR CO DEL,,,50.62500,51.62500,51.37500,1192200,0.007353,51.37500,51.50000,50.75000,0.007353
25785,1993-07-19,F,FORD MOTOR CO DEL,,,51.25000,51.75000,51.50000,940500,0.002433,51.25000,52.25000,51.37500,0.002433
25785,1993-07-20,F,FORD MOTOR CO DEL,,,50.87500,53.50000,53.25000,1939700,0.033981,52.12500,53.25000,51.62500,0.033981
25785,1993-07-21,F,FORD MOTOR CO DEL,,,52.75000,53.62500,53.50000,1366300,0.004695,53.37500,53.75000,53.00000,0.004695
25785,1993-07-22,F,FORD MOTOR CO DEL,,,52.37500,53.25000,52.50000,673500,-0.018692,52.50000,53.00000,53.12500,-0.018692
25785,1993-07-23,F,FORD MOTOR CO DEL,,,51.50000,52.37500,52.12500,805200,-0.007143,52.00000,52.37500,52.25000,-0.007143
25785,1993-07-26,F,FORD MOTOR CO DEL,,,52.00000,52.87500,52.75000,753000,0.011990,52.50000,53.75000,52.00000,0.011990
25785,1993-07-27,F,FORD MOTOR CO DEL,,,50.87500,52.50000,51.25000,901400,-0.020853,51.12500,52.25000,52.25000,-0.028436
25785,1993-07-28,F,FORD MOTOR CO DEL,,,50.75000,52.50000,52.00000,2121200,0.014634,51.75000,52.00000,51.87500,0.014634
25785,1993-07-29,F,FORD MOTOR CO DEL,,,52.12500,53.75000,53.12500,1572500,0.021635,53.12500,53.37500,52.50000,0.021635
25785,1993-07-30,F,FORD MOTOR CO DEL,,,52.75000,53.75000,52.75000,772200,-0.007059,52.75000,52.87500,53.62500,-0.007059
25785,1993-08-02,F,FORD MOTOR CO DEL,,,53.00000,54.75000,54.50000,1997200,0.033175,54.37500,54.62500,53.37500,0.033175
25785,1993-08-03,F,FORD MOTOR CO DEL,,,54.37500,55.00000,54.62500,1172700,0.002294,54.50000,54.62500,54.62500,0.002294
25785,1993-08-04,F,FORD MOTOR CO DEL,,,53.75000,54.75000,53.75000,1351800,-0.016018,53.75000,53.87500,54.62500,-0.016018
25785,1993-08-05,F,FORD MOTOR CO DEL,,,52.12500,53.87500,52.62500,1309300,-0.020930,52.50000,52.62500,53.75000,-0.020930
25785,1993-08-06,F,FORD MOTOR CO DEL,,,51.25000,51.87500,51.62500,1525800,-0.019002,51.62500,52.00000,51.37500,-0.019002
25785,1993-08-09,F,FORD MOTOR CO DEL,,,51.62500,52.87500,52.25000,968500,0.012107,52.25000,52.50000,51.75000,0.012107
25785,1993-08-10,F,FORD MOTOR CO DEL,,,52.12500,52.62500,52.50000,589600,0.004785,52.37500,53.50000,52.25000,0.004785
25785,1993-08-11,F,FORD MOTOR CO DEL,,,52.12500,52.75000,52.75000,625500,0.004762,52.50000,53.00000,52.62500,0.004762
25785,1993-08-12,F,FORD MOTOR CO DEL,,,52.12500,53.37500,52.37500,566600,-0.007109,52.12500,53.50000,52.87500,-0.007109
25785,1993-08-13,F,FORD MOTOR CO DEL,,,51.50000,52.62500,51.87500,864300,-0.009547,51.75000,52.00000,52.62500,-0.009547
25785,1993-08-16,F,FORD MOTOR CO DEL,,,51.37500,52.50000,52.12500,944400,0.004819,52.25000,52.50000,51.75000,0.004819
25785,1993-08-17,F,FORD MOTOR CO DEL,,,51.75000,52.50000,51.75000,566000,-0.007194,51.75000,51.87500,52.50000,-0.007194
25785,1993-08-18,F,FORD MOTOR CO DEL,,,49.62500,51.87500,50.25000,1954100,-0.028986,50.25000,51.37500,51.87500,-0.028986
25785,1993-08-19,F,FORD MOTOR CO DEL,,,50.50000,51.12500,50.87500,2036500,0.012438,50.75000,50.87500,50.62500,0.012438
25785,1993-08-20,F,FORD MOTOR CO DEL,,,49.00000,50.87500,49.50000,3676500,-0.027027,49.12500,49.62500,50.87500,-0.027027
25785,1993-08-23,F,FORD MOTOR CO DEL,,,49.25000,50.37500,50.12500,1466500,0.012626,49.87500,50.25000,49.50000,0.012626
25785,1993-08-24,F,FORD MOTOR CO DEL,,,50.12500,51.87500,51.75000,1682300,0.032419,51.37500,52.12500,50.25000,0.032419
25785,1993-08-25,F,FORD MOTOR CO DEL,,,51.50000,52.37500,51.87500,1769200,0.002415,51.37500,51.87500,52.00000,0.002415
25785,1993-08-26,F,FORD MOTOR CO DEL,,,51.62500,52.75000,52.25000,1261000,0.007229,52.00000,52.25000,51.87500,0.007229
25785,1993-08-27,F,FORD MOTOR CO DEL,,,51.62500,52.12500,51.75000,740800,-0.009569,51.62500,51.75000,52.00000,-0.009569
25785,1993-08-30,F,FORD MOTOR CO DEL,,,50.87500,52.12500,51.25000,887700,-0.009662,50.12500,52.37500,51.75000,-0.009662
25785,1993-08-31,F,FORD MOTOR CO DEL,,,50.75000,51.50000,51.00000,1053500,-0.004878,50.87500,51.12500,51.25000,-0.004878
25785,1993-09-01,F,FORD MOTOR CO DEL,,,50.75000,52.37500,52.37500,1179500,0.026961,52.00000,52.37500,50.87500,0.026961
25785,1993-09-02,F,FORD MOTOR CO DEL,,,51.37500,52.37500,51.50000,628200,-0.016706,51.00000,51.50000,52.37500,-0.016706
25785,1993-09-03,F,FORD MOTOR CO DEL,,,50.50000,51.37500,50.50000,681000,-0.019417,50.00000,50.50000,51.37500,-0.019417
25785,1993-09-07,F,FORD MOTOR CO DEL,,,50.62500,51.37500,50.87500,776100,0.007426,50.62500,51.00000,50.75000,0.007426
25785,1993-09-08,F,FORD MOTOR CO DEL,,,50.87500,51.62500,51.50000,1327500,0.012285,51.37500,51.50000,51.00000,0.012285
25785,1993-09-09,F,FORD MOTOR CO DEL,,,51.62500,53.00000,52.87500,1869600,0.026699,52.62500,53.00000,51.75000,0.026699
25785,1993-09-10,F,FORD MOTOR CO DEL,,,53.00000,54.00000,53.62500,1325900,0.014184,53.37500,53.75000,53.00000,0.014184
25785,1993-09-13,F,FORD MOTOR CO DEL,,,53.75000,55.12500,55.00000,1697100,0.025641,54.62500,54.87500,53.75000,0.025641
25785,1993-09-14,F,FORD MOTOR CO DEL,,,53.50000,54.50000,53.75000,1439000,-0.022727,53.62500,53.87500,54.37500,-0.022727
25785,1993-09-15,F,FORD MOTOR CO DEL,,,53.37500,54.87500,54.75000,1716700,0.018605,54.50000,54.87500,53.87500,0.018605
25785,1993-09-16,F,FORD MOTOR CO DEL,,,54.25000,54.87500,54.50000,994500,-0.004566,54.12500,54.75000,54.87500,-0.004566
25785,1993-09-17,F,FORD MOTOR CO DEL,,,54.37500,55.00000,54.75000,2050100,0.004587,54.62500,55.00000,54.37500,0.004587
25785,1993-09-20,F,FORD MOTOR CO DEL,,,54.75000,55.50000,55.00000,1317100,0.004566,55.00000,55.12500,55.00000,0.004566
25785,1993-09-21,F,FORD MOTOR CO DEL,,,54.00000,55.12500,54.37500,1738600,-0.011364,54.00000,54.50000,55.12500,-0.011364
25785,1993-09-22,F,FORD MOTOR CO DEL,,,54.37500,55.25000,54.62500,1438800,0.004598,54.37500,54.87500,54.75000,0.004598
25785,1993-09-23,F,FORD MOTOR CO DEL,,,54.87500,56.87500,56.87500,2673000,0.041190,56.75000,56.87500,55.00000,0.041190
25785,1993-09-24,F,FORD MOTOR CO DEL,,,56.37500,57.75000,56.87500,2645700,0.000000,56.62500,56.87500,56.75000,0.000000
25785,1993-09-27,F,FORD MOTOR CO DEL,,,55.75000,57.00000,56.00000,1194800,-0.015385,55.87500,56.25000,57.00000,-0.015385
25785,1993-09-28,F,FORD MOTOR CO DEL,,,55.37500,56.50000,56.25000,1132400,0.004464,56.25000,56.37500,55.87500,0.004464
25785,1993-09-29,F,FORD MOTOR CO DEL,,,55.25000,56.37500,55.25000,865700,-0.017778,55.25000,55.75000,56.25000,-0.017778
25785,1993-09-30,F,FORD MOTOR CO DEL,,,54.75000,55.62500,55.25000,1141900,0.000000,55.12500,55.62500,55.25000,0.000000
25785,1993-10-01,F,FORD MOTOR CO DEL,,,55.25000,56.50000,56.50000,1819300,0.022624,56.37500,56.75000,55.37500,0.022624
25785,1993-10-04,F,FORD MOTOR CO DEL,,,56.25000,56.87500,56.75000,1030500,0.004425,56.62500,56.87500,56.25000,0.004425
25785,1993-10-05,F,FORD MOTOR CO DEL,,,56.50000,57.12500,56.75000,1031600,0.000000,56.50000,56.75000,56.87500,0.000000
25785,1993-10-06,F,FORD MOTOR CO DEL,,,55.37500,56.62500,55.50000,1170200,-0.022026,55.37500,55.75000,56.50000,-0.022026
25785,1993-10-07,F,FORD MOTOR CO DEL,,,55.37500,56.25000,55.87500,1206600,0.006757,55.62500,56.00000,55.50000,0.006757
25785,1993-10-08,F,FORD MOTOR CO DEL,,,55.00000,56.12500,55.62500,1287900,-0.004474,55.50000,55.87500,55.87500,-0.004474
25785,1993-10-11,F,FORD MOTOR CO DEL,,,54.75000,55.37500,55.00000,472000,-0.011236,55.00000,55.12500,55.25000,-0.011236
25785,1993-10-12,F,FORD MOTOR CO DEL,,,54.87500,55.50000,54.87500,806100,-0.002273,54.87500,55.25000,55.25000,-0.002273
25785,1993-10-13,F,FORD MOTOR CO DEL,,,54.87500,55.50000,55.25000,836900,0.006834,55.00000,55.25000,54.87500,0.006834
25785,1993-10-14,F,FORD MOTOR CO DEL,,,55.87500,57.75000,57.50000,2720000,0.040724,57.37500,57.50000,56.00000,0.040724
25785,1993-10-15,F,FORD MOTOR CO DEL,,,57.25000,58.12500,57.37500,1382600,-0.002174,57.00000,57.50000,57.87500,-0.002174
25785,1993-10-18,F,FORD MOTOR CO DEL,,,57.12500,58.87500,58.62500,2245400,0.021786,58.50000,59.12500,57.12500,0.021786
25785,1993-10-19,F,FORD MOTOR CO DEL,,,57.87500,58.87500,58.00000,1591300,-0.010661,57.87500,58.50000,58.50000,-0.010661
25785,1993-10-20,F,FORD MOTOR CO DEL,,,57.75000,58.37500,58.37500,1118100,0.006466,58.25000,58.37500,58.12500,0.006466
25785,1993-10-21,F,FORD MOTOR CO DEL,,,58.12500,59.75000,59.00000,1757900,0.010707,58.87500,59.25000,58.25000,0.010707
25785,1993-10-22,F,FORD MOTOR CO DEL,,,58.50000,59.62500,59.25000,1310100,0.004237,58.87500,59.62500,59.00000,0.004237
25785,1993-10-25,F,FORD MOTOR CO DEL,,,57.87500,59.37500,59.25000,1897600,0.000000,59.12500,59.37500,58.87500,0.000000
25785,1993-10-26,F,FORD MOTOR CO DEL,,,59.00000,59.75000,59.75000,1378000,0.015190,59.50000,59.75000,59.12500,0.008439
25785,1993-10-27,F,FORD MOTOR CO DEL,,,59.75000,61.12500,60.37500,5084601,0.010460,60.25000,60.50000,60.50000,0.010460
25785,1993-10-28,F,FORD MOTOR CO DEL,,,60.37500,63.25000,62.87500,4612000,0.041408,62.75000,63.25000,60.50000,0.041408
25785,1993-10-29,F,FORD MOTOR CO DEL,,,61.75000,63.00000,61.87500,2451100,-0.015905,61.50000,62.00000,63.00000,-0.015905
25785,1993-11-01,F,FORD MOTOR CO DEL,,,61.75000,62.75000,62.75000,2141300,0.014141,62.50000,62.75000,61.87500,0.014141
25785,1993-11-02,F,FORD MOTOR CO DEL,,,62.50000,63.87500,63.75000,1902100,0.015936,63.50000,63.87500,62.87500,0.015936
25785,1993-11-03,F,FORD MOTOR CO DEL,,,62.50000,64.75000,63.25000,2438400,-0.007843,62.87500,63.62500,64.25000,-0.007843
25785,1993-11-04,F,FORD MOTOR CO DEL,,,61.12500,62.75000,61.25000,1457800,-0.031621,61.25000,61.75000,62.00000,-0.031621
25785,1993-11-05,F,FORD MOTOR CO DEL,,,59.75000,61.37500,60.87500,2145800,-0.006122,60.50000,61.00000,61.00000,-0.006122
25785,1993-11-08,F,FORD MOTOR CO DEL,,,61.00000,61.87500,61.50000,1156300,0.010267,61.37500,61.62500,61.12500,0.010267
25785,1993-11-09,F,FORD MOTOR CO DEL,,,60.50000,62.12500,60.87500,1127200,-0.010163,60.62500,61.00000,62.12500,-0.010163
25785,1993-11-10,F,FORD MOTOR CO DEL,,,60.62500,61.87500,61.75000,1299700,0.014374,61.37500,61.75000,61.12500,0.014374
25785,1993-11-11,F,FORD MOTOR CO DEL,,,61.00000,62.62500,61.00000,1408500,-0.012146,61.00000,61.12500,62.00000,-0.012146
25785,1993-11-12,F,FORD MOTOR CO DEL,,,61.12500,62.25000,61.87500,1281700,0.014344,61.87500,62.00000,62.25000,0.014344
25785,1993-11-15,F,FORD MOTOR CO DEL,,,61.50000,62.12500,62.12500,982100,0.004040,62.12500,62.50000,61.87500,0.004040
25785,1993-11-16,F,FORD MOTOR CO DEL,,,62.00000,62.75000,62.12500,1168200,0.000000,61.75000,62.50000,62.37500,0.000000
25785,1993-11-17,F,FORD MOTOR CO DEL,,,61.37500,62.62500,61.87500,1360300,-0.004024,61.75000,62.25000,62.62500,-0.004024
25785,1993-11-18,F,FORD MOTOR CO DEL,,,61.75000,62.50000,62.50000,1388300,0.010101,62.37500,62.75000,62.00000,0.010101
25785,1993-11-19,F,FORD MOTOR CO DEL,,,61.62500,62.50000,61.75000,1521100,-0.012000,61.50000,61.75000,62.50000,-0.012000
25785,1993-11-22,F,FORD MOTOR CO DEL,,,59.00000,61.37500,59.62500,2734800,-0.034413,59.37500,59.62500,61.37500,-0.034413
25785,1993-11-23,F,FORD MOTOR CO DEL,,,58.62500,59.75000,59.62500,1361800,0.000000,59.50000,60.00000,59.50000,0.000000
25785,1993-11-24,F,FORD MOTOR CO DEL,,,59.62500,61.00000,61.00000,1533700,0.023061,60.87500,61.00000,59.75000,0.023061
25785,1993-11-26,F,FORD MOTOR CO DEL,,,61.12500,61.37500,61.25000,303500,0.004098,60.75000,61.37500,61.25000,0.004098
25785,1993-11-29,F,FORD MOTOR CO DEL,,,61.62500,62.37500,61.75000,1180500,0.008163,61.37500,61.75000,62.25000,0.008163
25785,1993-11-30,F,FORD MOTOR CO DEL,,,60.50000,61.75000,60.75000,1147100,-0.016194,60.50000,60.87500,61.62500,-0.016194
25785,1993-12-01,F,FORD MOTOR CO DEL,,,61.37500,63.00000,62.62500,1572100,0.030864,62.50000,62.62500,61.75000,0.030864
25785,1993-12-02,F,FORD MOTOR CO DEL,,,61.75000,63.25000,62.25000,1539200,-0.005988,62.12500,62.50000,62.50000,-0.005988
25785,1993-12-03,F,FORD MOTOR CO DEL,,,62.37500,63.12500,63.12500,1363200,0.014056,63.00000,63.12500,62.62500,0.014056
25785,1993-12-06,F,FORD MOTOR CO DEL,,,62.62500,63.50000,62.87500,1347300,-0.003960,62.62500,63.12500,63.25000,-0.003960
25785,1993-12-07,F,FORD MOTOR CO DEL,,,62.37500,63.50000,63.37500,1149200,0.007952,63.00000,63.37500,62.50000,0.007952
25785,1993-12-08,F,FORD MOTOR CO DEL,,,62.87500,63.37500,63.25000,1215200,-0.001972,63.25000,63.50000,63.37500,-0.001972
25785,1993-12-09,F,FORD MOTOR CO DEL,,,63.50000,64.12500,63.50000,2159000,0.003953,63.50000,63.75000,63.62500,0.003953
25785,1993-12-10,F,FORD MOTOR CO DEL,,,63.00000,64.37500,64.37500,1410100,0.013780,64.12500,64.37500,63.87500,0.013780
25785,1993-12-13,F,FORD MOTOR CO DEL,,,63.62500,65.00000,64.75000,1371000,0.005825,64.62500,65.00000,64.50000,0.005825
25785,1993-12-14,F,FORD MOTOR CO DEL,,,63.25000,64.50000,63.50000,986700,-0.019305,63.50000,63.87500,64.50000,-0.019305
25785,1993-12-15,F,FORD MOTOR CO DEL,,,62.75000,63.50000,62.87500,1306000,-0.009843,62.75000,63.12500,63.50000,-0.009843
25785,1993-12-16,F,FORD MOTOR CO DEL,,,62.50000,63.50000,62.50000,1097700,-0.005964,62.25000,62.62500,63.12500,-0.005964
25785,1993-12-17,F,FORD MOTOR CO DEL,,,62.50000,63.25000,62.62500,1168000,0.002000,62.62500,62.75000,62.50000,0.002000
25785,1993-12-20,F,FORD MOTOR CO DEL,,,62.62500,63.50000,62.75000,1170700,0.001996,62.62500,62.87500,63.25000,0.001996
25785,1993-12-21,F,FORD MOTOR CO DEL,,,62.75000,64.75000,64.75000,1474900,0.031873,64.50000,64.75000,62.87500,0.031873
25785,1993-12-22,F,FORD MOTOR CO DEL,,,64.62500,66.12500,65.62500,1683000,0.013514,65.50000,66.12500,65.00000,0.013514
25785,1993-12-23,F,FORD MOTOR CO DEL,,,64.75000,66.12500,64.87500,941200,-0.011429,64.75000,65.25000,65.75000,-0.011429
25785,1993-12-27,F,FORD MOTOR CO DEL,,,64.25000,65.00000,64.50000,629500,-0.005780,64.50000,64.75000,64.87500,-0.005780
25785,1993-12-28,F,FORD MOTOR CO DEL,,,64.75000,65.50000,64.75000,859500,0.003876,64.50000,65.00000,64.75000,0.003876
25785,1993-12-29,F,FORD MOTOR CO DEL,,,64.37500,65.12500,64.75000,771700,0.000000,64.50000,65.00000,64.87500,0.000000
25785,1993-12-30,F,FORD MOTOR CO DEL,,,64.37500,65.00000,64.75000,1004000,0.000000,64.75000,65.25000,64.75000,0.000000
25785,1993-12-31,F,FORD MOTOR CO DEL,,,64.37500,65.00000,64.50000,580800,-0.003861,64.50000,64.87500,65.00000,-0.003861
25785,1994-01-03,F,FORD MOTOR CO DEL,,,62.50000,64.00000,63.37500,1907300,-0.017442,63.00000,63.50000,63.87500,-0.017442
25785,1994-01-04,F,FORD MOTOR CO DEL,,,62.87500,64.50000,63.87500,1773000,0.007890,63.62500,63.87500,63.37500,0.007890
25785,1994-01-05,F,FORD MOTOR CO DEL,,,63.75000,64.62500,63.75000,1750200,-0.001957,63.75000,64.00000,64.50000,-0.001957
25785,1994-01-06,F,FORD MOTOR CO DEL,,,63.00000,64.25000,63.62500,1351400,-0.001961,63.62500,63.87500,64.00000,-0.001961
25785,1994-01-07,F,FORD MOTOR CO DEL,,,63.62500,64.75000,64.62500,1035100,0.015717,64.50000,64.75000,63.87500,0.015717
25785,1994-01-10,F,FORD MOTOR CO DEL,,,65.00000,67.25000,67.25000,3275000,0.040619,66.75000,67.25000,65.25000,0.040619
25785,1994-01-11,F,FORD MOTOR CO DEL,,,66.87500,69.25000,68.25000,3183800,0.014870,68.12500,68.37500,67.12500,0.014870
25785,1994-01-12,F,FORD MOTOR CO DEL,,,67.00000,68.62500,67.50000,2651600,-0.010989,67.37500,67.50000,68.12500,-0.010989
25785,1994-01-13,F,FORD MOTOR CO DEL,,,66.75000,68.37500,67.87500,1859300,0.005556,67.75000,68.00000,67.62500,0.005556
25785,1994-01-14,F,FORD MOTOR CO DEL,,,68.00000,68.62500,68.25000,1528300,0.005525,68.25000,68.37500,68.00000,0.005525
25785,1994-01-17,F,FORD MOTOR CO DEL,,,67.37500,68.50000,68.37500,749900,0.001832,68.37500,68.62500,68.25000,0.001832
25785,1994-01-18,F,FORD MOTOR CO DEL,,,68.37500,69.37500,68.62500,1460500,0.003656,68.75000,68.87500,69.00000,0.003656
25785,1994-01-19,F,FORD MOTOR CO DEL,,,66.75000,69.50000,67.50000,1639400,-0.016393,67.12500,67.87500,68.62500,-0.016393
25785,1994-01-20,F,FORD MOTOR CO DEL,,,66.37500,67.62500,67.12500,1447400,-0.005556,67.12500,67.25000,67.37500,-0.005556
25785,1994-01-21,F,FORD MOTOR CO DEL,,,66.50000,67.50000,67.50000,1546500,0.005587,67.12500,67.50000,67.12500,0.005587
25785,1994-01-24,F,FORD MOTOR CO DEL,,,65.50000,67.12500,65.62500,1754800,-0.021852,65.62500,65.87500,67.00000,-0.027778
25785,1994-01-25,F,FORD MOTOR CO DEL,,,64.37500,66.25000,65.12500,1955000,-0.007619,65.12500,65.25000,66.00000,-0.007619
25785,1994-01-26,F,FORD MOTOR CO DEL,,,64.25000,65.25000,64.87500,1152600,-0.003839,64.75000,65.00000,65.00000,-0.003839
25785,1994-01-27,F,FORD MOTOR CO DEL,,,64.87500,66.75000,66.75000,2742900,0.028902,66.50000,66.75000,65.50000,0.028902
25785,1994-01-28,F,FORD MOTOR CO DEL,,,64.87500,67.37500,65.25000,1600900,-0.022472,65.12500,65.50000,67.37500,-0.022472
25785,1994-01-31,F,FORD MOTOR CO DEL,,,66.12500,67.12500,67.00000,1149700,0.026820,66.75000,67.00000,67.00000,0.026820
25785,1994-02-01,F,FORD MOTOR CO DEL,,,66.50000,68.25000,66.75000,1607800,-0.003731,66.62500,66.87500,67.00000,-0.003731
25785,1994-02-02,F,FORD MOTOR CO DEL,,,66.62500,67.87500,67.75000,1366400,0.014981,67.62500,67.87500,67.12500,0.014981
25785,1994-02-03,F,FORD MOTOR CO DEL,,,67.62500,69.62500,69.37500,3197600,0.023985,69.12500,69.62500,68.00000,0.023985
25785,1994-02-04,F,FORD MOTOR CO DEL,,,68.00000,70.12500,68.00000,3240300,-0.019820,68.00000,68.50000,69.75000,-0.019820
25785,1994-02-07,F,FORD MOTOR CO DEL,,,66.50000,68.87500,68.87500,2373100,0.012868,68.50000,68.87500,67.75000,0.012868
25785,1994-02-08,F,FORD MOTOR CO DEL,,,68.37500,69.75000,69.50000,1547800,0.009074,69.25000,69.62500,69.00000,0.009074
25785,1994-02-09,F,FORD MOTOR CO DEL,,,68.37500,69.62500,68.50000,3090900,-0.014388,68.00000,68.50000,68.75000,-0.014388
25785,1994-02-10,F,FORD MOTOR CO DEL,,,66.00000,68.87500,66.00000,5073101,-0.036496,66.00000,66.25000,68.75000,-0.036496
25785,1994-02-11,F,FORD MOTOR CO DEL,,,64.62500,65.75000,65.50000,2355300,-0.007576,65.37500,65.50000,65.75000,-0.007576
25785,1994-02-14,F,FORD MOTOR CO DEL,,,65.50000,66.62500,65.75000,1399100,0.003817,65.75000,65.87500,65.75000,0.003817
25785,1994-02-15,F,FORD MOTOR CO DEL,,,65.12500,66.25000,66.25000,1646400,0.007605,66.00000,66.25000,65.87500,0.007605
25785,1994-02-16,F,FORD MOTOR CO DEL,,,65.00000,66.87500,65.00000,1233200,-0.018868,64.75000,65.12500,66.87500,-0.018868
25785,1994-02-17,F,FORD MOTOR CO DEL,,,64.25000,66.00000,64.62500,2055800,-0.005769,64.50000,64.87500,65.87500,-0.005769
25785,1994-02-18,F,FORD MOTOR CO DEL,,,63.87500,65.12500,64.50000,1600400,-0.001934,64.37500,64.50000,64.37500,-0.001934
25785,1994-02-22,F,FORD MOTOR CO DEL,,,63.62500,65.00000,64.50000,1352700,0.000000,64.50000,64.62500,65.00000,0.000000
25785,1994-02-23,F,FORD MOTOR CO DEL,,,63.75000,65.50000,64.25000,1999700,-0.003876,64.12500,64.50000,64.62500,-0.003876
25785,1994-02-24,F,FORD MOTOR CO DEL,,,62.00000,64.00000,62.50000,2584900,-0.027237,62.25000,62.62500,63.75000,-0.027237
25785,1994-02-25,F,FORD MOTOR CO DEL,,,61.00000,62.87500,61.50000,2779600,-0.016000,61.50000,61.75000,62.62500,-0.016000
25785,1994-02-28,F,FORD MOTOR CO DEL,,,62.00000,62.75000,62.12500,1837400,0.010163,62.12500,62.25000,62.12500,0.010163
25785,1994-03-01,F,FORD MOTOR CO DEL,,,61.37500,62.75000,62.25000,1853200,0.002012,62.12500,62.50000,62.50000,0.002012
25785,1994-03-02,F,FORD MOTOR CO DEL,,,61.00000,64.12500,63.87500,3231200,0.026104,63.87500,64.00000,62.00000,0.026104
25785,1994-03-03,F,FORD MOTOR CO DEL,,,63.50000,64.87500,63.62500,1656300,-0.003914,63.62500,63.87500,64.37500,-0.003914
25785,1994-03-04,F,FORD MOTOR CO DEL,,,63.12500,65.37500,65.12500,2021500,0.023576,64.87500,65.25000,64.00000,0.023576
25785,1994-03-07,F,FORD MOTOR CO DEL,,,64.25000,65.87500,64.37500,1463200,-0.011516,64.25000,64.75000,65.75000,-0.011516
25785,1994-03-08,F,FORD MOTOR CO DEL,,,63.75000,64.75000,63.75000,1235900,-0.009709,63.75000,64.00000,64.50000,-0.009709
25785,1994-03-09,F,FORD MOTOR CO DEL,,,63.75000,65.37500,65.37500,942500,0.025490,65.00000,65.37500,64.12500,0.025490
25785,1994-03-10,F,FORD MOTOR CO DEL,,,64.25000,65.62500,65.00000,1067600,-0.005736,64.75000,65.00000,65.50000,-0.005736
25785,1994-03-11,F,FORD MOTOR CO DEL,,,64.12500,65.50000,65.50000,859500,0.007692,65.25000,65.50000,65.00000,0.007692
25785,1994-03-14,F,FORD MOTOR CO DEL,,,64.37500,65.50000,64.37500,735900,-0.017176,64.00000,64.75000,65.50000,-0.017176
25785,1994-03-15,F,FORD MOTOR CO DEL,,,63.12500,64.12500,63.12500,1486300,-0.019417,63.12500,63.37500,64.12500,-0.019417
25785,1994-03-16,F,FORD MOTOR CO DEL,,,61.50000,63.62500,63.62500,1906400,0.007921,63.62500,63.75000,62.50000,0.007921
25785,1994-03-17,F,FORD MOTOR CO DEL,,,62.25000,63.87500,62.37500,1859600,-0.019646,62.37500,62.75000,63.62500,-0.019646
25785,1994-03-18,F,FORD MOTOR CO DEL,,,61.25000,62.37500,61.50000,2982000,-0.014028,61.25000,61.62500,61.25000,-0.014028
25785,1994-03-21,F,FORD MOTOR CO DEL,,,60.87500,62.25000,61.12500,2007500,-0.006098,61.00000,61.37500,61.62500,-0.006098
25785,1994-03-22,F,FORD MOTOR CO DEL,,,61.12500,61.75000,61.62500,881400,0.008180,61.37500,62.00000,61.75000,0.008180
25785,1994-03-23,F,FORD MOTOR CO DEL,,,61.87500,64.12500,63.37500,1727000,0.028398,63.12500,63.50000,62.12500,0.028398
25785,1994-03-24,F,FORD MOTOR CO DEL,,,60.00000,62.25000,61.37500,3747300,-0.031558,61.25000,61.75000,62.00000,-0.031558
25785,1994-03-25,F,FORD MOTOR CO DEL,,,60.25000,61.50000,60.25000,1886600,-0.018330,60.50000,60.62500,61.50000,-0.018330
25785,1994-03-28,F,FORD MOTOR CO DEL,,,59.62500,60.75000,60.12500,2090400,-0.002075,60.37500,60.75000,60.00000,-0.002075
25785,1994-03-29,F,FORD MOTOR CO DEL,,,59.12500,60.75000,59.25000,1657700,-0.014553,59.00000,59.37500,60.50000,-0.014553
25785,1994-03-30,F,FORD MOTOR CO DEL,,,58.25000,59.87500,58.25000,2363900,-0.016878,58.00000,58.62500,59.87500,-0.016878
25785,1994-03-31,F,FORD MOTOR CO DEL,,,57.00000,59.00000,58.75000,2549800,0.008584,58.50000,59.12500,58.50000,0.008584
25785,1994-04-04,F,FORD MOTOR CO DEL,,,56.87500,59.00000,58.75000,3090400,0.000000,58.37500,58.75000,57.75000,0.000000
25785,1994-04-05,F,FORD MOTOR CO DEL,,,59.50000,60.87500,60.87500,2006000,0.036170,60.62500,60.87500,59.50000,0.036170
25785,1994-04-06,F,FORD MOTOR CO DEL,,,60.62500,61.50000,60.87500,1509400,0.000000,60.62500,61.00000,61.00000,0.000000
25785,1994-04-07,F,FORD MOTOR CO DEL,,,59.75000,61.00000,60.62500,1443300,-0.004107,60.37500,61.00000,61.00000,-0.004107
25785,1994-04-08,F,FORD MOTOR CO DEL,,,58.00000,60.37500,58.37500,1810400,-0.037113,58.12500,58.75000,60.37500,-0.037113
25785,1994-04-11,F,FORD MOTOR CO DEL,,,57.75000,59.62500,58.00000,1433000,-0.006424,58.00000,58.25000,59.00000,-0.006424
25785,1994-04-12,F,FORD MOTOR CO DEL,,,57.37500,58.37500,57.50000,1157100,-0.008621,57.25000,57.75000,58.37500,-0.008621
25785,1994-04-13,F,FORD MOTOR CO DEL,,,56.50000,58.75000,57.12500,1967400,-0.006522,56.87500,57.50000,57.50000,-0.006522
25785,1994-04-14,F,FORD MOTOR CO DEL,,,56.50000,59.12500,58.50000,2795500,0.024070,58.37500,58.75000,56.87500,0.024070
25785,1994-04-15,F,FORD MOTOR CO DEL,,,58.25000,59.75000,58.25000,2513700,-0.004274,58.00000,58.37500,58.50000,-0.004274
25785,1994-04-18,F,FORD MOTOR CO DEL,,,57.62500,58.87500,57.87500,1406600,-0.006438,57.62500,57.87500,58.75000,-0.006438
25785,1994-04-19,F,FORD MOTOR CO DEL,,,54.75000,57.50000,56.37500,2504700,-0.025918,56.25000,56.37500,57.12500,-0.025918
25785,1994-04-20,F,FORD MOTOR CO DEL,,,53.50000,56.75000,54.37500,4276800,-0.035477,54.12500,54.37500,56.50000,-0.035477
25785,1994-04-21,F,FORD MOTOR CO DEL,,,54.25000,56.50000,55.62500,4156000,0.022989,55.50000,55.75000,54.87500,0.022989
25785,1994-04-22,F,FORD MOTOR CO DEL,,,55.37500,56.87500,55.62500,2470200,0.000000,55.50000,55.62500,56.12500,0.000000
25785,1994-04-25,F,FORD MOTOR CO DEL,,,56.25000,58.00000,57.87500,2082900,0.040449,57.50000,58.12500,56.50000,0.040449
25785,1994-04-26,F,FORD MOTOR CO DEL,,,57.12500,58.00000,57.87500,1540600,0.007775,57.75000,58.00000,57.75000,0.000000
25785,1994-04-28,F,FORD MOTOR CO DEL,,,56.87500,58.50000,57.50000,1696900,-0.006479,57.25000,57.50000,58.00000,-0.006479
25785,1994-04-29,F,FORD MOTOR CO DEL,,,56.62500,58.50000,58.37500,3256600,0.015217,58.12500,58.37500,57.00000,0.015217
25785,1994-05-02,F,FORD MOTOR CO DEL,,,59.12500,60.87500,60.87500,2244400,0.042827,60.62500,60.75000,59.50000,0.042827
25785,1994-05-03,F,FORD MOTOR CO DEL,,,59.75000,61.00000,61.00000,1520500,0.002053,60.50000,61.00000,60.87500,0.002053
25785,1994-05-04,F,FORD MOTOR CO DEL,,,59.62500,61.25000,60.00000,1877000,-0.016393,59.75000,60.00000,61.00000,-0.016393
25785,1994-05-05,F,FORD MOTOR CO DEL,,,58.87500,60.25000,59.00000,1736700,-0.016667,58.87500,59.00000,60.00000,-0.016667
25785,1994-05-06,F,FORD MOTOR CO DEL,,,57.75000,58.62500,58.00000,3159000,-0.016949,58.12500,58.37500,58.25000,-0.016949
25785,1994-05-09,F,FORD MOTOR CO DEL,,,57.12500,58.25000,57.87500,1400600,-0.002155,57.75000,58.25000,57.12500,-0.002155
25785,1994-05-10,F,FORD MOTOR CO DEL,,,58.37500,59.50000,59.25000,1053700,0.023758,59.12500,59.62500,58.37500,0.023758
25785,1994-05-11,F,FORD MOTOR CO DEL,,,57.87500,59.62500,57.87500,1613200,-0.023207,57.62500,58.25000,59.25000,-0.023207
25785,1994-05-12,F,FORD MOTOR CO DEL,,,57.37500,58.87500,57.75000,1450100,-0.002160,57.75000,58.00000,58.87500,-0.002160
25785,1994-05-13,F,FORD MOTOR CO DEL,,,57.00000,58.12500,58.00000,1485900,0.004329,57.75000,58.12500,57.75000,0.004329
25785,1994-05-16,F,FORD MOTOR CO DEL,,,57.62500,58.00000,57.75000,950600,-0.004310,57.37500,58.00000,57.62500,-0.004310
25785,1994-05-17,F,FORD MOTOR CO DEL,,,57.62500,59.50000,59.37500,971300,0.028139,58.75000,59.75000,57.87500,0.028139
25785,1994-05-18,F,FORD MOTOR CO DEL,,,58.12500,59.62500,58.87500,2456300,-0.008421,58.50000,59.00000,59.62500,-0.008421
25785,1994-05-19,F,FORD MOTOR CO DEL,,,58.37500,59.50000,59.12500,1816300,0.004246,58.87500,59.37500,58.87500,0.004246
25785,1994-05-20,F,FORD MOTOR CO DEL,,,59.25000,60.12500,59.75000,2740700,0.010571,59.75000,60.00000,59.25000,0.010571
25785,1994-05-23,F,FORD MOTOR CO DEL,,,59.00000,59.75000,59.25000,803900,-0.008368,59.25000,59.62500,59.50000,-0.008368
25785,1994-05-24,F,FORD MOTOR CO DEL,,,58.25000,59.87500,58.50000,1196600,-0.012658,58.50000,58.62500,59.87500,-0.012658
25785,1994-05-25,F,FORD MOTOR CO DEL,,,57.50000,59.12500,58.50000,970500,0.000000,58.50000,58.87500,58.00000,0.000000
25785,1994-05-26,F,FORD MOTOR CO DEL,,,57.25000,59.00000,57.75000,1344200,-0.012821,57.37500,58.00000,58.75000,-0.012821
25785,1994-05-27,F,FORD MOTOR CO DEL,,,57.25000,58.37500,58.00000,1206100,0.004329,57.87500,58.25000,57.25000,0.004329
25785,1994-05-31,F,FORD MOTOR CO DEL,,,57.75000,58.25000,57.75000,1450600,-0.004310,57.50000,58.12500,57.75000,-0.004310
25785,1994-06-01,F,FORD MOTOR CO DEL,,,57.12500,58.50000,58.50000,1101300,0.012987,58.25000,58.50000,57.75000,0.012987
25785,1994-06-02,F,FORD MOTOR CO DEL,,,57.25000,58.87500,57.25000,1129300,-0.021368,57.25000,57.62500,58.75000,-0.021368
25785,1994-06-03,F,FORD MOTOR CO DEL,,,56.37500,57.12500,56.87500,2033400,-0.006550,56.75000,57.12500,57.00000,-0.006550
25785,1994-06-06,F,FORD MOTOR CO DEL,,,55.87500,57.25000,55.87500,1158800,-0.017582,55.87500,56.12500,57.00000,-0.017582
25785,1994-06-07,F,FORD MOTOR CO DEL,,,55.75000,56.37500,56.00000,1282200,0.002237,55.87500,56.12500,55.75000,0.002237
25785,1994-06-08,F,FORD MOTOR CO DEL,,,54.87500,56.75000,55.62500,1540200,-0.006696,55.25000,55.62500,56.62500,-0.006696
25785,1994-06-09,F,FORD MOTOR CO DEL,,,55.12500,56.37500,56.25000,1023000,0.011236,56.00000,56.25000,55.25000,0.011236
25785,1994-06-10,F,FORD MOTOR CO DEL,,,56.37500,57.62500,57.12500,1163800,0.015556,57.00000,57.12500,56.62500,0.015556
25785,1994-06-13,F,FORD MOTOR CO DEL,,,57.12500,59.00000,58.87500,1382000,0.030635,58.62500,59.12500,57.12500,0.030635
25785,1994-06-14,F,FORD MOTOR CO DEL,,,59.62500,61.50000,61.12500,4284100,0.038217,61.00000,61.12500,59.87500,0.038217
25785,1994-06-15,F,FORD MOTOR CO DEL,,,60.62500,62.25000,60.62500,2249300,-0.008180,60.50000,61.00000,61.62500,-0.008180
25785,1994-06-16,F,FORD MOTOR CO DEL,,,60.50000,61.62500,60.62500,1681300,0.000000,60.50000,60.62500,60.62500,0.000000
25785,1994-06-17,F,FORD MOTOR CO DEL,,,59.75000,60.75000,59.87500,2401500,-0.012371,59.87500,60.00000,60.62500,-0.012371
25785,1994-06-20,F,FORD MOTOR CO DEL,,,58.87500,59.62500,59.00000,1142500,-0.014614,58.87500,59.12500,59.37500,-0.014614
25785,1994-06-21,F,FORD MOTOR CO DEL,,,57.25000,59.12500,58.25000,2581300,-0.012712,58.12500,58.25000,58.75000,-0.012712
25785,1994-06-22,F,FORD MOTOR CO DEL,,,58.00000,58.87500,58.25000,1236900,0.000000,58.25000,58.62500,58.50000,0.000000
25785,1994-06-23,F,FORD MOTOR CO DEL,,,57.12500,58.62500,57.37500,1464200,-0.015021,57.25000,57.37500,58.37500,-0.015021
25785,1994-06-24,F,FORD MOTOR CO DEL,,,56.25000,57.87500,57.75000,1595900,0.006536,57.50000,57.87500,57.37500,0.006536
25785,1994-06-27,F,FORD MOTOR CO DEL,,,57.25000,59.75000,59.75000,1824800,0.034632,59.37500,59.75000,57.50000,0.034632
25785,1994-06-28,F,FORD MOTOR CO DEL,,,58.62500,59.87500,59.12500,3117900,-0.010460,59.00000,59.25000,59.75000,-0.010460
25785,1994-06-29,F,FORD MOTOR CO DEL,,,58.87500,59.87500,59.37500,1404100,0.004228,59.25000,59.75000,59.12500,0.004228
25785,1994-06-30,F,FORD MOTOR CO DEL,,,58.87500,60.00000,59.00000,1621700,-0.006316,58.87500,59.37500,59.75000,-0.006316
25785,1994-07-01,F,FORD MOTOR CO DEL,,,58.87500,59.62500,59.00000,983500,0.000000,58.75000,59.25000,59.62500,0.000000
25785,1994-07-05,F,FORD MOTOR CO DEL,,,57.62500,58.87500,57.87500,1003900,-0.019068,57.75000,58.00000,58.50000,-0.019068
25785,1994-07-06,F,FORD MOTOR CO DEL,,,28.75000,29.37500,28.87500,2559200,-0.002160,28.62500,29.00000,28.87500,-0.002160
25785,1994-07-07,F,FORD MOTOR CO DEL,,,28.87500,29.87500,29.87500,3639400,0.034632,29.62500,29.87500,29.25000,0.034632
25785,1994-07-08,F,FORD MOTOR CO DEL,,,29.50000,30.75000,30.62500,4314400,0.025105,30.37500,30.62500,29.62500,0.025105
25785,1994-07-11,F,FORD MOTOR CO DEL,,,30.12500,30.87500,30.37500,2198200,-0.008163,30.37500,30.62500,30.75000,-0.008163
25785,1994-07-12,F,FORD MOTOR CO DEL,,,30.00000,31.37500,31.25000,3157600,0.028807,31.00000,31.25000,30.87500,0.028807
25785,1994-07-13,F,FORD MOTOR CO DEL,,,31.12500,32.37500,32.25000,5278001,0.032000,32.00000,32.25000,31.25000,0.032000
25785,1994-07-14,F,FORD MOTOR CO DEL,,,31.50000,32.75000,31.62500,5343701,-0.019380,31.50000,31.75000,32.75000,-0.019380
25785,1994-07-15,F,FORD MOTOR CO DEL,,,31.25000,31.75000,31.62500,2425800,0.000000,31.50000,31.87500,31.37500,0.000000
25785,1994-07-18,F,FORD MOTOR CO DEL,,,31.62500,32.00000,31.87500,1536900,0.007905,31.62500,32.00000,31.75000,0.007905
25785,1994-07-19,F,FORD MOTOR CO DEL,,,31.37500,32.12500,31.37500,1799100,-0.015686,31.12500,31.50000,31.87500,-0.015686
25785,1994-07-20,F,FORD MOTOR CO DEL,,,30.62500,32.00000,31.87500,2426500,0.015936,31.62500,32.12500,31.50000,0.015936
25785,1994-07-21,F,FORD MOTOR CO DEL,,,30.87500,31.75000,31.00000,2430500,-0.027451,31.12500,31.25000,31.75000,-0.027451
25785,1994-07-22,F,FORD MOTOR CO DEL,,,30.87500,31.37500,31.12500,1184700,0.004032,30.75000,31.50000,31.37500,0.004032
25785,1994-07-25,F,FORD MOTOR CO DEL,,,31.12500,31.75000,31.37500,1287400,0.008032,31.12500,31.37500,31.37500,0.008032
25785,1994-07-26,F,FORD MOTOR CO DEL,,,31.25000,32.00000,31.62500,2389100,0.007968,31.62500,32.00000,31.37500,0.007968
25785,1994-07-27,F,FORD MOTOR CO DEL,,,30.12500,31.87500,30.37500,4316400,-0.032411,30.12500,30.50000,31.37500,-0.039526
25785,1994-07-28,F,FORD MOTOR CO DEL,,,30.37500,31.25000,31.00000,4011100,0.020576,30.87500,31.12500,30.37500,0.020576
25785,1994-07-29,F,FORD MOTOR CO DEL,,,31.37500,32.12500,31.87500,3112900,0.028226,31.25000,31.87500,31.50000,0.028226
25785,1994-08-01,F,FORD MOTOR CO DEL,,,31.62500,32.00000,31.87500,2970300,0.000000,31.75000,32.00000,32.00000,0.000000
25785,1994-08-02,F,FORD MOTOR CO DEL,,,31.25000,31.87500,31.50000,1925000,-0.011765,31.00000,31.50000,31.87500,-0.011765
25785,1994-08-03,F,FORD MOTOR CO DEL,,,31.00000,31.62500,31.50000,1656500,0.000000,31.37500,31.50000,31.50000,0.000000
25785,1994-08-04,F,FORD MOTOR CO DEL,,,29.37500,30.37500,29.50000,6725400,-0.063492,29.62500,29.87500,30.25000,-0.063492
25785,1994-08-05,F,FORD MOTOR CO DEL,,,29.37500,29.87500,29.75000,2689100,0.008475,29.62500,29.87500,29.37500,0.008475
25785,1994-08-08,F,FORD MOTOR CO DEL,,,30.00000,30.25000,30.12500,2109400,0.012605,30.00000,30.25000,30.25000,0.012605
25785,1994-08-09,F,FORD MOTOR CO DEL,,,30.00000,30.50000,30.12500,2397300,0.000000,30.12500,30.37500,30.37500,0.000000
25785,1994-08-10,F,FORD MOTOR CO DEL,,,30.12500,30.37500,30.25000,1284800,0.004149,30.12500,30.37500,30.37500,0.004149
25785,1994-08-11,F,FORD MOTOR CO DEL,,,29.62500,30.37500,29.75000,2499300,-0.016529,29.62500,29.87500,30.25000,-0.016529
25785,1994-08-12,F,FORD MOTOR CO DEL,,,29.50000,30.00000,29.62500,1164400,-0.004202,29.50000,29.75000,29.87500,-0.004202
25785,1994-08-15,F,FORD MOTOR CO DEL,,,29.37500,29.87500,29.62500,1835000,0.000000,29.62500,29.87500,29.62500,0.000000
25785,1994-08-16,F,FORD MOTOR CO DEL,,,29.62500,30.75000,30.50000,2953800,0.029536,30.37500,30.50000,29.75000,0.029536
25785,1994-08-17,F,FORD MOTOR CO DEL,,,30.37500,31.12500,30.62500,3162900,0.004098,30.37500,30.62500,31.00000,0.004098
25785,1994-08-18,F,FORD MOTOR CO DEL,,,29.50000,30.37500,29.50000,2499500,-0.036735,29.50000,29.75000,30.37500,-0.036735
25785,1994-08-19,F,FORD MOTOR CO DEL,,,29.25000,29.75000,29.75000,3102100,0.008475,29.50000,29.75000,29.50000,0.008475
25785,1994-08-22,F,FORD MOTOR CO DEL,,,29.37500,29.87500,29.50000,1600500,-0.008403,29.37500,29.62500,29.75000,-0.008403
25785,1994-08-23,F,FORD MOTOR CO DEL,,,29.37500,29.75000,29.62500,2211300,0.004237,29.62500,29.75000,29.50000,0.004237
25785,1994-08-24,F,FORD MOTOR CO DEL,,,29.50000,30.62500,30.62500,2853800,0.033755,30.37500,30.62500,29.62500,0.033755
25785,1994-08-25,F,FORD MOTOR CO DEL,,,29.87500,30.62500,29.87500,1996000,-0.024490,29.87500,30.00000,30.62500,-0.024490
25785,1994-08-26,F,FORD MOTOR CO DEL,,,30.25000,30.75000,30.50000,3465100,0.020921,30.37500,30.50000,30.37500,0.020921
25785,1994-08-29,F,FORD MOTOR CO DEL,,,30.50000,31.12500,30.50000,1966800,0.000000,30.50000,30.62500,30.87500,0.000000
25785,1994-08-30,F,FORD MOTOR CO DEL,,,30.25000,31.12500,30.62500,2575300,0.004098,30.62500,30.75000,30.37500,0.004098
25785,1994-08-31,F,FORD MOTOR CO DEL,,,28.87500,30.62500,29.25000,7484400,-0.044898,29.25000,29.62500,30.62500,-0.044898
25785,1994-09-01,F,FORD MOTOR CO DEL,,,29.25000,30.00000,30.00000,4411900,0.025641,29.62500,30.25000,29.50000,0.025641
25785,1994-09-02,F,FORD MOTOR CO DEL,,,29.37500,30.25000,29.62500,2029200,-0.012500,29.25000,29.87500,30.25000,-0.012500
25785,1994-09-06,F,FORD MOTOR CO DEL,,,29.37500,30.12500,30.00000,1786000,0.012658,30.00000,30.12500,29.62500,0.012658
25785,1994-09-07,F,FORD MOTOR CO DEL,,,29.50000,30.25000,29.62500,2461500,-0.012500,29.50000,29.75000,30.25000,-0.012500
25785,1994-09-08,F,FORD MOTOR CO DEL,,,29.37500,29.87500,29.50000,1894200,-0.004219,29.50000,29.62500,29.50000,-0.004219
25785,1994-09-09,F,FORD MOTOR CO DEL,,,29.12500,29.50000,29.25000,2469300,-0.008475,29.25000,29.37500,29.50000,-0.008475
25785,1994-09-12,F,FORD MOTOR CO DEL,,,29.00000,29.50000,29.00000,1797700,-0.008547,28.87500,29.12500,29.25000,-0.008547
25785,1994-09-13,F,FORD MOTOR CO DEL,,,28.62500,29.37500,28.75000,4704200,-0.008621,28.62500,28.87500,29.12500,-0.008621
25785,1994-09-14,F,FORD MOTOR CO DEL,,,28.37500,29.12500,29.12500,3709500,0.013043,29.00000,29.25000,28.75000,0.013043
25785,1994-09-15,F,FORD MOTOR CO DEL,,,28.62500,29.25000,28.87500,2796300,-0.008584,28.50000,29.00000,29.25000,-0.008584
25785,1994-09-16,F,FORD MOTOR CO DEL,,,28.37500,28.87500,28.62500,5079601,-0.008658,28.50000,28.75000,28.62500,-0.008658
25785,1994-09-19,F,FORD MOTOR CO DEL,,,27.87500,28.87500,28.00000,3766700,-0.021834,27.87500,28.25000,28.75000,-0.021834
25785,1994-09-20,F,FORD MOTOR CO DEL,,,27.62500,28.37500,27.75000,4122900,-0.008929,27.62500,27.87500,27.87500,-0.008929
25785,1994-09-21,F,FORD MOTOR CO DEL,,,27.37500,28.12500,27.50000,5081301,-0.009009,27.50000,27.87500,27.87500,-0.009009
25785,1994-09-22,F,FORD MOTOR CO DEL,,,26.87500,28.12500,27.00000,5218901,-0.018182,27.00000,27.12500,27.75000,-0.018182
25785,1994-09-23,F,FORD MOTOR CO DEL,,,26.12500,27.37500,26.62500,5830101,-0.013889,26.37500,26.75000,27.12500,-0.013889
25785,1994-09-26,F,FORD MOTOR CO DEL,,,26.50000,27.00000,26.62500,4347600,0.000000,26.37500,26.87500,26.75000,0.000000
25785,1994-09-27,F,FORD MOTOR CO DEL,,,27.00000,27.87500,27.87500,3539200,0.046948,27.75000,27.87500,27.25000,0.046948
25785,1994-09-28,F,FORD MOTOR CO DEL,,,27.87500,28.37500,28.00000,2903500,0.004484,27.87500,28.00000,28.25000,0.004484
25785,1994-09-29,F,FORD MOTOR CO DEL,,,27.50000,28.12500,27.50000,2100900,-0.017857,27.37500,27.62500,28.00000,-0.017857
25785,1994-09-30,F,FORD MOTOR CO DEL,,,27.50000,28.12500,27.75000,2196300,0.009091,27.62500,27.87500,27.62500,0.009091
25785,1994-10-03,F,FORD MOTOR CO DEL,,,27.25000,27.87500,27.50000,2548300,-0.009009,27.37500,27.75000,27.75000,-0.009009
25785,1994-10-04,F,FORD MOTOR CO DEL,,,26.75000,27.75000,27.12500,3694200,-0.013636,27.00000,27.25000,27.62500,-0.013636
25785,1994-10-05,F,FORD MOTOR CO DEL,,,26.62500,27.87500,27.62500,3337600,0.018433,27.50000,27.62500,27.00000,0.018433
25785,1994-10-06,F,FORD MOTOR CO DEL,,,27.00000,27.75000,27.25000,1695900,-0.013575,27.12500,27.50000,27.75000,-0.013575
25785,1994-10-07,F,FORD MOTOR CO DEL,,,27.00000,27.62500,27.25000,1803800,0.000000,27.12500,27.50000,27.25000,0.000000
25785,1994-10-10,F,FORD MOTOR CO DEL,,,27.50000,28.37500,28.25000,2798700,0.036697,28.25000,28.37500,27.87500,0.036697
25785,1994-10-11,F,FORD MOTOR CO DEL,,,28.62500,29.37500,29.37500,4561900,0.039823,29.12500,29.37500,28.75000,0.039823
25785,1994-10-12,F,FORD MOTOR CO DEL,,,28.87500,29.37500,29.00000,3207800,-0.012766,28.87500,29.00000,29.12500,-0.012766
25785,1994-10-13,F,FORD MOTOR CO DEL,,,28.75000,29.75000,28.87500,6200101,-0.004310,28.62500,28.87500,29.62500,-0.004310
25785,1994-10-14,F,FORD MOTOR CO DEL,,,28.62500,29.50000,29.37500,2390800,0.017316,29.25000,29.62500,29.00000,0.017316
25785,1994-10-17,F,FORD MOTOR CO DEL,,,29.00000,29.50000,29.12500,2824000,-0.008511,29.12500,29.25000,29.25000,-0.008511
25785,1994-10-18,F,FORD MOTOR CO DEL,,,28.75000,29.12500,29.00000,1849000,-0.004292,28.87500,29.00000,29.12500,-0.004292
25785,1994-10-19,F,FORD MOTOR CO DEL,,,28.75000,29.37500,29.37500,1913800,0.012931,29.25000,29.50000,28.87500,0.012931
25785,1994-10-20,F,FORD MOTOR CO DEL,,,28.37500,29.37500,28.75000,2983700,-0.021277,28.37500,29.12500,29.37500,-0.021277
25785,1994-10-21,F,FORD MOTOR CO DEL,,,28.00000,29.00000,28.87500,3621500,0.004348,28.87500,29.00000,28.25000,0.004348
25785,1994-10-24,F,FORD MOTOR CO DEL,,,28.50000,29.25000,28.62500,2081200,-0.008658,28.62500,28.87500,28.87500,-0.008658
25785,1994-10-25,F,FORD MOTOR CO DEL,,,28.50000,29.37500,29.25000,5001801,0.021834,29.12500,29.25000,28.50000,0.021834
25785,1994-10-26,F,FORD MOTOR CO DEL,,,28.87500,30.00000,29.25000,6419201,0.008889,29.25000,29.37500,30.00000,0.000000
25785,1994-10-27,F,FORD MOTOR CO DEL,,,28.87500,29.62500,29.00000,4586000,-0.008547,29.00000,29.25000,29.50000,-0.008547
25785,1994-10-28,F,FORD MOTOR CO DEL,,,29.12500,29.62500,29.62500,2885000,0.021552,29.37500,29.62500,29.12500,0.021552
25785,1994-10-31,F,FORD MOTOR CO DEL,,,29.50000,29.75000,29.50000,3602000,-0.004219,29.62500,29.75000,29.62500,-0.004219
25785,1994-11-01,F,FORD MOTOR CO DEL,,,28.87500,29.62500,29.00000,3280500,-0.016949,28.87500,29.00000,29.37500,-0.016949
25785,1994-11-02,F,FORD MOTOR CO DEL,,,28.75000,29.62500,29.12500,2807300,0.004310,29.12500,29.37500,29.00000,0.004310
25785,1994-11-03,F,FORD MOTOR CO DEL,,,29.25000,29.62500,29.62500,1608100,0.017167,29.37500,29.62500,29.37500,0.017167
25785,1994-11-04,F,FORD MOTOR CO DEL,,,28.87500,29.75000,28.87500,2080300,-0.025316,28.75000,29.00000,29.75000,-0.025316
25785,1994-11-07,F,FORD MOTOR CO DEL,,,28.37500,29.12500,29.12500,2092300,0.008658,,,,0.008658
25785,1994-11-08,F,FORD MOTOR CO DEL,,,28.62500,29.25000,28.75000,1925600,-0.012876,28.75000,28.87500,29.25000,-0.012876
25785,1994-11-09,F,FORD MOTOR CO DEL,,,28.25000,29.12500,28.37500,3192100,-0.013043,28.25000,28.37500,29.00000,-0.013043
25785,1994-11-10,F,FORD MOTOR CO DEL,,,28.25000,28.62500,28.62500,2099100,0.008811,28.50000,28.75000,28.37500,0.008811
25785,1994-11-11,F,FORD MOTOR CO DEL,,,28.50000,28.75000,28.50000,848600,-0.004367,28.37500,28.62500,28.50000,-0.004367
25785,1994-11-14,F,FORD MOTOR CO DEL,,,28.50000,29.00000,29.00000,2206700,0.017544,28.87500,29.12500,28.62500,0.017544
25785,1994-11-15,F,FORD MOTOR CO DEL,,,28.50000,29.50000,28.75000,3590200,-0.008621,28.50000,28.87500,29.00000,-0.008621
25785,1994-11-16,F,FORD MOTOR CO DEL,,,28.62500,29.12500,28.75000,1956800,0.000000,28.37500,28.75000,28.75000,0.000000
25785,1994-11-17,F,FORD MOTOR CO DEL,,,28.25000,28.87500,28.37500,2204600,-0.013043,28.37500,28.50000,28.75000,-0.013043
25785,1994-11-18,F,FORD MOTOR CO DEL,,,27.75000,28.50000,27.87500,2603600,-0.017621,27.75000,27.87500,28.37500,-0.017621
25785,1994-11-21,F,FORD MOTOR CO DEL,,,27.75000,28.12500,27.87500,1263900,0.000000,27.75000,28.00000,28.00000,0.000000
25785,1994-11-22,F,FORD MOTOR CO DEL,,,26.75000,28.12500,26.87500,2964900,-0.035874,26.75000,27.00000,27.87500,-0.035874
25785,1994-11-23,F,FORD MOTOR CO DEL,,,26.37500,27.62500,27.25000,3875600,0.013953,27.12500,27.37500,26.75000,0.013953
25785,1994-11-25,F,FORD MOTOR CO DEL,,,27.25000,27.75000,27.50000,694500,0.009174,27.25000,27.87500,27.37500,0.009174
25785,1994-11-28,F,FORD MOTOR CO DEL,,,26.87500,27.62500,26.87500,1501900,-0.022727,26.87500,27.12500,27.50000,-0.022727
25785,1994-11-29,F,FORD MOTOR CO DEL,,,26.75000,27.12500,27.00000,1606500,0.004651,26.87500,27.25000,27.00000,0.004651
25785,1994-11-30,F,FORD MOTOR CO DEL,,,26.87500,27.37500,27.12500,1708600,0.004630,27.00000,27.25000,27.00000,0.004630
25785,1994-12-01,F,FORD MOTOR CO DEL,,,26.62500,27.25000,27.00000,2363000,-0.004608,27.00000,27.12500,27.12500,-0.004608
25785,1994-12-02,F,FORD MOTOR CO DEL,,,26.62500,27.37500,27.25000,3048800,0.009259,27.00000,27.37500,26.87500,0.009259
25785,1994-12-05,F,FORD MOTOR CO DEL,,,27.37500,27.75000,27.62500,1748000,0.013761,27.50000,27.75000,27.37500,0.013761
25785,1994-12-06,F,FORD MOTOR CO DEL,,,27.00000,27.50000,27.37500,1608800,-0.009050,27.25000,27.50000,27.25000,-0.009050
25785,1994-12-07,F,FORD MOTOR CO DEL,,,26.75000,27.25000,26.87500,2015300,-0.018265,26.62500,27.00000,27.12500,-0.018265
25785,1994-12-08,F,FORD MOTOR CO DEL,,,26.00000,27.00000,26.37500,2559000,-0.018605,26.25000,26.50000,26.62500,-0.018605
25785,1994-12-09,F,FORD MOTOR CO DEL,,,25.87500,26.37500,26.00000,3586600,-0.014218,25.87500,26.12500,26.25000,-0.014218
25785,1994-12-12,F,FORD MOTOR CO DEL,,,25.75000,26.12500,25.75000,2514000,-0.009615,25.75000,25.87500,26.00000,-0.009615
25785,1994-12-13,F,FORD MOTOR CO DEL,,,25.62500,26.37500,26.12500,2899500,0.014563,26.12500,26.37500,25.75000,0.014563
25785,1994-12-14,F,FORD MOTOR CO DEL,,,26.00000,26.50000,26.25000,2335300,0.004785,26.12500,26.37500,26.25000,0.004785
25785,1994-12-15,F,FORD MOTOR CO DEL,,,26.00000,26.25000,26.12500,1772100,-0.004762,26.00000,26.25000,26.12500,-0.004762
25785,1994-12-16,F,FORD MOTOR CO DEL,,,26.00000,26.50000,26.37500,4347900,0.009569,26.25000,26.37500,26.25000,0.009569
25785,1994-12-19,F,FORD MOTOR CO DEL,,,26.12500,26.50000,26.25000,1767500,-0.004739,26.12500,26.37500,26.37500,-0.004739
25785,1994-12-20,F,FORD MOTOR CO DEL,,,26.00000,26.37500,26.25000,1781000,0.000000,26.25000,26.37500,26.12500,0.000000
25785,1994-12-21,F,FORD MOTOR CO DEL,,,25.87500,26.62500,26.62500,2623400,0.014286,26.37500,26.75000,26.00000,0.014286
25785,1994-12-22,F,FORD MOTOR CO DEL,,,26.25000,27.12500,26.75000,3643300,0.004695,26.62500,26.87500,26.75000,0.004695
25785,1994-12-23,F,FORD MOTOR CO DEL,,,26.75000,27.75000,27.00000,2196000,0.009346,26.87500,27.00000,26.75000,0.009346
25785,1994-12-27,F,FORD MOTOR CO DEL,,,27.25000,27.75000,27.75000,1495100,0.027778,27.62500,27.75000,27.25000,0.027778
25785,1994-12-28,F,FORD MOTOR CO DEL,,,26.87500,27.75000,27.25000,1220800,-0.018018,27.00000,27.37500,27.75000,-0.018018
25785,1994-12-29,F,FORD MOTOR CO DEL,,,27.25000,27.87500,27.87500,1532900,0.022936,27.75000,28.00000,27.25000,0.022936
25785,1994-12-30,F,FORD MOTOR CO DEL,,,27.75000,28.25000,27.87500,2446800,0.000000,27.87500,28.00000,27.87500,0.000000
25785,1995-01-03,F,FORD MOTOR CO DEL,,,27.62500,28.12500,27.87500,2064800,0.000000,27.75000,28.00000,28.00000,0.000000
25785,1995-01-04,F,FORD MOTOR CO DEL,,,28.00000,28.62500,28.62500,2614200,0.026906,28.50000,28.62500,28.00000,0.026906
25785,1995-01-05,F,FORD MOTOR CO DEL,,,28.37500,29.00000,28.37500,3382200,-0.008734,28.25000,28.50000,28.87500,-0.008734
25785,1995-01-06,F,FORD MOTOR CO DEL,,,28.25000,28.87500,28.37500,1641500,0.000000,28.00000,28.37500,28.50000,0.000000
25785,1995-01-09,F,FORD MOTOR CO DEL,,,28.37500,29.00000,28.87500,2485400,0.017621,28.75000,29.00000,28.50000,0.017621
25785,1995-01-10,F,FORD MOTOR CO DEL,,,28.37500,29.25000,28.37500,3372400,-0.017316,28.25000,28.62500,29.00000,-0.017316
25785,1995-01-11,F,FORD MOTOR CO DEL,,,27.87500,28.62500,28.37500,2013800,0.000000,28.00000,28.37500,28.62500,0.000000
25785,1995-01-12,F,FORD MOTOR CO DEL,,,28.12500,28.62500,28.12500,2470800,-0.008811,28.00000,28.25000,28.50000,-0.008811
25785,1995-01-13,F,FORD MOTOR CO DEL,,,28.25000,28.62500,28.62500,1740400,0.017778,28.50000,28.75000,28.25000,0.017778
25785,1995-01-16,F,FORD MOTOR CO DEL,,,28.37500,29.00000,29.00000,2090400,0.013100,28.87500,29.00000,28.62500,0.013100
25785,1995-01-17,F,FORD MOTOR CO DEL,,,28.50000,28.87500,28.75000,1958100,-0.008621,28.62500,28.75000,28.75000,-0.008621
25785,1995-01-18,F,FORD MOTOR CO DEL,,,28.00000,28.75000,28.25000,2686900,-0.017391,28.12500,28.37500,28.62500,-0.017391
25785,1995-01-19,F,FORD MOTOR CO DEL,,,27.25000,28.00000,27.50000,2485400,-0.026549,27.37500,27.62500,27.87500,-0.026549
25785,1995-01-20,F,FORD MOTOR CO DEL,,,25.87500,27.37500,26.37500,7440000,-0.040909,25.87500,26.37500,27.25000,-0.040909
25785,1995-01-23,F,FORD MOTOR CO DEL,,,25.25000,26.25000,26.25000,8123000,-0.004739,26.12500,26.37500,25.75000,-0.004739
25785,1995-01-24,F,FORD MOTOR CO DEL,,,25.75000,26.12500,25.75000,6511001,-0.009143,25.87500,26.12500,25.87500,-0.019048
25785,1995-01-25,F,FORD MOTOR CO DEL,,,25.50000,26.37500,26.12500,3505000,0.014563,26.12500,26.25000,25.50000,0.014563
25785,1995-01-26,F,FORD MOTOR CO DEL,,,25.37500,25.87500,25.37500,3052200,-0.028708,25.12500,25.62500,25.87500,-0.028708
25785,1995-01-27,F,FORD MOTOR CO DEL,,,25.25000,25.75000,25.37500,2573500,0.000000,25.25000,25.50000,25.62500,0.000000
25785,1995-01-30,F,FORD MOTOR CO DEL,,,24.62500,25.50000,24.75000,7136500,-0.024631,24.75000,25.00000,25.37500,-0.024631
25785,1995-01-31,F,FORD MOTOR CO DEL,,,24.75000,25.37500,25.25000,4617500,0.020202,25.25000,25.50000,25.00000,0.020202
25785,1995-02-01,F,FORD MOTOR CO DEL,,,24.75000,26.12500,25.12500,9570600,-0.004950,25.00000,25.12500,25.12500,-0.004950
25785,1995-02-02,F,FORD MOTOR CO DEL,,,24.87500,25.62500,25.62500,4167700,0.019900,25.50000,25.62500,25.25000,0.019900
25785,1995-02-03,F,FORD MOTOR CO DEL,,,25.00000,25.87500,25.75000,5455901,0.004878,25.62500,25.75000,25.87500,0.004878
25785,1995-02-06,F,FORD MOTOR CO DEL,,,25.37500,25.75000,25.62500,3725100,-0.004854,25.50000,25.62500,25.75000,-0.004854
25785,1995-02-07,F,FORD MOTOR CO DEL,,,25.37500,26.00000,25.37500,3061200,-0.009756,25.37500,25.50000,25.62500,-0.009756
25785,1995-02-08,F,FORD MOTOR CO DEL,,,25.12500,25.62500,25.50000,3166500,0.004926,25.37500,25.50000,25.50000,0.004926
25785,1995-02-09,F,FORD MOTOR CO DEL,,,25.25000,25.62500,25.25000,4207900,-0.009804,25.25000,25.37500,25.37500,-0.009804
25785,1995-02-10,F,FORD MOTOR CO DEL,,,25.25000,25.87500,25.87500,4284100,0.024752,25.75000,25.87500,25.37500,0.024752
25785,1995-02-13,F,FORD MOTOR CO DEL,,,25.62500,26.12500,25.75000,4146400,-0.004831,25.62500,25.75000,26.00000,-0.004831
25785,1995-02-14,F,FORD MOTOR CO DEL,,,25.50000,26.12500,26.12500,3017100,0.014563,26.00000,26.12500,25.75000,0.014563
25785,1995-02-15,F,FORD MOTOR CO DEL,,,26.00000,26.62500,26.12500,4154100,0.000000,26.12500,26.25000,26.12500,0.000000
25785,1995-02-16,F,FORD MOTOR CO DEL,,,26.00000,26.37500,26.21875,2047800,0.003589,26.25000,26.50000,26.25000,0.003589
25785,1995-02-17,F,FORD MOTOR CO DEL,,,26.12500,26.50000,26.25000,2557000,0.001192,26.25000,26.37500,26.25000,0.001192
25785,1995-02-21,F,FORD MOTOR CO DEL,,,26.25000,26.50000,26.25000,2282400,0.000000,26.25000,26.37500,26.37500,0.000000
25785,1995-02-22,F,FORD MOTOR CO DEL,,,26.25000,26.75000,26.62500,3022400,0.014286,26.50000,26.75000,26.37500,0.014286
25785,1995-02-23,F,FORD MOTOR CO DEL,,,26.50000,26.87500,26.62500,5749801,0.000000,26.62500,26.75000,26.75000,0.000000
25785,1995-02-24,F,FORD MOTOR CO DEL,,,26.37500,26.75000,26.75000,1962500,0.004695,26.62500,26.75000,26.50000,0.004695
25785,1995-02-27,F,FORD MOTOR CO DEL,,,26.00000,26.87500,26.00000,2683700,-0.028037,25.87500,26.12500,26.75000,-0.028037
25785,1995-02-28,F,FORD MOTOR CO DEL,,,26.00000,26.50000,26.12500,3998100,0.004808,26.00000,26.12500,26.12500,0.004808
25785,1995-03-01,F,FORD MOTOR CO DEL,,,25.50000,26.25000,25.62500,5366301,-0.019139,25.50000,25.75000,26.00000,-0.019139
25785,1995-03-02,F,FORD MOTOR CO DEL,,,25.00000,25.62500,25.37500,5037601,-0.009756,25.25000,25.37500,25.62500,-0.009756
25785,1995-03-03,F,FORD MOTOR CO DEL,,,25.00000,26.12500,25.62500,2805300,0.009852,25.50000,25.87500,25.25000,0.009852
25785,1995-03-06,F,FORD MOTOR CO DEL,,,25.00000,25.62500,25.50000,2407200,-0.004878,25.37500,25.62500,25.50000,-0.004878
25785,1995-03-07,F,FORD MOTOR CO DEL,,,25.12500,26.00000,25.50000,2941900,0.000000,25.37500,25.62500,25.25000,0.000000
25785,1995-03-08,F,FORD MOTOR CO DEL,,,25.12500,25.62500,25.37500,3453400,-0.004902,25.37500,25.50000,25.50000,-0.004902
25785,1995-03-09,F,FORD MOTOR CO DEL,,,25.50000,25.87500,25.75000,4088800,0.014778,25.62500,25.75000,25.50000,0.014778
25785,1995-03-10,F,FORD MOTOR CO DEL,,,25.87500,26.75000,26.62500,3332500,0.033981,26.50000,26.62500,26.00000,0.033981
25785,1995-03-13,F,FORD MOTOR CO DEL,,,25.75000,26.87500,26.87500,1649500,0.009390,26.75000,26.87500,26.75000,0.009390
25785,1995-03-14,F,FORD MOTOR CO DEL,,,26.12500,27.00000,26.25000,2654200,-0.023256,26.12500,26.37500,27.00000,-0.023256
25785,1995-03-15,F,FORD MOTOR CO DEL,,,25.75000,26.37500,26.12500,3123500,-0.004762,26.00000,26.25000,26.37500,-0.004762
25785,1995-03-16,F,FORD MOTOR CO DEL,,,25.87500,26.37500,26.00000,1813400,-0.004785,25.87500,26.12500,26.25000,-0.004785
25785,1995-03-17,F,FORD MOTOR CO DEL,,,25.62500,26.00000,25.75000,2659100,-0.009615,25.50000,25.75000,26.00000,-0.009615
25785,1995-03-20,F,FORD MOTOR CO DEL,,,25.25000,25.75000,25.37500,2203100,-0.014563,25.25000,25.37500,25.62500,-0.014563
25785,1995-03-21,F,FORD MOTOR CO DEL,,,25.12500,25.62500,25.37500,2583100,0.000000,25.25000,25.37500,25.25000,0.000000
25785,1995-03-22,F,FORD MOTOR CO DEL,,,24.87500,25.37500,25.12500,5877901,-0.009852,25.00000,25.25000,25.25000,-0.009852
25785,1995-03-23,F,FORD MOTOR CO DEL,,,24.75000,25.12500,25.12500,4703400,0.000000,25.00000,25.12500,25.00000,0.000000
25785,1995-03-24,F,FORD MOTOR CO DEL,,,25.00000,25.62500,25.50000,5657001,0.014925,25.37500,25.62500,25.00000,0.014925
25785,1995-03-27,F,FORD MOTOR CO DEL,,,25.50000,26.00000,26.00000,2660100,0.019608,25.87500,26.00000,25.75000,0.019608
25785,1995-03-28,F,FORD MOTOR CO DEL,,,26.00000,26.25000,26.00000,2062100,0.000000,26.00000,26.25000,26.00000,0.000000
25785,1995-03-29,F,FORD MOTOR CO DEL,,,25.87500,26.87500,26.62500,3360200,0.024038,26.62500,26.75000,26.00000,0.024038
25785,1995-03-30,F,FORD MOTOR CO DEL,,,27.00000,27.87500,27.75000,5825601,0.042254,27.50000,27.75000,27.12500,0.042254
25785,1995-03-31,F,FORD MOTOR CO DEL,,,26.75000,27.50000,26.87500,3048800,-0.031532,26.87500,27.00000,27.00000,-0.031532
25785,1995-04-03,F,FORD MOTOR CO DEL,,,26.87500,27.25000,27.12500,2239200,0.009302,27.00000,27.25000,26.87500,0.009302
25785,1995-04-04,F,FORD MOTOR CO DEL,,,26.37500,26.87500,26.62500,4400200,-0.018433,26.50000,26.62500,26.87500,-0.018433
25785,1995-04-05,F,FORD MOTOR CO DEL,,,26.25000,26.87500,26.50000,2651000,-0.004695,26.37500,26.62500,26.37500,-0.004695
25785,1995-04-06,F,FORD MOTOR CO DEL,,,26.25000,27.25000,27.12500,2421100,0.023585,27.00000,27.25000,26.50000,0.023585
25785,1995-04-07,F,FORD MOTOR CO DEL,,,26.62500,27.12500,27.00000,1773800,-0.004608,26.87500,27.00000,27.12500,-0.004608
25785,1995-04-10,F,FORD MOTOR CO DEL,,,26.62500,27.00000,26.87500,1349600,-0.004630,26.62500,26.87500,26.75000,-0.004630
25785,1995-04-11,F,FORD MOTOR CO DEL,,,26.62500,27.12500,26.75000,2139400,-0.004651,26.62500,26.75000,27.00000,-0.004651
25785,1995-04-12,F,FORD MOTOR CO DEL,,,27.00000,28.25000,27.62500,67836,0.032710,27.37500,27.75000,28.00000,0.032710
25785,1995-04-13,F,FORD MOTOR CO DEL,,,27.00000,27.75000,27.25000,3205200,-0.013575,27.12500,27.25000,27.62500,-0.013575
25785,1995-04-17,F,FORD MOTOR CO DEL,,,27.00000,27.62500,27.00000,3112600,-0.009174,27.00000,27.12500,27.37500,-0.009174
25785,1995-04-18,F,FORD MOTOR CO DEL,,,27.00000,27.25000,27.12500,2809900,0.004630,27.00000,27.25000,27.12500,0.004630
25785,1995-04-19,F,FORD MOTOR CO DEL,,,26.75000,27.75000,27.75000,4478000,0.023041,27.62500,27.75000,27.00000,0.023041
25785,1995-04-20,F,FORD MOTOR CO DEL,,,27.25000,27.87500,27.37500,3534800,-0.013514,27.25000,27.37500,27.75000,-0.013514
25785,1995-04-21,F,FORD MOTOR CO DEL,,,26.87500,27.37500,27.00000,4056100,-0.013699,26.87500,27.00000,27.37500,-0.013699
25785,1995-04-24,F,FORD MOTOR CO DEL,,,26.87500,27.50000,27.25000,2184300,0.009259,27.00000,27.25000,27.00000,0.009259
25785,1995-04-25,F,FORD MOTOR CO DEL,,,27.12500,27.50000,27.50000,3010600,0.009174,27.37500,27.62500,27.25000,0.009174
25785,1995-04-26,F,FORD MOTOR CO DEL,,,26.87500,27.25000,27.00000,1515400,-0.006909,26.87500,27.00000,27.12500,-0.018182
25785,1995-04-27,F,FORD MOTOR CO DEL,,,26.62500,27.00000,26.87500,1840700,-0.004630,26.62500,26.87500,26.87500,-0.004630
25785,1995-04-28,F,FORD MOTOR CO DEL,,,26.62500,27.12500,27.12500,2667800,0.009302,26.87500,27.25000,26.87500,0.009302
25785,1995-05-01,F,FORD MOTOR CO DEL,,,26.87500,27.25000,27.00000,2099400,-0.004608,26.87500,27.12500,27.12500,-0.004608
25785,1995-05-02,F,FORD MOTOR CO DEL,,,26.50000,27.00000,26.62500,2546300,-0.013889,26.50000,26.75000,26.87500,-0.013889
25785,1995-05-03,F,FORD MOTOR CO DEL,,,26.37500,26.87500,26.50000,4361300,-0.004695,26.12500,26.50000,26.62500,-0.004695
25785,1995-05-04,F,FORD MOTOR CO DEL,,,25.75000,26.50000,26.00000,5734701,-0.018868,25.87500,26.00000,26.37500,-0.018868
25785,1995-05-05,F,FORD MOTOR CO DEL,,,25.87500,26.50000,26.50000,4569700,0.019231,26.25000,26.50000,26.25000,0.019231
25785,1995-05-08,F,FORD MOTOR CO DEL,,,26.25000,26.87500,26.75000,2878700,0.009434,26.62500,26.87500,26.25000,0.009434
25785,1995-05-09,F,FORD MOTOR CO DEL,,,26.87500,27.25000,27.12500,3214400,0.014019,26.87500,27.12500,26.87500,0.014019
25785,1995-05-10,F,FORD MOTOR CO DEL,,,27.00000,28.50000,28.37500,8608000,0.046083,28.25000,28.37500,27.12500,0.046083
25785,1995-05-11,F,FORD MOTOR CO DEL,,,27.50000,28.87500,27.50000,6169901,-0.030837,27.50000,27.75000,28.37500,-0.030837
25785,1995-05-12,F,FORD MOTOR CO DEL,,,27.87500,28.62500,28.50000,4905701,0.036364,28.25000,28.50000,28.00000,0.036364
25785,1995-05-15,F,FORD MOTOR CO DEL,,,28.50000,29.37500,29.37500,5811701,0.030702,29.25000,29.50000,28.50000,0.030702
25785,1995-05-16,F,FORD MOTOR CO DEL,,,28.87500,29.75000,29.37500,4646800,0.000000,29.37500,29.62500,29.50000,0.000000
25785,1995-05-17,F,FORD MOTOR CO DEL,,,28.87500,29.62500,29.00000,4153700,-0.012766,29.00000,29.25000,29.50000,-0.012766
25785,1995-05-18,F,FORD MOTOR CO DEL,,,28.25000,29.00000,28.25000,3854400,-0.025862,28.25000,28.37500,29.00000,-0.025862
25785,1995-05-19,F,FORD MOTOR CO DEL,,,27.87500,28.87500,28.62500,3181300,0.013274,28.62500,29.00000,28.00000,0.013274
25785,1995-05-22,F,FORD MOTOR CO DEL,,,28.25000,29.12500,28.87500,3617600,0.008734,28.87500,29.00000,28.50000,0.008734
25785,1995-05-23,F,FORD MOTOR CO DEL,,,28.75000,29.62500,29.50000,4405800,0.021645,29.25000,29.50000,29.00000,0.021645
25785,1995-05-24,F,FORD MOTOR CO DEL,,,28.50000,29.37500,28.87500,3658300,-0.021186,28.75000,28.87500,29.25000,-0.021186
25785,1995-05-25,F,FORD MOTOR CO DEL,,,28.12500,28.87500,28.75000,3413300,-0.004329,28.62500,28.87500,28.87500,-0.004329
25785,1995-05-26,F,FORD MOTOR CO DEL,,,28.12500,28.62500,28.37500,2317000,-0.013043,28.25000,28.50000,28.50000,-0.013043
25785,1995-05-30,F,FORD MOTOR CO DEL,,,28.25000,28.50000,28.37500,1510800,0.000000,28.00000,28.37500,28.37500,0.000000
25785,1995-05-31,F,FORD MOTOR CO DEL,,,28.37500,29.25000,29.25000,4010400,0.030837,29.12500,29.37500,28.50000,0.030837
25785,1995-06-01,F,FORD MOTOR CO DEL,,,28.75000,30.37500,30.00000,8462400,0.025641,30.00000,30.12500,29.25000,0.025641
25785,1995-06-02,F,FORD MOTOR CO DEL,,,29.62500,30.75000,30.00000,4701100,0.000000,30.00000,30.12500,30.00000,0.000000
25785,1995-06-05,F,FORD MOTOR CO DEL,,,29.75000,30.62500,30.50000,3514300,0.016667,30.37500,30.50000,30.12500,0.016667
25785,1995-06-06,F,FORD MOTOR CO DEL,,,30.00000,30.50000,30.00000,8068800,-0.016393,30.00000,30.12500,30.50000,-0.016393
25785,1995-06-07,F,FORD MOTOR CO DEL,,,29.87500,30.62500,30.00000,3099000,0.000000,29.75000,30.00000,30.25000,0.000000
25785,1995-06-08,F,FORD MOTOR CO DEL,,,29.62500,30.00000,30.00000,1417500,0.000000,29.87500,30.00000,29.75000,0.000000
25785,1995-06-09,F,FORD MOTOR CO DEL,,,29.37500,29.87500,29.62500,1714900,-0.012500,29.50000,29.75000,29.87500,-0.012500
25785,1995-06-12,F,FORD MOTOR CO DEL,,,29.37500,30.12500,29.87500,2139100,0.008439,29.62500,30.00000,29.50000,0.008439
25785,1995-06-13,F,FORD MOTOR CO DEL,,,29.75000,30.25000,29.75000,1592000,-0.004184,29.75000,30.00000,30.12500,-0.004184
25785,1995-06-14,F,FORD MOTOR CO DEL,,,29.62500,30.12500,29.75000,2284200,0.000000,29.62500,29.87500,29.87500,0.000000
25785,1995-06-15,F,FORD MOTOR CO DEL,,,29.50000,30.00000,29.62500,2567600,-0.004202,29.62500,29.87500,29.62500,-0.004202
25785,1995-06-16,F,FORD MOTOR CO DEL,,,28.75000,29.87500,29.50000,3205200,-0.004219,29.50000,29.62500,29.75000,-0.004219
25785,1995-06-19,F,FORD MOTOR CO DEL,,,29.62500,30.25000,29.87500,3205000,0.012712,29.87500,30.00000,29.75000,0.012712
25785,1995-06-20,F,FORD MOTOR CO DEL,,,29.75000,30.62500,30.50000,5775401,0.020921,30.50000,30.75000,29.87500,0.020921
25785,1995-06-21,F,FORD MOTOR CO DEL,,,30.50000,31.12500,30.87500,4418900,0.012295,30.75000,30.87500,30.62500,0.012295
25785,1995-06-22,F,FORD MOTOR CO DEL,,,30.37500,31.12500,30.62500,3058400,-0.008097,30.62500,30.75000,30.87500,-0.008097
25785,1995-06-23,F,FORD MOTOR CO DEL,,,30.25000,30.50000,30.50000,1999600,-0.004082,30.37500,30.50000,30.37500,-0.004082
25785,1995-06-26,F,FORD MOTOR CO DEL,,,30.37500,30.87500,30.37500,1877500,-0.004098,30.37500,30.50000,30.62500,-0.004098
25785,1995-06-27,F,FORD MOTOR CO DEL,,,30.25000,30.75000,30.25000,2191600,-0.004115,30.12500,30.37500,30.50000,-0.004115
25785,1995-06-28,F,FORD MOTOR CO DEL,,,30.00000,30.50000,30.25000,2502800,0.000000,30.12500,30.25000,30.37500,0.000000
25785,1995-06-29,F,FORD MOTOR CO DEL,,,29.62500,30.37500,29.87500,1494900,-0.012397,29.75000,30.00000,30.25000,-0.012397
25785,1995-06-30,F,FORD MOTOR CO DEL,,,29.62500,30.12500,29.75000,1396500,-0.004184,29.62500,30.00000,30.00000,-0.004184
25785,1995-07-03,F,FORD MOTOR CO DEL,,,29.75000,30.37500,30.37500,906600,0.021008,30.12500,30.50000,29.87500,0.021008
25785,1995-07-05,F,FORD MOTOR CO DEL,,,30.50000,30.87500,30.75000,2093400,0.012346,30.50000,30.75000,30.75000,0.012346
25785,1995-07-06,F,FORD MOTOR CO DEL,,,30.62500,32.12500,32.00000,5156401,0.040650,31.75000,32.00000,30.75000,0.040650
25785,1995-07-07,F,FORD MOTOR CO DEL,,,31.62500,32.87500,32.37500,4940201,0.011719,32.25000,32.37500,31.75000,0.011719
25785,1995-07-10,F,FORD MOTOR CO DEL,,,32.00000,32.87500,32.87500,3558600,0.015444,32.62500,32.75000,32.62500,0.015444
25785,1995-07-11,F,FORD MOTOR CO DEL,,,32.12500,32.75000,32.25000,3737000,-0.019011,32.25000,32.37500,32.75000,-0.019011
25785,1995-07-12,F,FORD MOTOR CO DEL,,,32.25000,32.87500,32.62500,2629300,0.011628,32.50000,32.75000,32.37500,0.011628
25785,1995-07-13,F,FORD MOTOR CO DEL,,,31.87500,32.75000,32.37500,3283000,-0.007663,32.25000,32.37500,32.75000,-0.007663
25785,1995-07-14,F,FORD MOTOR CO DEL,,,31.50000,32.12500,32.00000,3844100,-0.011583,31.87500,32.12500,32.00000,-0.011583
25785,1995-07-17,F,FORD MOTOR CO DEL,,,31.75000,32.25000,32.00000,1748900,0.000000,31.75000,32.00000,32.00000,0.000000
25785,1995-07-18,F,FORD MOTOR CO DEL,,,30.75000,31.87500,31.00000,3539300,-0.031250,30.87500,31.25000,31.75000,-0.031250
25785,1995-07-19,F,FORD MOTOR CO DEL,,,29.50000,30.62500,30.12500,5817601,-0.028226,30.00000,30.25000,30.25000,-0.028226
25785,1995-07-20,F,FORD MOTOR CO DEL,,,28.87500,29.37500,29.00000,6546800,-0.037344,29.00000,29.12500,29.25000,-0.037344
25785,1995-07-21,F,FORD MOTOR CO DEL,,,28.50000,29.00000,28.87500,6746200,-0.004310,28.87500,29.00000,29.00000,-0.004310
25785,1995-07-24,F,FORD MOTOR CO DEL,,,28.50000,29.00000,28.75000,4229800,-0.004329,28.62500,28.75000,28.75000,-0.004329
25785,1995-07-25,F,FORD MOTOR CO DEL,,,28.87500,29.87500,29.87500,5028001,0.039130,29.75000,30.25000,28.87500,0.039130
25785,1995-07-26,F,FORD MOTOR CO DEL,,,29.37500,29.87500,29.50000,3160900,-0.012552,29.37500,29.87500,29.87500,-0.012552
25785,1995-07-27,F,FORD MOTOR CO DEL,,,29.50000,29.87500,29.75000,2592400,0.008475,29.62500,29.75000,29.75000,0.008475
25785,1995-07-28,F,FORD MOTOR CO DEL,,,29.25000,29.50000,29.25000,3209700,-0.016807,29.25000,29.50000,29.50000,-0.016807
25785,1995-07-31,F,FORD MOTOR CO DEL,,,28.75000,29.25000,29.00000,3312100,0.002051,28.75000,29.00000,29.00000,-0.008547
25785,1995-08-01,F,FORD MOTOR CO DEL,,,28.62500,28.87500,28.62500,5451501,-0.012931,28.62500,28.75000,28.87500,-0.012931
25785,1995-08-02,F,FORD MOTOR CO DEL,,,28.62500,29.12500,28.75000,2924800,0.004367,28.62500,28.87500,29.00000,0.004367
25785,1995-08-03,F,FORD MOTOR CO DEL,,,28.50000,28.75000,28.50000,2333800,-0.008696,28.50000,28.62500,28.50000,-0.008696
25785,1995-08-04,F,FORD MOTOR CO DEL,,,28.50000,29.12500,28.75000,2667100,0.008772,28.62500,28.75000,29.00000,0.008772
25785,1995-08-07,F,FORD MOTOR CO DEL,,,28.62500,29.25000,29.00000,2155800,0.008696,29.00000,29.12500,28.62500,0.008696
25785,1995-08-08,F,FORD MOTOR CO DEL,,,28.87500,29.25000,29.00000,2123100,0.000000,28.87500,29.00000,29.00000,0.000000
25785,1995-08-09,F,FORD MOTOR CO DEL,,,28.50000,29.12500,28.50000,3034300,-0.017241,28.50000,28.75000,29.12500,-0.017241
25785,1995-08-10,F,FORD MOTOR CO DEL,,,28.25000,28.62500,28.37500,1665500,-0.004386,28.25000,28.50000,28.50000,-0.004386
25785,1995-08-11,F,FORD MOTOR CO DEL,,,28.00000,28.50000,28.00000,2288100,-0.013216,28.00000,28.25000,28.37500,-0.013216
25785,1995-08-14,F,FORD MOTOR CO DEL,,,28.25000,28.87500,28.87500,2588900,0.031250,28.75000,28.87500,28.37500,0.031250
25785,1995-08-15,F,FORD MOTOR CO DEL,,,28.62500,29.00000,28.62500,1826400,-0.008658,28.62500,28.75000,28.75000,-0.008658
25785,1995-08-16,F,FORD MOTOR CO DEL,,,28.37500,29.00000,28.50000,3376200,-0.004367,28.37500,28.50000,28.62500,-0.004367
25785,1995-08-17,F,FORD MOTOR CO DEL,,,28.12500,28.50000,28.25000,2004700,-0.008772,28.12500,28.25000,28.50000,-0.008772
25785,1995-08-18,F,FORD MOTOR CO DEL,,,28.12500,28.50000,28.25000,2425400,0.000000,28.25000,28.37500,28.37500,0.000000
25785,1995-08-21,F,FORD MOTOR CO DEL,,,28.25000,28.62500,28.37500,2193000,0.004425,28.12500,28.37500,28.37500,0.004425
25785,1995-08-22,F,FORD MOTOR CO DEL,,,28.25000,28.75000,28.37500,2060000,0.000000,28.37500,28.50000,28.37500,0.000000
25785,1995-08-23,F,FORD MOTOR CO DEL,,,28.50000,28.87500,28.87500,2404500,0.017621,28.75000,29.00000,28.50000,0.017621
25785,1995-08-24,F,FORD MOTOR CO DEL,,,28.75000,29.25000,29.12500,3532300,0.008658,29.00000,29.25000,28.87500,0.008658
25785,1995-08-25,F,FORD MOTOR CO DEL,,,28.62500,29.25000,28.75000,2319200,-0.012876,28.50000,28.75000,29.25000,-0.012876
25785,1995-08-28,F,FORD MOTOR CO DEL,,,28.87500,29.12500,29.12500,2209300,0.013043,29.00000,29.25000,29.12500,0.013043
25785,1995-08-29,F,FORD MOTOR CO DEL,,,29.12500,30.25000,30.25000,5347701,0.038627,30.00000,30.25000,29.12500,0.038627
25785,1995-08-30,F,FORD MOTOR CO DEL,,,30.25000,30.62500,30.37500,2353700,0.004132,30.25000,30.37500,30.62500,0.004132
25785,1995-08-31,F,FORD MOTOR CO DEL,,,30.37500,31.00000,30.75000,3063900,0.012346,30.62500,30.75000,30.37500,0.012346
25785,1995-09-01,F,FORD MOTOR CO DEL,,,30.62500,31.62500,31.25000,4467700,0.016260,31.12500,31.25000,30.75000,0.016260
25785,1995-09-05,F,FORD MOTOR CO DEL,,,31.50000,32.37500,32.37500,5347501,0.036000,32.12500,32.25000,31.62500,0.036000
25785,1995-09-06,F,FORD MOTOR CO DEL,,,31.75000,32.62500,31.75000,3947200,-0.019305,31.62500,31.87500,32.37500,-0.019305
25785,1995-09-07,F,FORD MOTOR CO DEL,,,31.12500,31.87500,31.25000,3100800,-0.015748,31.12500,31.25000,31.62500,-0.015748
25785,1995-09-08,F,FORD MOTOR CO DEL,,,31.37500,32.00000,32.00000,3456900,0.024000,31.62500,32.00000,31.37500,0.024000
25785,1995-09-11,F,FORD MOTOR CO DEL,,,31.75000,32.00000,32.00000,1646000,0.000000,31.75000,32.00000,32.00000,0.000000
25785,1995-09-12,F,FORD MOTOR CO DEL,,,30.62500,31.12500,30.87500,4227800,-0.035156,30.75000,30.87500,31.00000,-0.035156
25785,1995-09-13,F,FORD MOTOR CO DEL,,,30.00000,30.75000,30.25000,5634601,-0.020243,30.12500,30.25000,30.75000,-0.020243
25785,1995-09-14,F,FORD MOTOR CO DEL,,,29.87500,30.75000,30.75000,6816200,0.016529,30.62500,30.87500,30.12500,0.016529
25785,1995-09-15,F,FORD MOTOR CO DEL,,,31.00000,32.12500,32.00000,8416200,0.040650,31.87500,32.12500,31.00000,0.040650
25785,1995-09-18,F,FORD MOTOR CO DEL,,,31.50000,32.12500,31.75000,3138300,-0.007813,31.62500,31.75000,31.75000,-0.007813
25785,1995-09-19,F,FORD MOTOR CO DEL,,,31.12500,31.75000,31.37500,2108600,-0.011811,31.12500,31.25000,31.50000,-0.011811
25785,1995-09-20,F,FORD MOTOR CO DEL,,,31.25000,32.25000,32.25000,3009100,0.027888,32.00000,32.25000,31.37500,0.027888
25785,1995-09-21,F,FORD MOTOR CO DEL,,,31.12500,32.12500,31.50000,3253700,-0.023256,31.25000,31.37500,32.12500,-0.023256
25785,1995-09-22,F,FORD MOTOR CO DEL,,,30.62500,31.12500,31.00000,2552000,-0.015873,30.87500,31.00000,31.00000,-0.015873
25785,1995-09-25,F,FORD MOTOR CO DEL,,,30.87500,31.37500,31.37500,1240700,0.012097,31.12500,31.37500,31.25000,0.012097
25785,1995-09-26,F,FORD MOTOR CO DEL,,,31.00000,31.37500,31.12500,1532200,-0.007968,31.12500,31.25000,31.37500,-0.007968
25785,1995-09-27,F,FORD MOTOR CO DEL,,,30.50000,31.25000,31.25000,2759000,0.004016,31.12500,31.25000,30.87500,0.004016
25785,1995-09-28,F,FORD MOTOR CO DEL,,,31.25000,32.12500,31.75000,3314200,0.016000,31.75000,31.87500,31.37500,0.016000
25785,1995-09-29,F,FORD MOTOR CO DEL,,,31.12500,31.87500,31.12500,2507800,-0.019685,31.00000,31.25000,31.62500,-0.019685
25785,1995-10-02,F,FORD MOTOR CO DEL,,,30.75000,31.50000,30.75000,2344900,-0.012048,30.75000,31.00000,31.12500,-0.012048
25785,1995-10-03,F,FORD MOTOR CO DEL,,,30.12500,31.25000,30.50000,3196400,-0.008130,30.37500,30.50000,30.75000,-0.008130
25785,1995-10-04,F,FORD MOTOR CO DEL,,,29.62500,30.12500,29.75000,2804000,-0.024590,29.62500,29.87500,30.00000,-0.024590
25785,1995-10-05,F,FORD MOTOR CO DEL,,,29.62500,30.12500,30.12500,3234400,0.012605,30.00000,30.12500,29.87500,0.012605
25785,1995-10-06,F,FORD MOTOR CO DEL,,,30.00000,30.50000,30.00000,3022600,-0.004149,30.00000,30.12500,30.12500,-0.004149
25785,1995-10-09,F,FORD MOTOR CO DEL,,,29.50000,30.12500,29.62500,2689200,-0.012500,29.62500,29.75000,29.87500,-0.012500
25785,1995-10-10,F,FORD MOTOR CO DEL,,,28.87500,29.62500,29.50000,4127200,-0.004219,29.25000,29.50000,29.00000,-0.004219
25785,1995-10-11,F,FORD MOTOR CO DEL,,,29.62500,30.25000,30.00000,4066000,0.016949,30.00000,30.12500,29.62500,0.016949
25785,1995-10-12,F,FORD MOTOR CO DEL,,,30.25000,32.00000,31.87500,8260700,0.062500,31.75000,31.87500,30.25000,0.062500
25785,1995-10-13,F,FORD MOTOR CO DEL,,,31.62500,32.37500,31.75000,5681701,-0.003922,31.62500,31.75000,32.12500,-0.003922
25785,1995-10-16,F,FORD MOTOR CO DEL,,,30.75000,31.75000,30.87500,3130600,-0.027559,30.87500,31.00000,31.75000,-0.027559
25785,1995-10-17,F,FORD MOTOR CO DEL,,,30.37500,31.25000,30.75000,2193800,-0.004049,30.62500,30.75000,31.25000,-0.004049
25785,1995-10-18,F,FORD MOTOR CO DEL,,,30.00000,31.12500,30.12500,3691400,-0.020325,30.12500,30.25000,30.50000,-0.020325
25785,1995-10-19,F,FORD MOTOR CO DEL,,,29.37500,30.25000,30.12500,3858700,0.000000,30.00000,30.12500,29.37500,0.000000
25785,1995-10-20,F,FORD MOTOR CO DEL,,,29.75000,30.12500,30.00000,2654200,-0.004149,29.87500,30.12500,30.00000,-0.004149
25785,1995-10-23,F,FORD MOTOR CO DEL,,,29.50000,30.00000,29.62500,2440200,-0.012500,29.62500,29.75000,29.75000,-0.012500
25785,1995-10-24,F,FORD MOTOR CO DEL,,,29.12500,29.75000,29.62500,3079900,0.000000,29.50000,29.62500,29.62500,0.000000
25785,1995-10-25,F,FORD MOTOR CO DEL,,,29.12500,29.50000,29.37500,3210500,-0.008439,29.25000,29.50000,29.50000,-0.008439
25785,1995-10-26,F,FORD MOTOR CO DEL,,,28.75000,29.37500,29.12500,2902700,-0.008511,29.00000,29.12500,29.25000,-0.008511
25785,1995-10-27,F,FORD MOTOR CO DEL,,,28.87500,29.87500,29.75000,2893200,0.021459,29.50000,29.75000,29.00000,0.021459
25785,1995-10-30,F,FORD MOTOR CO DEL,,,29.37500,29.75000,29.62500,2018800,0.007563,29.62500,29.87500,29.75000,-0.004202
25785,1995-10-31,F,FORD MOTOR CO DEL,,,28.75000,29.87500,28.75000,7438100,-0.029536,28.75000,29.00000,29.62500,-0.029536
25785,1995-11-01,F,FORD MOTOR CO DEL,,,28.25000,29.00000,28.50000,4055100,-0.008696,28.37500,28.62500,29.00000,-0.008696
25785,1995-11-02,F,FORD MOTOR CO DEL,,,28.25000,28.87500,28.81250,4883601,0.010965,28.75000,28.87500,28.50000,0.010965
25785,1995-11-03,F,FORD MOTOR CO DEL,,,28.12500,28.75000,28.62500,4281900,-0.006508,28.50000,28.75000,28.62500,-0.006508
25785,1995-11-06,F,FORD MOTOR CO DEL,,,28.12500,29.25000,28.75000,4515500,0.004367,28.62500,28.87500,28.50000,0.004367
25785,1995-11-07,F,FORD MOTOR CO DEL,,,28.50000,29.37500,28.75000,3618600,0.000000,28.62500,28.87500,28.75000,0.000000
25785,1995-11-08,F,FORD MOTOR CO DEL,,,28.12500,28.62500,28.37500,3590200,-0.013043,28.25000,28.37500,28.37500,-0.013043
25785,1995-11-09,F,FORD MOTOR CO DEL,,,27.75000,28.50000,28.12500,4213200,-0.008811,28.00000,28.12500,28.50000,-0.008811
25785,1995-11-10,F,FORD MOTOR CO DEL,,,27.75000,29.12500,28.50000,2673100,0.013333,28.37500,28.50000,27.87500,0.013333
25785,1995-11-13,F,FORD MOTOR CO DEL,,,28.00000,28.75000,28.50000,1813800,0.000000,28.37500,28.62500,28.37500,0.000000
25785,1995-11-14,F,FORD MOTOR CO DEL,,,28.50000,28.87500,28.75000,1492500,0.008772,28.62500,28.75000,28.62500,0.008772
25785,1995-11-15,F,FORD MOTOR CO DEL,,,28.62500,29.25000,29.12500,2066000,0.013043,29.00000,29.25000,28.62500,0.013043
25785,1995-11-16,F,FORD MOTOR CO DEL,,,29.00000,29.37500,29.12500,1990300,0.000000,28.87500,29.12500,29.25000,0.000000
25785,1995-11-17,F,FORD MOTOR CO DEL,,,28.50000,29.12500,28.62500,3044900,-0.017167,28.62500,28.75000,29.12500,-0.017167
25785,1995-11-20,F,FORD MOTOR CO DEL,,,28.50000,29.00000,29.00000,1909200,0.013100,28.87500,29.00000,28.75000,0.013100
25785,1995-11-21,F,FORD MOTOR CO DEL,,,28.12500,29.25000,29.12500,4038200,0.004310,29.00000,29.12500,28.62500,0.004310
25785,1995-11-22,F,FORD MOTOR CO DEL,,,29.00000,29.75000,29.12500,4915901,0.000000,28.87500,29.25000,29.00000,0.000000
25785,1995-11-24,F,FORD MOTOR CO DEL,,,28.75000,29.12500,29.00000,1586600,-0.004292,28.87500,29.12500,28.75000,-0.004292
25785,1995-11-27,F,FORD MOTOR CO DEL,,,28.75000,29.25000,28.87500,3316700,-0.004310,28.75000,28.87500,29.00000,-0.004310
25785,1995-11-28,F,FORD MOTOR CO DEL,,,28.37500,29.00000,28.62500,2522400,-0.008658,28.50000,28.62500,28.87500,-0.008658
25785,1995-11-29,F,FORD MOTOR CO DEL,,,28.62500,29.12500,28.87500,2314600,0.008734,28.75000,28.87500,28.75000,0.008734
25785,1995-11-30,F,FORD MOTOR CO DEL,,,28.25000,28.87500,28.25000,2850500,-0.021645,28.25000,28.37500,28.87500,-0.021645
25785,1995-12-01,F,FORD MOTOR CO DEL,,,28.25000,28.87500,28.87500,2673500,0.022124,28.62500,28.75000,28.50000,0.022124
25785,1995-12-04,F,FORD MOTOR CO DEL,,,28.75000,30.00000,29.87500,5706101,0.034632,29.75000,29.87500,29.00000,0.034632
25785,1995-12-05,F,FORD MOTOR CO DEL,,,28.75000,29.87500,29.25000,3995700,-0.020921,29.12500,29.25000,29.50000,-0.020921
25785,1995-12-06,F,FORD MOTOR CO DEL,,,28.62500,29.25000,28.87500,3378500,-0.012821,28.75000,29.00000,29.12500,-0.012821
25785,1995-12-07,F,FORD MOTOR CO DEL,,,28.50000,28.87500,28.62500,3382800,-0.008658,28.62500,28.87500,28.62500,-0.008658
25785,1995-12-08,F,FORD MOTOR CO DEL,,,28.37500,29.00000,28.62500,2923200,0.000000,28.50000,28.62500,28.75000,0.000000
25785,1995-12-11,F,FORD MOTOR CO DEL,,,28.62500,29.00000,28.75000,2218200,0.004367,28.50000,28.75000,28.62500,0.004367
25785,1995-12-12,F,FORD MOTOR CO DEL,,,28.25000,28.75000,28.37500,2809000,-0.013043,28.25000,28.50000,28.50000,-0.013043
25785,1995-12-13,F,FORD MOTOR CO DEL,,,28.25000,28.75000,28.62500,2107300,0.008811,28.62500,28.75000,28.37500,0.008811
25785,1995-12-14,F,FORD MOTOR CO DEL,,,28.25000,28.75000,28.37500,2460800,-0.008734,28.25000,28.37500,28.62500,-0.008734
25785,1995-12-15,F,FORD MOTOR CO DEL,,,28.00000,28.37500,28.25000,5158301,-0.004405,28.12500,28.25000,28.37500,-0.004405
25785,1995-12-18,F,FORD MOTOR CO DEL,,,27.87500,28.62500,28.25000,2510100,0.000000,28.12500,28.25000,28.12500,0.000000
25785,1995-12-19,F,FORD MOTOR CO DEL,,,28.00000,28.75000,28.62500,3439800,0.013274,28.62500,28.75000,28.12500,0.013274
25785,1995-12-20,F,FORD MOTOR CO DEL,,,28.75000,29.62500,29.12500,4057500,0.017467,29.00000,29.25000,28.75000,0.017467
25785,1995-12-21,F,FORD MOTOR CO DEL,,,29.37500,29.87500,29.50000,3517800,0.012876,29.37500,29.50000,29.50000,0.012876
25785,1995-12-22,F,FORD MOTOR CO DEL,,,29.37500,29.87500,29.62500,1803700,0.004237,29.50000,29.62500,29.62500,0.004237
25785,1995-12-26,F,FORD MOTOR CO DEL,,,29.50000,29.87500,29.62500,852100,0.000000,29.50000,29.62500,29.62500,0.000000
25785,1995-12-27,F,FORD MOTOR CO DEL,,,28.75000,29.62500,29.00000,1165500,-0.021097,28.87500,29.12500,29.50000,-0.021097
25785,1995-12-28,F,FORD MOTOR CO DEL,,,28.62500,29.00000,28.87500,1231100,-0.004310,28.87500,29.00000,28.87500,-0.004310
25785,1995-12-29,F,FORD MOTOR CO DEL,,,28.62500,29.25000,28.87500,1742400,0.000000,28.87500,29.25000,28.87500,0.000000
25785,1996-01-02,F,FORD MOTOR CO DEL,,,28.75000,29.37500,29.37500,2052100,0.017316,29.12500,29.37500,28.87500,0.017316
25785,1996-01-03,F,FORD MOTOR CO DEL,,,29.50000,30.62500,29.87500,5008201,0.017021,29.75000,30.00000,29.62500,0.017021
25785,1996-01-04,F,FORD MOTOR CO DEL,,,29.25000,30.25000,29.62500,4885101,-0.008368,29.50000,29.62500,30.12500,-0.008368
25785,1996-01-05,F,FORD MOTOR CO DEL,,,28.75000,29.25000,28.87500,4703700,-0.025316,28.87500,29.12500,29.25000,-0.025316
25785,1996-01-08,F,FORD MOTOR CO DEL,,,28.50000,29.62500,28.87500,2054200,0.000000,28.62500,28.87500,28.62500,0.000000
25785,1996-01-09,F,FORD MOTOR CO DEL,,,27.75000,28.75000,28.25000,4531300,-0.021645,28.12500,28.25000,28.62500,-0.021645
25785,1996-01-10,F,FORD MOTOR CO DEL,,,27.37500,28.00000,27.50000,4570600,-0.026549,27.50000,27.62500,27.75000,-0.026549
25785,1996-01-11,F,FORD MOTOR CO DEL,,,27.50000,28.37500,28.25000,3749700,0.027273,28.00000,28.37500,27.75000,0.027273
25785,1996-01-12,F,FORD MOTOR CO DEL,,,27.62500,28.37500,27.75000,2579000,-0.017699,27.62500,27.87500,28.37500,-0.017699
25785,1996-01-15,F,FORD MOTOR CO DEL,,,27.50000,27.87500,27.75000,1758500,0.000000,27.62500,27.87500,27.75000,0.000000
25785,1996-01-16,F,FORD MOTOR CO DEL,,,27.62500,28.00000,27.75000,2618700,0.000000,27.62500,27.87500,27.87500,0.000000
25785,1996-01-17,F,FORD MOTOR CO DEL,,,27.62500,28.00000,27.75000,2626600,0.000000,27.62500,27.87500,27.75000,0.000000
25785,1996-01-18,F,FORD MOTOR CO DEL,,,27.25000,27.87500,27.37500,3064900,-0.013514,27.37500,27.50000,27.75000,-0.013514
25785,1996-01-19,F,FORD MOTOR CO DEL,,,27.62500,28.00000,27.75000,4183800,0.013699,27.75000,27.87500,27.62500,0.013699
25785,1996-01-22,F,FORD MOTOR CO DEL,,,27.75000,28.87500,28.87500,4108000,0.040541,28.75000,28.87500,27.87500,0.040541
25785,1996-01-23,F,FORD MOTOR CO DEL,,,28.37500,29.37500,29.37500,3277100,0.017316,29.25000,29.37500,28.75000,0.017316
25785,1996-01-24,F,FORD MOTOR CO DEL,,,29.12500,29.87500,29.62500,4116600,0.008511,29.25000,29.62500,29.25000,0.008511
25785,1996-01-25,F,FORD MOTOR CO DEL,,,28.87500,29.50000,29.37500,2712800,-0.008439,29.25000,29.37500,29.37500,-0.008439
25785,1996-01-26,F,FORD MOTOR CO DEL,,,29.00000,29.62500,29.25000,3406700,-0.004255,29.25000,29.50000,29.12500,-0.004255
25785,1996-01-29,F,FORD MOTOR CO DEL,,,28.62500,29.12500,29.00000,1602300,0.003419,29.00000,29.12500,28.75000,-0.008547
25785,1996-01-30,F,FORD MOTOR CO DEL,,,29.25000,29.75000,29.50000,3889100,0.017241,29.62500,29.75000,29.37500,0.017241
25785,1996-01-31,F,FORD MOTOR CO DEL,,,29.12500,30.00000,29.50000,5778401,0.000000,29.50000,29.62500,29.87500,0.000000
25785,1996-02-01,F,FORD MOTOR CO DEL,,,29.50000,30.50000,30.50000,5230201,0.033898,30.25000,30.50000,29.50000,0.033898
25785,1996-02-02,F,FORD MOTOR CO DEL,,,29.75000,30.87500,29.87500,4372800,-0.020492,29.87500,30.00000,30.62500,-0.020492
25785,1996-02-05,F,FORD MOTOR CO DEL,,,29.12500,30.25000,29.87500,5328501,0.000000,29.75000,29.87500,29.37500,0.000000
25785,1996-02-06,F,FORD MOTOR CO DEL,,,29.37500,30.25000,29.75000,4837601,-0.004184,29.62500,29.75000,29.87500,-0.004184
25785,1996-02-07,F,FORD MOTOR CO DEL,,,29.62500,30.12500,29.87500,3462400,0.004202,29.62500,29.87500,29.75000,0.004202
25785,1996-02-08,F,FORD MOTOR CO DEL,,,29.00000,29.75000,29.50000,4234400,-0.012552,29.25000,29.50000,29.50000,-0.012552
25785,1996-02-09,F,FORD MOTOR CO DEL,,,29.75000,30.87500,30.25000,4825200,0.025424,30.25000,30.37500,29.87500,0.025424
25785,1996-02-12,F,FORD MOTOR CO DEL,,,30.37500,31.00000,30.50000,5620801,0.008264,30.50000,30.62500,30.50000,0.008264
25785,1996-02-13,F,FORD MOTOR CO DEL,,,30.00000,31.00000,30.87500,4179100,0.012295,30.75000,30.87500,30.12500,0.012295
25785,1996-02-14,F,FORD MOTOR CO DEL,,,30.12500,31.12500,31.00000,4730700,0.004049,30.87500,31.00000,30.75000,0.004049
25785,1996-02-15,F,FORD MOTOR CO DEL,,,30.12500,31.37500,30.25000,3345300,-0.024194,30.12500,30.25000,30.87500,-0.024194
25785,1996-02-16,F,FORD MOTOR CO DEL,,,30.12500,30.87500,30.62500,4988201,0.012397,30.50000,30.62500,30.50000,0.012397
25785,1996-02-20,F,FORD MOTOR CO DEL,,,29.75000,30.37500,30.00000,3008900,-0.020408,30.00000,30.12500,30.25000,-0.020408
25785,1996-02-21,F,FORD MOTOR CO DEL,,,29.87500,30.50000,30.50000,2297200,0.016667,30.37500,30.50000,30.00000,0.016667
25785,1996-02-22,F,FORD MOTOR CO DEL,,,30.62500,31.50000,31.00000,4218000,0.016393,31.00000,31.25000,30.75000,0.016393
25785,1996-02-23,F,FORD MOTOR CO DEL,,,30.12500,31.25000,30.37500,3224200,-0.020161,30.25000,30.50000,31.12500,-0.020161
25785,1996-02-26,F,FORD MOTOR CO DEL,,,30.25000,31.25000,30.62500,3292300,0.008230,30.62500,30.75000,30.50000,0.008230
25785,1996-02-27,F,FORD MOTOR CO DEL,,,30.50000,31.25000,31.25000,4510400,0.020408,31.25000,31.37500,30.87500,0.020408
25785,1996-02-28,F,FORD MOTOR CO DEL,,,31.37500,32.00000,31.50000,5717501,0.008000,31.50000,31.75000,31.62500,0.008000
25785,1996-02-29,F,FORD MOTOR CO DEL,,,30.75000,31.62500,31.25000,3405400,-0.007937,31.25000,31.50000,31.12500,-0.007937
25785,1996-03-01,F,FORD MOTOR CO DEL,,,31.25000,31.62500,31.50000,2754100,0.008000,31.25000,31.50000,31.50000,0.008000
25785,1996-03-04,F,FORD MOTOR CO DEL,,,31.62500,32.12500,32.00000,3422600,0.015873,31.87500,32.00000,31.75000,0.015873
25785,1996-03-05,F,FORD MOTOR CO DEL,,,31.75000,32.50000,32.37500,3426700,0.011719,32.25000,32.50000,32.00000,0.011719
25785,1996-03-06,F,FORD MOTOR CO DEL,,,31.87500,32.62500,32.12500,3493600,-0.007722,32.00000,32.37500,32.50000,-0.007722
25785,1996-03-07,F,FORD MOTOR CO DEL,,,32.00000,32.62500,32.37500,2961700,0.007782,32.25000,32.37500,32.12500,0.007782
25785,1996-03-08,F,FORD MOTOR CO DEL,,,31.00000,32.12500,31.25000,3412600,-0.034749,31.25000,31.37500,31.37500,-0.034749
25785,1996-03-11,F,FORD MOTOR CO DEL,,,31.25000,32.37500,32.37500,3194000,0.036000,32.12500,32.37500,31.37500,0.036000
25785,1996-03-12,F,FORD MOTOR CO DEL,,,31.87500,32.87500,32.50000,4547800,0.003861,32.50000,32.75000,32.37500,0.003861
25785,1996-03-13,F,FORD MOTOR CO DEL,,,32.50000,33.00000,32.75000,2890400,0.007692,32.62500,32.75000,32.87500,0.007692
25785,1996-03-14,F,FORD MOTOR CO DEL,,,32.50000,33.12500,33.00000,3832000,0.007634,32.87500,33.00000,32.87500,0.007634
25785,1996-03-15,F,FORD MOTOR CO DEL,,,32.37500,33.00000,32.50000,3524500,-0.015152,32.37500,32.62500,32.87500,-0.015152
25785,1996-03-18,F,FORD MOTOR CO DEL,,,32.87500,33.87500,33.87500,4226300,0.042308,33.62500,33.87500,32.87500,0.042308
25785,1996-03-19,F,FORD MOTOR CO DEL,,,33.37500,34.12500,33.62500,3450400,-0.007380,33.37500,33.62500,34.00000,-0.007380
25785,1996-03-20,F,FORD MOTOR CO DEL,,,33.12500,34.12500,34.00000,3700600,0.011152,33.87500,34.00000,33.62500,0.011152
25785,1996-03-21,F,FORD MOTOR CO DEL,,,33.50000,34.00000,33.87500,1960100,-0.003676,33.62500,33.87500,33.87500,-0.003676
25785,1996-03-22,F,FORD MOTOR CO DEL,,,33.25000,33.87500,33.62500,1722600,-0.007380,33.37500,33.62500,33.75000,-0.007380
25785,1996-03-25,F,FORD MOTOR CO DEL,,,33.75000,34.50000,34.00000,4705400,0.011152,33.87500,34.12500,33.87500,0.011152
25785,1996-03-26,F,FORD MOTOR CO DEL,,,33.50000,33.87500,33.62500,2225600,-0.011029,33.62500,33.75000,33.50000,-0.011029
25785,1996-03-27,F,FORD MOTOR CO DEL,,,33.37500,34.00000,33.62500,2596100,0.000000,33.62500,33.75000,33.62500,0.000000
25785,1996-03-28,F,FORD MOTOR CO DEL,,,33.87500,34.87500,34.25000,4024500,0.018587,34.25000,34.62500,33.87500,0.018587
25785,1996-03-29,F,FORD MOTOR CO DEL,,,34.00000,34.62500,34.37500,4538200,0.003650,34.37500,34.50000,34.50000,0.003650
25785,1996-04-01,F,FORD MOTOR CO DEL,,,34.37500,35.12500,35.00000,3903800,0.018182,34.87500,35.00000,34.50000,0.018182
25785,1996-04-02,F,FORD MOTOR CO DEL,,,34.25000,35.75000,35.37500,5977801,0.010714,35.37500,35.50000,35.00000,0.010714
25785,1996-04-03,F,FORD MOTOR CO DEL,,,35.00000,35.37500,35.00000,3043900,-0.010601,35.00000,35.12500,35.25000,-0.010601
25785,1996-04-04,F,FORD MOTOR CO DEL,,,34.75000,35.62500,35.25000,2827800,0.007143,35.25000,35.37500,35.12500,0.007143
25785,1996-04-08,F,FORD MOTOR CO DEL,,,34.00000,35.37500,35.25000,4765000,0.000000,35.00000,35.25000,34.00000,0.000000
25785,1996-04-09,F,FORD MOTOR CO DEL,,,35.25000,35.75000,35.25000,3944700,0.000000,35.25000,35.50000,35.37500,0.000000
25785,1996-04-10,F,FORD MOTOR CO DEL,,,34.50000,35.37500,34.50000,3480700,-0.021277,34.50000,34.62500,35.12500,-0.021277
25785,1996-04-11,F,FORD MOTOR CO DEL,,,33.12500,34.87500,33.75000,4659600,-0.021739,33.62500,34.00000,34.50000,-0.021739
25785,1996-04-12,F,FORD MOTOR CO DEL,,,33.75000,34.37500,34.25000,2340100,0.014815,34.12500,34.37500,34.00000,0.014815
25785,1996-04-15,F,FORD MOTOR CO DEL,,,34.12500,34.87500,34.75000,1910200,0.014599,34.62500,34.75000,34.50000,0.014599
25785,1996-04-16,F,FORD MOTOR CO DEL,,,34.87500,35.50000,35.37500,2862200,0.017986,35.25000,35.37500,35.12500,0.017986
25785,1996-04-17,F,FORD MOTOR CO DEL,,,35.75000,37.12500,36.62500,126614,0.035336,36.50000,36.62500,36.50000,0.035336
25785,1996-04-18,F,FORD MOTOR CO DEL,,,35.62500,37.12500,35.87500,7655800,-0.020478,35.62500,35.87500,36.12500,-0.020478
25785,1996-04-19,F,FORD MOTOR CO DEL,,,35.37500,35.87500,35.62500,3314100,-0.006969,35.62500,35.75000,35.75000,-0.006969
25785,1996-04-22,F,FORD MOTOR CO DEL,,,35.62500,36.25000,35.87500,2125200,0.007018,35.75000,36.00000,36.25000,0.007018
25785,1996-04-23,F,FORD MOTOR CO DEL,,,35.87500,36.25000,36.12500,1596500,0.006969,36.12500,36.25000,36.00000,0.006969
25785,1996-04-24,F,FORD MOTOR CO DEL,,,35.75000,36.50000,35.75000,1693400,-0.010381,35.75000,35.87500,36.50000,-0.010381
25785,1996-04-25,F,FORD MOTOR CO DEL,,,34.75000,35.62500,35.25000,4402400,-0.013986,35.00000,35.37500,35.62500,-0.013986
25785,1996-04-26,F,FORD MOTOR CO DEL,,,34.87500,35.50000,35.25000,2591400,0.000000,35.12500,35.50000,35.00000,0.000000
25785,1996-04-29,F,FORD MOTOR CO DEL,,,35.12500,36.12500,35.87500,5112201,0.017730,35.87500,36.12500,35.12500,0.017730
25785,1996-04-30,F,FORD MOTOR CO DEL,,,35.37500,35.87500,35.87500,2739700,0.009756,35.75000,35.87500,35.50000,0.000000
25785,1996-05-01,F,FORD MOTOR CO DEL,,,35.87500,36.75000,36.75000,5196401,0.024390,36.75000,36.87500,36.12500,0.024390
25785,1996-05-02,F,FORD MOTOR CO DEL,,,35.50000,36.87500,35.62500,5140001,-0.030612,35.62500,35.87500,36.50000,-0.030612
25785,1996-05-03,F,FORD MOTOR CO DEL,,,35.75000,36.62500,35.75000,5629201,0.003509,35.75000,36.12500,36.12500,0.003509
25785,1996-05-06,F,FORD MOTOR CO DEL,,,35.37500,36.12500,35.50000,2057800,-0.006993,35.50000,35.75000,36.12500,-0.006993
25785,1996-05-07,F,FORD MOTOR CO DEL,,,35.50000,36.00000,36.00000,3556600,0.014085,35.75000,36.00000,35.75000,0.014085
25785,1996-05-08,F,FORD MOTOR CO DEL,,,35.00000,35.87500,35.75000,3185400,-0.006944,35.62500,35.75000,35.87500,-0.006944
25785,1996-05-09,F,FORD MOTOR CO DEL,,,35.50000,35.87500,35.87500,2062700,0.003497,35.75000,36.12500,35.62500,0.003497
25785,1996-05-10,F,FORD MOTOR CO DEL,,,35.12500,36.25000,35.37500,1749100,-0.013937,35.25000,35.50000,36.25000,-0.013937
25785,1996-05-13,F,FORD MOTOR CO DEL,,,35.00000,35.87500,35.75000,2507400,0.010601,35.62500,35.87500,35.25000,0.010601
25785,1996-05-14,F,FORD MOTOR CO DEL,,,35.75000,36.62500,36.37500,3646600,0.017483,36.25000,36.62500,36.00000,0.017483
25785,1996-05-15,F,FORD MOTOR CO DEL,,,36.00000,36.87500,36.25000,5836001,-0.003436,36.25000,36.50000,36.12500,-0.003436
25785,1996-05-16,F,FORD MOTOR CO DEL,,,36.37500,37.12500,36.75000,4413100,0.013793,36.75000,36.87500,36.50000,0.013793
25785,1996-05-17,F,FORD MOTOR CO DEL,,,36.62500,37.25000,37.25000,4913801,0.013605,36.87500,37.25000,36.87500,0.013605
25785,1996-05-20,F,FORD MOTOR CO DEL,,,36.75000,37.12500,37.00000,2017800,-0.006711,36.87500,37.12500,37.12500,-0.006711
25785,1996-05-21,F,FORD MOTOR CO DEL,,,36.62500,37.12500,36.62500,1735100,-0.010135,36.62500,36.75000,37.12500,-0.010135
25785,1996-05-22,F,FORD MOTOR CO DEL,,,36.37500,37.00000,36.87500,3086000,0.006826,36.87500,37.00000,36.75000,0.006826
25785,1996-05-23,F,FORD MOTOR CO DEL,,,36.62500,37.00000,37.00000,2375900,0.003390,36.75000,37.00000,36.87500,0.003390
25785,1996-05-24,F,FORD MOTOR CO DEL,,,35.75000,37.12500,36.12500,3257000,-0.023649,36.00000,36.25000,37.00000,-0.023649
25785,1996-05-28,F,FORD MOTOR CO DEL,,,36.12500,37.12500,36.75000,2437400,0.017301,36.62500,36.87500,36.37500,0.017301
25785,1996-05-29,F,FORD MOTOR CO DEL,,,36.25000,36.75000,36.50000,1737600,-0.006803,36.25000,36.50000,36.62500,-0.006803
25785,1996-05-30,F,FORD MOTOR CO DEL,,,36.25000,36.87500,36.50000,1743900,0.000000,36.37500,36.62500,36.50000,0.000000
25785,1996-05-31,F,FORD MOTOR CO DEL,,,36.00000,36.62500,36.50000,1812400,0.000000,36.37500,36.50000,36.50000,0.000000
25785,1996-06-03,F,FORD MOTOR CO DEL,,,36.00000,36.50000,36.37500,2113600,-0.003425,36.25000,36.37500,36.37500,-0.003425
25785,1996-06-04,F,FORD MOTOR CO DEL,,,36.50000,36.75000,36.62500,1495000,0.006873,36.37500,36.62500,36.62500,0.006873
25785,1996-06-05,F,FORD MOTOR CO DEL,,,36.00000,36.62500,36.25000,2234800,-0.010239,36.12500,36.25000,36.62500,-0.010239
25785,1996-06-06,F,FORD MOTOR CO DEL,,,35.00000,36.37500,35.25000,2648700,-0.027586,35.25000,35.37500,36.37500,-0.027586
25785,1996-06-07,F,FORD MOTOR CO DEL,,,34.25000,35.00000,35.00000,3208600,-0.007092,34.87500,35.00000,34.25000,-0.007092
25785,1996-06-10,F,FORD MOTOR CO DEL,,,34.50000,35.12500,35.12500,1805800,0.003571,35.00000,35.12500,34.75000,0.003571
25785,1996-06-11,F,FORD MOTOR CO DEL,,,34.87500,35.50000,34.87500,2121500,-0.007117,34.87500,35.00000,35.12500,-0.007117
25785,1996-06-12,F,FORD MOTOR CO DEL,,,34.62500,35.25000,35.00000,2157200,0.003584,34.87500,35.00000,35.00000,0.003584
25785,1996-06-13,F,FORD MOTOR CO DEL,,,34.50000,35.12500,34.62500,1198700,-0.010714,34.62500,34.75000,35.00000,-0.010714
25785,1996-06-14,F,FORD MOTOR CO DEL,,,34.00000,34.87500,34.37500,2206200,-0.007220,34.12500,34.37500,34.75000,-0.007220
25785,1996-06-17,F,FORD MOTOR CO DEL,,,33.87500,34.50000,34.37500,1599100,0.000000,34.25000,34.50000,34.00000,0.000000
25785,1996-06-18,F,FORD MOTOR CO DEL,,,34.00000,34.37500,34.37500,1609400,0.000000,34.25000,34.37500,34.12500,0.000000
25785,1996-06-19,F,FORD MOTOR CO DEL,,,34.25000,35.12500,34.87500,2455200,0.014545,34.75000,35.00000,34.25000,0.014545
25785,1996-06-20,F,FORD MOTOR CO DEL,,,34.00000,34.87500,34.62500,2388300,-0.007168,34.50000,34.75000,34.87500,-0.007168
25785,1996-06-21,F,FORD MOTOR CO DEL,,,33.62500,34.37500,34.00000,4216200,-0.018051,33.75000,34.12500,34.00000,-0.018051
25785,1996-06-24,F,FORD MOTOR CO DEL,,,33.37500,34.25000,33.37500,2749300,-0.018382,33.25000,33.62500,34.25000,-0.018382
25785,1996-06-25,F,FORD MOTOR CO DEL,,,31.75000,33.75000,32.75000,4993501,-0.018727,32.62500,32.87500,33.50000,-0.018727
25785,1996-06-26,F,FORD MOTOR CO DEL,,,31.75000,32.87500,31.75000,4180200,-0.030534,31.75000,32.00000,32.50000,-0.030534
25785,1996-06-27,F,FORD MOTOR CO DEL,,,31.50000,32.50000,32.37500,3533200,0.019685,32.25000,32.50000,31.62500,0.019685
25785,1996-06-28,F,FORD MOTOR CO DEL,,,32.25000,32.75000,32.37500,1879600,0.000000,32.37500,32.50000,32.62500,0.000000
25785,1996-07-01,F,FORD MOTOR CO DEL,,,32.62500,33.12500,33.00000,2026500,0.019305,33.00000,33.25000,32.62500,0.019305
25785,1996-07-02,F,FORD MOTOR CO DEL,,,32.87500,33.50000,33.50000,1602800,0.015152,33.37500,33.50000,33.12500,0.015152
25785,1996-07-03,F,FORD MOTOR CO DEL,,,31.12500,33.25000,31.87500,3055400,-0.048507,32.00000,32.12500,33.25000,-0.048507
25785,1996-07-05,F,FORD MOTOR CO DEL,,,30.62500,31.37500,31.37500,3309900,-0.015686,31.12500,31.50000,31.12500,-0.015686
25785,1996-07-08,F,FORD MOTOR CO DEL,,,30.62500,31.37500,30.87500,2878800,-0.015936,30.62500,30.87500,31.25000,-0.015936
25785,1996-07-09,F,FORD MOTOR CO DEL,,,30.50000,31.12500,30.75000,3480000,-0.004049,30.75000,31.00000,30.87500,-0.004049
25785,1996-07-10,F,FORD MOTOR CO DEL,,,30.87500,31.62500,31.50000,3975400,0.024390,31.37500,31.50000,31.50000,0.024390
25785,1996-07-11,F,FORD MOTOR CO DEL,,,30.25000,31.50000,31.12500,3356300,-0.011905,31.12500,31.25000,31.50000,-0.011905
25785,1996-07-12,F,FORD MOTOR CO DEL,,,30.37500,31.12500,30.75000,2462300,-0.012048,30.50000,30.75000,31.00000,-0.012048
25785,1996-07-15,F,FORD MOTOR CO DEL,,,30.37500,31.25000,31.12500,4426500,0.012195,31.00000,31.12500,30.37500,0.012195
25785,1996-07-16,F,FORD MOTOR CO DEL,,,29.87500,31.62500,30.50000,5196801,-0.020080,30.62500,30.75000,31.12500,-0.020080
25785,1996-07-17,F,FORD MOTOR CO DEL,,,31.12500,32.50000,32.25000,4293400,0.057377,32.25000,32.37500,31.50000,0.057377
25785,1996-07-18,F,FORD MOTOR CO DEL,,,31.75000,32.37500,32.12500,2775100,-0.003876,32.12500,32.25000,32.25000,-0.003876
25785,1996-07-19,F,FORD MOTOR CO DEL,,,32.00000,32.62500,32.25000,2943300,0.003891,32.25000,32.37500,32.12500,0.003891
25785,1996-07-22,F,FORD MOTOR CO DEL,,,31.75000,32.25000,32.00000,2011500,-0.007752,31.75000,32.12500,31.87500,-0.007752
25785,1996-07-23,F,FORD MOTOR CO DEL,,,31.62500,32.50000,32.00000,2594800,0.000000,31.75000,32.00000,32.12500,0.000000
25785,1996-07-24,F,FORD MOTOR CO DEL,,,31.12500,31.87500,31.87500,2889100,-0.003906,31.75000,31.87500,31.37500,-0.003906
25785,1996-07-25,F,FORD MOTOR CO DEL,,,31.87500,32.25000,32.12500,2753400,0.007843,32.12500,32.25000,32.12500,0.007843
25785,1996-07-26,F,FORD MOTOR CO DEL,,,32.00000,32.37500,32.12500,1753500,0.000000,32.00000,32.25000,32.37500,0.000000
25785,1996-07-29,F,FORD MOTOR CO DEL,,,31.37500,32.12500,31.50000,2153800,-0.019455,31.37500,31.62500,32.00000,-0.019455
25785,1996-07-30,F,FORD MOTOR CO DEL,,,31.62500,32.50000,32.37500,3287300,0.027778,32.25000,32.37500,31.87500,0.027778
25785,1996-07-31,F,FORD MOTOR CO DEL,,,31.87500,32.75000,32.37500,2370000,0.011892,32.37500,32.50000,31.87500,0.000000
25785,1996-08-01,F,FORD MOTOR CO DEL,,,32.37500,33.75000,33.75000,3331100,0.042471,33.50000,33.75000,32.62500,0.042471
25785,1996-08-02,F,FORD MOTOR CO DEL,,,33.62500,34.12500,33.87500,1850600,0.003704,33.87500,34.00000,33.75000,0.003704
25785,1996-08-05,F,FORD MOTOR CO DEL,,,33.37500,34.25000,33.62500,1177400,-0.007380,33.37500,33.75000,34.00000,-0.007380
25785,1996-08-06,F,FORD MOTOR CO DEL,,,33.12500,33.62500,33.50000,1149800,-0.003717,33.37500,33.62500,33.37500,-0.003717
25785,1996-08-07,F,FORD MOTOR CO DEL,,,33.00000,33.75000,33.37500,1710400,-0.003731,33.25000,33.50000,33.62500,-0.003731
25785,1996-08-08,F,FORD MOTOR CO DEL,,,33.25000,33.62500,33.62500,1315300,0.007491,33.50000,33.62500,33.37500,0.007491
25785,1996-08-09,F,FORD MOTOR CO DEL,,,33.50000,34.00000,33.75000,1174000,0.003717,33.62500,33.75000,33.62500,0.003717
25785,1996-08-12,F,FORD MOTOR CO DEL,,,33.50000,34.25000,34.25000,1108900,0.014815,34.00000,34.37500,33.62500,0.014815
25785,1996-08-13,F,FORD MOTOR CO DEL,,,32.75000,34.12500,33.00000,2307500,-0.036496,32.75000,33.00000,34.00000,-0.036496
25785,1996-08-14,F,FORD MOTOR CO DEL,,,32.87500,33.43750,33.37500,1251200,0.011364,33.25000,33.37500,33.25000,0.011364
25785,1996-08-15,F,FORD MOTOR CO DEL,,,33.25000,33.75000,33.37500,2147100,0.000000,33.37500,33.50000,33.37500,0.000000
25785,1996-08-16,F,FORD MOTOR CO DEL,,,33.25000,33.62500,33.25000,1691500,-0.003745,33.25000,33.37500,33.50000,-0.003745
25785,1996-08-19,F,FORD MOTOR CO DEL,,,33.00000,33.37500,33.25000,887100,0.000000,33.12500,33.37500,33.25000,0.000000
25785,1996-08-20,F,FORD MOTOR CO DEL,,,33.12500,33.75000,33.62500,1709400,0.011278,33.50000,33.62500,33.25000,0.011278
25785,1996-08-21,F,FORD MOTOR CO DEL,,,33.25000,33.62500,33.50000,1216700,-0.003717,33.37500,33.50000,33.37500,-0.003717
25785,1996-08-22,F,FORD MOTOR CO DEL,,,33.37500,34.25000,34.00000,1660300,0.014925,33.87500,34.12500,33.50000,0.014925
25785,1996-08-23,F,FORD MOTOR CO DEL,,,33.75000,34.25000,33.75000,1535100,-0.007353,33.75000,34.00000,33.87500,-0.007353
25785,1996-08-26,F,FORD MOTOR CO DEL,,,33.37500,34.00000,33.87500,1272300,0.003704,33.87500,34.12500,33.75000,0.003704
25785,1996-08-27,F,FORD MOTOR CO DEL,,,33.87500,34.12500,34.00000,1600900,0.003690,33.87500,34.00000,34.12500,0.003690
25785,1996-08-28,F,FORD MOTOR CO DEL,,,33.62500,34.12500,33.75000,1339700,-0.007353,33.50000,33.87500,34.00000,-0.007353
25785,1996-08-29,F,FORD MOTOR CO DEL,,,33.25000,33.75000,33.37500,1422500,-0.011111,33.25000,33.37500,33.62500,-0.011111
25785,1996-08-30,F,FORD MOTOR CO DEL,,,33.00000,33.50000,33.50000,1162100,0.003745,33.37500,33.62500,33.37500,0.003745
25785,1996-09-03,F,FORD MOTOR CO DEL,,,32.87500,33.62500,33.25000,1766200,-0.007463,33.25000,33.50000,33.00000,-0.007463
25785,1996-09-04,F,FORD MOTOR CO DEL,,,32.75000,33.37500,33.12500,1491600,-0.003759,33.00000,33.25000,33.37500,-0.003759
25785,1996-09-05,F,FORD MOTOR CO DEL,,,32.37500,32.87500,32.62500,1548500,-0.015094,32.37500,32.62500,32.87500,-0.015094
25785,1996-09-06,F,FORD MOTOR CO DEL,,,31.87500,32.37500,31.87500,3421800,-0.022989,31.87500,32.12500,32.25000,-0.022989
25785,1996-09-09,F,FORD MOTOR CO DEL,,,31.62500,32.25000,31.87500,2129700,0.000000,31.75000,32.12500,32.00000,0.000000
25785,1996-09-10,F,FORD MOTOR CO DEL,,,30.00000,31.75000,31.62500,7558500,-0.007843,31.50000,31.75000,30.25000,-0.007843
25785,1996-09-11,F,FORD MOTOR CO DEL,,,30.75000,31.50000,31.37500,4357000,-0.007905,31.25000,31.37500,31.25000,-0.007905
25785,1996-09-12,F,FORD MOTOR CO DEL,,,31.25000,31.87500,31.75000,1660400,0.011952,31.62500,31.87500,31.25000,0.011952
25785,1996-09-13,F,FORD MOTOR CO DEL,,,31.50000,32.25000,32.00000,2449700,0.007874,31.87500,32.25000,31.75000,0.007874
25785,1996-09-16,F,FORD MOTOR CO DEL,,,31.87500,32.25000,32.00000,2978500,0.000000,31.87500,32.00000,32.12500,0.000000
25785,1996-09-17,F,FORD MOTOR CO DEL,,,31.87500,32.62500,32.37500,3233400,0.011719,32.37500,32.50000,32.37500,0.011719
25785,1996-09-18,F,FORD MOTOR CO DEL,,,32.00000,32.37500,32.12500,2548700,-0.007722,32.00000,32.25000,32.25000,-0.007722
25785,1996-09-19,F,FORD MOTOR CO DEL,,,31.50000,32.25000,31.87500,1831300,-0.007782,31.75000,31.87500,32.25000,-0.007782
25785,1996-09-20,F,FORD MOTOR CO DEL,,,31.75000,32.12500,32.00000,3456600,0.003922,31.62500,32.00000,32.00000,0.003922
25785,1996-09-23,F,FORD MOTOR CO DEL,,,31.50000,32.00000,31.50000,1619600,-0.015625,31.50000,31.75000,31.87500,-0.015625
25785,1996-09-24,F,FORD MOTOR CO DEL,,,31.00000,31.75000,31.12500,3766100,-0.011905,31.12500,31.25000,31.50000,-0.011905
25785,1996-09-25,F,FORD MOTOR CO DEL,,,30.62500,31.25000,31.00000,3266800,-0.004016,30.87500,31.12500,31.12500,-0.004016
25785,1996-09-26,F,FORD MOTOR CO DEL,,,30.62500,31.12500,30.75000,4484200,-0.008065,30.75000,30.87500,31.00000,-0.008065
25785,1996-09-27,F,FORD MOTOR CO DEL,,,30.50000,30.87500,30.62500,2488600,-0.004065,30.50000,30.62500,30.87500,-0.004065
25785,1996-09-30,F,FORD MOTOR CO DEL,,,30.75000,31.50000,31.25000,2926700,0.020408,31.12500,31.25000,30.87500,0.020408
25785,1996-10-01,F,FORD MOTOR CO DEL,,,31.12500,31.62500,31.62500,2805900,0.012000,31.37500,31.62500,31.25000,0.012000
25785,1996-10-02,F,FORD MOTOR CO DEL,,,31.62500,32.25000,31.75000,4431600,0.003953,31.62500,31.75000,31.87500,0.003953
25785,1996-10-03,F,FORD MOTOR CO DEL,,,31.00000,31.87500,31.25000,2410000,-0.015748,31.12500,31.25000,31.87500,-0.015748
25785,1996-10-04,F,FORD MOTOR CO DEL,,,31.25000,31.75000,31.62500,2540000,0.012000,31.62500,31.75000,31.25000,0.012000
25785,1996-10-07,F,FORD MOTOR CO DEL,,,31.75000,32.12500,31.87500,2058700,0.007905,31.87500,32.12500,31.87500,0.007905
25785,1996-10-08,F,FORD MOTOR CO DEL,,,31.87500,32.37500,31.87500,2969200,0.000000,31.87500,32.00000,32.00000,0.000000
25785,1996-10-09,F,FORD MOTOR CO DEL,,,31.75000,32.25000,31.75000,1670300,-0.003922,31.62500,31.87500,32.00000,-0.003922
25785,1996-10-10,F,FORD MOTOR CO DEL,,,31.62500,32.00000,31.75000,1346800,0.000000,31.75000,31.87500,31.75000,0.000000
25785,1996-10-11,F,FORD MOTOR CO DEL,,,31.87500,32.37500,32.00000,1483400,0.007874,32.00000,32.12500,32.00000,0.007874
25785,1996-10-14,F,FORD MOTOR CO DEL,,,32.25000,33.00000,32.87500,2453900,0.027344,32.75000,32.87500,32.25000,0.027344
25785,1996-10-15,F,FORD MOTOR CO DEL,,,32.62500,33.50000,33.25000,2584900,0.011407,33.25000,33.37500,33.25000,0.011407
25785,1996-10-16,F,FORD MOTOR CO DEL,,,32.00000,33.12500,32.37500,2867200,-0.026316,32.12500,32.50000,33.12500,-0.026316
25785,1996-10-17,F,FORD MOTOR CO DEL,,,31.87500,32.62500,31.87500,3119100,-0.015444,31.75000,32.00000,32.37500,-0.015444
25785,1996-10-18,F,FORD MOTOR CO DEL,,,31.62500,32.00000,31.75000,2743300,-0.003922,31.62500,31.87500,32.00000,-0.003922
25785,1996-10-21,F,FORD MOTOR CO DEL,,,31.50000,31.87500,31.62500,3226000,-0.003937,31.75000,31.87500,31.62500,-0.003937
25785,1996-10-22,F,FORD MOTOR CO DEL,,,31.50000,32.12500,31.50000,2252900,-0.003953,31.50000,31.75000,31.62500,-0.003953
25785,1996-10-23,F,FORD MOTOR CO DEL,,,31.25000,31.75000,31.37500,2030000,-0.003968,31.37500,31.50000,31.37500,-0.003968
25785,1996-10-24,F,FORD MOTOR CO DEL,,,31.00000,31.75000,31.37500,3742600,0.000000,31.37500,31.50000,31.62500,0.000000
25785,1996-10-25,F,FORD MOTOR CO DEL,,,31.25000,31.62500,31.25000,1892500,-0.003984,31.25000,31.50000,31.50000,-0.003984
25785,1996-10-28,F,FORD MOTOR CO DEL,,,31.12500,31.62500,31.12500,1771000,-0.004000,31.12500,31.37500,31.50000,-0.004000
25785,1996-10-29,F,FORD MOTOR CO DEL,,,31.00000,31.50000,31.25000,3484600,0.004016,31.25000,31.37500,31.37500,0.004016
25785,1996-10-30,F,FORD MOTOR CO DEL,,,30.75000,31.25000,30.87500,2305000,0.000320,30.87500,31.00000,31.00000,-0.012000
25785,1996-10-31,F,FORD MOTOR CO DEL,,,30.75000,31.37500,31.25000,2245800,0.012146,31.25000,31.37500,31.00000,0.012146
25785,1996-11-01,F,FORD MOTOR CO DEL,,,30.37500,31.25000,30.50000,4051200,-0.024000,30.37500,30.62500,31.25000,-0.024000
25785,1996-11-04,F,FORD MOTOR CO DEL,,,30.37500,31.50000,31.50000,2969100,0.032787,31.25000,31.50000,30.50000,0.032787
25785,1996-11-05,F,FORD MOTOR CO DEL,,,31.37500,32.12500,31.62500,3731900,0.003968,31.37500,31.75000,31.87500,0.003968
25785,1996-11-06,F,FORD MOTOR CO DEL,,,31.00000,31.75000,31.62500,2554800,0.000000,31.50000,31.62500,31.62500,0.000000
25785,1996-11-07,F,FORD MOTOR CO DEL,,,31.00000,32.00000,31.00000,2668800,-0.019763,31.00000,31.12500,31.62500,-0.019763
25785,1996-11-08,F,FORD MOTOR CO DEL,,,30.50000,31.62500,31.62500,2196800,0.020161,31.50000,31.62500,31.12500,0.020161
25785,1996-11-11,F,FORD MOTOR CO DEL,,,31.50000,32.00000,31.62500,1937700,0.000000,31.62500,31.87500,31.50000,0.000000
25785,1996-11-12,F,FORD MOTOR CO DEL,,,31.25000,31.75000,31.37500,2390100,-0.007905,31.25000,31.50000,31.62500,-0.007905
25785,1996-11-13,F,FORD MOTOR CO DEL,,,31.00000,31.50000,31.50000,3037500,0.003984,31.25000,31.50000,31.37500,0.003984
25785,1996-11-14,F,FORD MOTOR CO DEL,,,31.25000,31.75000,31.50000,2152500,0.000000,31.37500,31.62500,31.37500,0.000000
25785,1996-11-15,F,FORD MOTOR CO DEL,,,31.00000,31.75000,31.37500,3550200,-0.003968,31.37500,31.50000,31.75000,-0.003968
25785,1996-11-18,F,FORD MOTOR CO DEL,,,31.37500,32.00000,31.87500,1876600,0.015936,31.75000,32.00000,31.75000,0.015936
25785,1996-11-19,F,FORD MOTOR CO DEL,,,31.50000,32.37500,31.87500,2203600,0.000000,31.75000,31.87500,32.12500,0.000000
25785,1996-11-20,F,FORD MOTOR CO DEL,,,31.62500,32.75000,32.50000,3566300,0.019608,32.37500,32.62500,31.75000,0.019608
25785,1996-11-21,F,FORD MOTOR CO DEL,,,31.87500,32.50000,32.00000,3279400,-0.015385,31.75000,32.12500,32.50000,-0.015385
25785,1996-11-22,F,FORD MOTOR CO DEL,,,31.87500,32.50000,32.12500,2643900,0.003906,31.87500,32.12500,32.12500,0.003906
25785,1996-11-25,F,FORD MOTOR CO DEL,,,32.00000,32.62500,32.50000,2389100,0.011673,32.50000,32.62500,32.12500,0.011673
25785,1996-11-26,F,FORD MOTOR CO DEL,,,32.37500,32.87500,32.37500,2925200,-0.003846,32.12500,32.37500,32.62500,-0.003846
25785,1996-11-27,F,FORD MOTOR CO DEL,,,32.25000,32.62500,32.50000,1657100,0.003861,32.50000,32.62500,32.50000,0.003861
25785,1996-11-29,F,FORD MOTOR CO DEL,,,32.62500,33.62500,32.75000,665600,0.007692,32.75000,32.87500,32.62500,0.007692
25785,1996-12-02,F,FORD MOTOR CO DEL,,,32.50000,33.00000,32.75000,1949400,0.000000,32.75000,32.87500,32.75000,0.000000
25785,1996-12-03,F,FORD MOTOR CO DEL,,,32.75000,33.87500,33.37500,3071700,0.019084,33.25000,33.37500,32.87500,0.019084
25785,1996-12-04,F,FORD MOTOR CO DEL,,,32.75000,33.25000,33.00000,2702000,-0.011236,32.87500,33.00000,33.00000,-0.011236
25785,1996-12-05,F,FORD MOTOR CO DEL,,,32.87500,33.50000,33.00000,2211100,0.000000,32.87500,33.12500,32.87500,0.000000
25785,1996-12-06,F,FORD MOTOR CO DEL,,,32.12500,32.62500,32.37500,2576400,-0.018939,32.37500,32.62500,32.37500,-0.018939
25785,1996-12-09,F,FORD MOTOR CO DEL,,,32.50000,33.37500,33.37500,1891800,0.030888,33.12500,33.37500,32.87500,0.030888
25785,1996-12-10,F,FORD MOTOR CO DEL,,,32.75000,33.50000,32.75000,2197500,-0.018727,32.62500,32.87500,33.50000,-0.018727
25785,1996-12-11,F,FORD MOTOR CO DEL,,,32.12500,33.12500,33.12500,2305300,0.011450,32.87500,33.25000,32.25000,0.011450
25785,1996-12-12,F,FORD MOTOR CO DEL,,,32.12500,33.12500,32.12500,1929300,-0.030189,32.12500,32.25000,33.12500,-0.030189
25785,1996-12-13,F,FORD MOTOR CO DEL,,,31.87500,32.25000,32.00000,2394400,-0.003891,31.75000,32.00000,32.12500,-0.003891
25785,1996-12-16,F,FORD MOTOR CO DEL,,,31.12500,32.12500,31.25000,2263800,-0.023438,31.12500,31.25000,32.12500,-0.023438
25785,1996-12-17,F,FORD MOTOR CO DEL,,,31.00000,32.00000,31.87500,2790300,0.020000,31.87500,32.12500,31.00000,0.020000
25785,1996-12-18,F,FORD MOTOR CO DEL,,,31.87500,32.37500,32.00000,2484800,0.003922,31.75000,32.00000,32.37500,0.003922
25785,1996-12-19,F,FORD MOTOR CO DEL,,,31.37500,32.00000,31.62500,2670400,-0.011719,31.50000,31.75000,32.00000,-0.011719
25785,1996-12-20,F,FORD MOTOR CO DEL,,,31.75000,32.62500,31.87500,4909501,0.007905,31.50000,31.87500,32.62500,0.007905
25785,1996-12-23,F,FORD MOTOR CO DEL,,,31.62500,31.87500,31.62500,1338800,-0.007843,31.50000,31.75000,31.62500,-0.007843
25785,1996-12-24,F,FORD MOTOR CO DEL,,,31.87500,32.25000,32.12500,1312100,0.015810,31.75000,32.00000,31.87500,0.015810
25785,1996-12-26,F,FORD MOTOR CO DEL,,,32.12500,32.31250,32.25000,1409600,0.003891,32.12500,32.25000,32.12500,0.003891
25785,1996-12-27,F,FORD MOTOR CO DEL,,,32.00000,32.25000,32.12500,1532100,-0.003876,32.00000,32.25000,32.25000,-0.003876
25785,1996-12-30,F,FORD MOTOR CO DEL,,,32.00000,32.50000,32.25000,1896600,0.003891,32.12500,32.37500,32.12500,0.003891
25785,1996-12-31,F,FORD MOTOR CO DEL,,,31.75000,32.25000,32.25000,1590600,0.000000,32.12500,32.50000,32.12500,0.000000
25785,1997-01-02,F,FORD MOTOR CO DEL,,,31.37500,32.00000,31.87500,2267600,-0.011628,31.75000,32.00000,31.87500,-0.011628
25785,1997-01-03,F,FORD MOTOR CO DEL,,,32.12500,32.62500,32.50000,3460400,0.019608,32.37500,32.62500,32.25000,0.019608
25785,1997-01-06,F,FORD MOTOR CO DEL,,,32.50000,33.37500,33.12500,5329401,0.019231,33.12500,33.25000,32.50000,0.019231
25785,1997-01-07,F,FORD MOTOR CO DEL,,,33.25000,33.62500,33.50000,5984601,0.011321,33.37500,33.62500,33.50000,0.011321
25785,1997-01-08,F,FORD MOTOR CO DEL,,,33.62500,34.37500,34.25000,5831601,0.022388,34.12500,34.25000,33.75000,0.022388
25785,1997-01-09,F,FORD MOTOR CO DEL,,,33.62500,34.50000,33.75000,2753700,-0.014599,33.62500,33.87500,34.37500,-0.014599
25785,1997-01-10,F,FORD MOTOR CO DEL,,,32.87500,33.50000,33.50000,3533700,-0.007407,33.37500,33.50000,33.00000,-0.007407
25785,1997-01-13,F,FORD MOTOR CO DEL,,,33.00000,33.75000,33.25000,2274200,-0.007463,33.12500,33.37500,33.75000,-0.007463
25785,1997-01-14,F,FORD MOTOR CO DEL,,,33.50000,34.00000,33.75000,2552700,0.015038,33.62500,34.00000,33.62500,0.015038
25785,1997-01-15,F,FORD MOTOR CO DEL,,,33.00000,33.75000,33.12500,2572300,-0.018519,32.87500,33.12500,33.75000,-0.018519
25785,1997-01-16,F,FORD MOTOR CO DEL,,,32.75000,33.25000,32.87500,1849900,-0.007547,32.87500,33.00000,33.25000,-0.007547
25785,1997-01-17,F,FORD MOTOR CO DEL,,,32.75000,33.25000,33.00000,2691100,0.003802,33.00000,33.25000,33.00000,0.003802
25785,1997-01-20,F,FORD MOTOR CO DEL,,,33.00000,33.50000,33.12500,2437100,0.003788,33.12500,33.25000,33.12500,0.003788
25785,1997-01-21,F,FORD MOTOR CO DEL,,,32.75000,34.00000,33.62500,2921600,0.015094,33.62500,33.87500,33.00000,0.015094
25785,1997-01-22,F,FORD MOTOR CO DEL,,,33.87500,34.25000,34.25000,3131900,0.018587,34.00000,34.25000,33.87500,0.018587
25785,1997-01-23,F,FORD MOTOR CO DEL,,,33.62500,35.00000,33.75000,4505100,-0.014599,33.62500,33.87500,34.37500,-0.014599
25785,1997-01-24,F,FORD MOTOR CO DEL,,,33.50000,34.50000,33.62500,2442400,-0.003704,33.62500,33.75000,34.12500,-0.003704
25785,1997-01-27,F,FORD MOTOR CO DEL,,,33.00000,33.75000,33.12500,3855000,-0.014870,33.00000,33.37500,33.62500,-0.014870
25785,1997-01-28,F,FORD MOTOR CO DEL,,,32.25000,33.37500,32.50000,2228300,-0.007245,32.25000,32.37500,33.37500,-0.018868
25785,1997-01-29,F,FORD MOTOR CO DEL,,,32.00000,32.87500,32.37500,3738700,-0.003846,32.25000,32.62500,32.50000,-0.003846
25785,1997-01-30,F,FORD MOTOR CO DEL,,,32.00000,32.50000,32.37500,3220000,0.000000,32.25000,32.50000,32.50000,0.000000
25785,1997-01-31,F,FORD MOTOR CO DEL,,,32.12500,32.87500,32.12500,3040500,-0.007722,32.12500,32.25000,32.50000,-0.007722
25785,1997-02-03,F,FORD MOTOR CO DEL,,,32.12500,32.62500,32.25000,2987900,0.003891,32.25000,32.50000,32.37500,0.003891
25785,1997-02-04,F,FORD MOTOR CO DEL,,,32.12500,32.50000,32.37500,3116200,0.003876,32.25000,32.37500,32.37500,0.003876
25785,1997-02-05,F,FORD MOTOR CO DEL,,,32.25000,33.12500,32.25000,4221000,-0.003861,32.25000,32.37500,32.50000,-0.003861
25785,1997-02-06,F,FORD MOTOR CO DEL,,,32.00000,32.75000,32.12500,3041700,-0.003876,32.00000,32.25000,32.75000,-0.003876
25785,1997-02-07,F,FORD MOTOR CO DEL,,,31.75000,32.50000,32.25000,2951200,0.003891,32.00000,32.25000,32.37500,0.003891
25785,1997-02-10,F,FORD MOTOR CO DEL,,,31.87500,32.37500,32.00000,2271800,-0.007752,31.87500,32.12500,32.25000,-0.007752
25785,1997-02-11,F,FORD MOTOR CO DEL,,,32.00000,32.25000,32.25000,1784800,0.007813,32.12500,32.25000,32.00000,0.007813
25785,1997-02-12,F,FORD MOTOR CO DEL,,,32.12500,32.75000,32.75000,2537100,0.015504,32.62500,32.75000,32.25000,0.015504
25785,1997-02-13,F,FORD MOTOR CO DEL,,,32.50000,32.87500,32.75000,2740500,0.000000,32.62500,32.75000,32.75000,0.000000
25785,1997-02-14,F,FORD MOTOR CO DEL,,,32.62500,33.25000,32.75000,2829100,0.000000,32.62500,32.87500,32.87500,0.000000
25785,1997-02-18,F,FORD MOTOR CO DEL,,,32.75000,33.25000,33.25000,1730700,0.015267,33.12500,33.37500,33.00000,0.015267
25785,1997-02-19,F,FORD MOTOR CO DEL,,,32.50000,33.25000,32.75000,2744900,-0.015038,32.50000,32.75000,33.25000,-0.015038
25785,1997-02-20,F,FORD MOTOR CO DEL,,,32.50000,33.00000,33.00000,2290800,0.007634,32.87500,33.12500,32.62500,0.007634
25785,1997-02-21,F,FORD MOTOR CO DEL,,,33.00000,33.37500,33.12500,2886900,0.003788,33.00000,33.25000,33.00000,0.003788
25785,1997-02-24,F,FORD MOTOR CO DEL,,,33.12500,33.62500,33.37500,3173400,0.007547,33.25000,33.50000,33.12500,0.007547
25785,1997-02-25,F,FORD MOTOR CO DEL,,,32.37500,33.62500,33.50000,2003200,0.003745,33.37500,33.62500,33.37500,0.003745
25785,1997-02-26,F,FORD MOTOR CO DEL,,,32.87500,33.87500,33.37500,2683200,-0.003731,33.12500,33.37500,33.75000,-0.003731
25785,1997-02-27,F,FORD MOTOR CO DEL,,,32.62500,33.37500,32.87500,1971400,-0.014981,32.62500,32.87500,33.25000,-0.014981
25785,1997-02-28,F,FORD MOTOR CO DEL,,,32.50000,33.37500,32.87500,2890700,0.000000,32.87500,33.00000,32.87500,0.000000
25785,1997-03-03,F,FORD MOTOR CO DEL,,,32.87500,33.50000,33.12500,2172700,0.007605,33.00000,33.25000,33.00000,0.007605
25785,1997-03-04,F,FORD MOTOR CO DEL,,,31.75000,33.25000,32.00000,3673700,-0.033962,31.87500,32.12500,33.25000,-0.033962
25785,1997-03-05,F,FORD MOTOR CO DEL,,,31.87500,32.37500,32.00000,3052500,0.000000,32.00000,32.25000,32.12500,0.000000
25785,1997-03-06,F,FORD MOTOR CO DEL,,,31.75000,32.25000,31.87500,1854400,-0.003906,31.75000,32.00000,32.12500,-0.003906
25785,1997-03-07,F,FORD MOTOR CO DEL,,,31.93750,32.50000,32.25000,2405700,0.011765,32.12500,32.25000,32.00000,0.011765
25785,1997-03-10,F,FORD MOTOR CO DEL,,,32.25000,32.62500,32.62500,1310600,0.011628,32.50000,32.62500,32.37500,0.011628
25785,1997-03-11,F,FORD MOTOR CO DEL,,,32.25000,32.62500,32.25000,1733200,-0.011494,32.37500,32.50000,32.50000,-0.011494
25785,1997-03-12,F,FORD MOTOR CO DEL,,,32.12500,32.62500,32.62500,1599500,0.011628,32.50000,32.75000,32.12500,0.011628
25785,1997-03-13,F,FORD MOTOR CO DEL,,,31.75000,32.50000,31.75000,1888800,-0.026820,31.75000,31.87500,32.25000,-0.026820
25785,1997-03-14,F,FORD MOTOR CO DEL,,,31.75000,32.12500,32.12500,1420900,0.011811,32.00000,32.12500,32.00000,0.011811
25785,1997-03-17,F,FORD MOTOR CO DEL,,,31.50000,32.25000,32.25000,1922600,0.003891,32.12500,32.25000,31.75000,0.003891
25785,1997-03-18,F,FORD MOTOR CO DEL,,,31.87500,32.50000,32.00000,2254700,-0.007752,31.87500,32.12500,32.37500,-0.007752
25785,1997-03-19,F,FORD MOTOR CO DEL,,,31.62500,32.12500,31.75000,1539600,-0.007813,31.50000,31.75000,31.87500,-0.007813
25785,1997-03-20,F,FORD MOTOR CO DEL,,,31.50000,31.75000,31.50000,1471100,-0.007874,31.50000,31.75000,31.75000,-0.007874
25785,1997-03-21,F,FORD MOTOR CO DEL,,,31.62500,32.00000,31.75000,1964500,0.007937,31.62500,31.75000,31.75000,0.007937
25785,1997-03-24,F,FORD MOTOR CO DEL,,,31.62500,32.00000,31.75000,1935000,0.000000,31.75000,31.87500,31.87500,0.000000
25785,1997-03-25,F,FORD MOTOR CO DEL,,,31.75000,32.37500,31.87500,1912400,0.003937,31.62500,31.87500,32.00000,0.003937
25785,1997-03-26,F,FORD MOTOR CO DEL,,,31.00000,31.75000,31.12500,2474600,-0.023529,31.00000,31.37500,31.62500,-0.023529
25785,1997-03-27,F,FORD MOTOR CO DEL,,,30.75000,31.37500,30.87500,2780900,-0.008032,30.75000,31.00000,31.12500,-0.008032
25785,1997-03-31,F,FORD MOTOR CO DEL,,,31.12500,31.87500,31.37500,3220000,0.016194,31.37500,31.50000,31.25000,0.016194
25785,1997-04-01,F,FORD MOTOR CO DEL,,,31.12500,31.50000,31.50000,2715000,0.003984,31.37500,31.62500,31.37500,0.003984
25785,1997-04-02,F,FORD MOTOR CO DEL,,,30.75000,31.37500,31.00000,2433700,-0.015873,31.00000,31.25000,31.25000,-0.015873
25785,1997-04-03,F,FORD MOTOR CO DEL,,,30.75000,31.00000,30.75000,1526600,-0.008065,30.75000,31.00000,30.87500,-0.008065
25785,1997-04-04,F,FORD MOTOR CO DEL,,,30.00000,30.87500,30.87500,3538100,0.004065,30.62500,30.87500,30.50000,0.004065
25785,1997-04-07,F,FORD MOTOR CO DEL,,,30.75000,31.62500,31.62500,3805500,0.024291,31.50000,31.62500,31.12500,0.024291
25785,1997-04-08,F,FORD MOTOR CO DEL,,,31.87500,32.12500,32.00000,2771800,0.011858,31.87500,32.12500,31.87500,0.011858
25785,1997-04-09,F,FORD MOTOR CO DEL,,,32.12500,33.00000,32.87500,4009300,0.027344,32.75000,33.00000,32.12500,0.027344
25785,1997-04-10,F,FORD MOTOR CO DEL,,,32.62500,33.50000,32.62500,2947400,-0.007605,32.50000,32.75000,33.00000,-0.007605
25785,1997-04-11,F,FORD MOTOR CO DEL,,,31.87500,32.50000,32.25000,2747200,-0.011494,32.25000,32.37500,32.25000,-0.011494
25785,1997-04-14,F,FORD MOTOR CO DEL,,,32.25000,32.75000,32.50000,2098000,0.007752,32.37500,32.62500,32.37500,0.007752
25785,1997-04-15,F,FORD MOTOR CO DEL,,,32.87500,33.37500,33.25000,3573600,0.023077,33.12500,33.25000,32.87500,0.023077
25785,1997-04-16,F,FORD MOTOR CO DEL,,,33.75000,34.87500,34.87500,7575100,0.048872,34.75000,34.87500,33.87500,0.048872
25785,1997-04-17,F,FORD MOTOR CO DEL,,,34.00000,34.87500,34.12500,3624400,-0.021505,34.12500,34.25000,34.75000,-0.021505
25785,1997-04-18,F,FORD MOTOR CO DEL,,,33.87500,34.37500,34.25000,3197000,0.003663,34.25000,34.37500,34.25000,0.003663
25785,1997-04-21,F,FORD MOTOR CO DEL,,,34.37500,35.00000,34.62500,2374900,0.010949,34.50000,34.62500,34.37500,0.010949
25785,1997-04-22,F,FORD MOTOR CO DEL,,,34.25000,34.87500,34.87500,2361100,0.007220,34.75000,34.87500,34.62500,0.007220
25785,1997-04-23,F,FORD MOTOR CO DEL,,,34.62500,34.87500,34.87500,2050700,0.000000,34.75000,35.00000,34.87500,0.000000
25785,1997-04-24,F,FORD MOTOR CO DEL,,,34.37500,35.00000,34.37500,1807200,-0.014337,34.37500,34.50000,34.87500,-0.014337
25785,1997-04-25,F,FORD MOTOR CO DEL,,,34.12500,34.37500,34.25000,1689000,-0.003636,34.12500,34.25000,34.37500,-0.003636
25785,1997-04-28,F,FORD MOTOR CO DEL,,,34.12500,34.62500,34.50000,1439000,0.007299,34.37500,34.62500,34.12500,0.007299
25785,1997-04-29,F,FORD MOTOR CO DEL,,,34.62500,35.37500,35.37500,4114600,0.025362,35.25000,35.50000,34.75000,0.025362
25785,1997-04-30,F,FORD MOTOR CO DEL,,,34.50000,35.00000,34.75000,3798200,-0.005795,34.62500,34.87500,34.87500,-0.017668
25785,1997-05-01,F,FORD MOTOR CO DEL,,,34.25000,34.87500,34.37500,2436300,-0.010791,34.37500,34.50000,34.75000,-0.010791
25785,1997-05-02,F,FORD MOTOR CO DEL,,,34.00000,34.75000,34.75000,1780900,0.010909,34.50000,34.75000,34.50000,0.010909
25785,1997-05-05,F,FORD MOTOR CO DEL,,,34.50000,35.50000,35.37500,2845000,0.017986,35.25000,35.37500,34.75000,0.017986
25785,1997-05-06,F,FORD MOTOR CO DEL,,,34.87500,36.12500,35.87500,6197801,0.014134,35.75000,35.87500,35.37500,0.014134
25785,1997-05-07,F,FORD MOTOR CO DEL,,,35.12500,36.00000,35.12500,2338200,-0.020906,35.12500,35.37500,35.75000,-0.020906
25785,1997-05-08,F,FORD MOTOR CO DEL,,,35.00000,36.12500,35.62500,3205000,0.014235,35.62500,35.87500,35.25000,0.014235
25785,1997-05-09,F,FORD MOTOR CO DEL,,,35.25000,36.62500,36.62500,4617200,0.028070,36.37500,36.62500,36.00000,0.028070
25785,1997-05-12,F,FORD MOTOR CO DEL,,,36.68750,37.37500,37.00000,5679001,0.010239,36.87500,37.12500,36.68750,0.010239
25785,1997-05-13,F,FORD MOTOR CO DEL,,,35.62500,36.87500,35.75000,3449600,-0.033784,35.75000,36.00000,36.75000,-0.033784
25785,1997-05-14,F,FORD MOTOR CO DEL,,,35.87500,36.62500,36.12500,2772600,0.010490,36.12500,36.25000,36.12500,0.010490
25785,1997-05-15,F,FORD MOTOR CO DEL,,,36.00000,36.75000,36.75000,2476200,0.017301,36.50000,36.75000,36.00000,0.017301
25785,1997-05-16,F,FORD MOTOR CO DEL,,,36.50000,37.12500,36.62500,4715400,-0.003401,36.50000,36.62500,36.75000,-0.003401
25785,1997-05-19,F,FORD MOTOR CO DEL,,,36.12500,36.50000,36.37500,1006100,-0.006826,36.25000,36.37500,36.50000,-0.006826
25785,1997-05-20,F,FORD MOTOR CO DEL,,,36.62500,37.62500,37.50000,5499401,0.030928,37.37500,37.50000,36.62500,0.030928
25785,1997-05-21,F,FORD MOTOR CO DEL,,,36.62500,37.62500,37.25000,4494200,-0.006667,37.12500,37.37500,37.62500,-0.006667
25785,1997-05-22,F,FORD MOTOR CO DEL,,,36.50000,37.12500,37.12500,1995900,-0.003356,36.87500,37.12500,36.87500,-0.003356
25785,1997-05-23,F,FORD MOTOR CO DEL,,,37.12500,37.62500,37.37500,2293800,0.006734,37.25000,37.37500,37.37500,0.006734
25785,1997-05-27,F,FORD MOTOR CO DEL,,,37.00000,37.87500,37.62500,2090800,0.006689,37.62500,37.75000,37.00000,0.006689
25785,1997-05-28,F,FORD MOTOR CO DEL,,,37.00000,37.87500,37.37500,2239400,-0.006645,37.25000,37.37500,37.62500,-0.006645
25785,1997-05-29,F,FORD MOTOR CO DEL,,,37.00000,37.50000,37.12500,1208000,-0.006689,37.00000,37.12500,37.50000,-0.006689
25785,1997-05-30,F,FORD MOTOR CO DEL,,,36.50000,37.50000,37.50000,1889900,0.010101,37.25000,37.75000,36.50000,0.010101
25785,1997-06-02,F,FORD MOTOR CO DEL,,,37.00000,37.75000,37.12500,1487300,-0.010000,37.12500,37.25000,37.62500,-0.010000
25785,1997-06-03,F,FORD MOTOR CO DEL,,,37.25000,38.25000,38.00000,3464000,0.023569,38.00000,38.12500,37.37500,0.023569
25785,1997-06-04,F,FORD MOTOR CO DEL,,,37.50000,38.12500,37.62500,2036900,-0.009868,37.62500,37.87500,38.12500,-0.009868
25785,1997-06-05,F,FORD MOTOR CO DEL,,,37.87500,38.37500,38.25000,2346400,0.016611,38.25000,38.37500,38.00000,0.016611
25785,1997-06-06,F,FORD MOTOR CO DEL,,,38.00000,38.50000,38.12500,1965400,-0.003268,38.00000,38.12500,38.25000,-0.003268
25785,1997-06-09,F,FORD MOTOR CO DEL,,,37.87500,38.25000,38.25000,1191400,0.003279,38.00000,38.12500,38.00000,0.003279
25785,1997-06-10,F,FORD MOTOR CO DEL,,,37.37500,38.12500,38.00000,2135600,-0.006536,37.75000,38.00000,37.75000,-0.006536
25785,1997-06-11,F,FORD MOTOR CO DEL,,,37.87500,38.87500,38.87500,2526600,0.023026,38.62500,38.87500,38.00000,0.023026
25785,1997-06-12,F,FORD MOTOR CO DEL,,,38.62500,39.12500,38.62500,2449200,-0.006431,38.62500,38.75000,39.00000,-0.006431
25785,1997-06-13,F,FORD MOTOR CO DEL,,,38.37500,39.18750,38.37500,3520600,-0.006472,38.37500,38.75000,38.62500,-0.006472
25785,1997-06-16,F,FORD MOTOR CO DEL,,,38.37500,38.62500,38.62500,2153800,0.006515,38.37500,38.62500,38.50000,0.006515
25785,1997-06-17,F,FORD MOTOR CO DEL,,,38.00000,38.62500,38.00000,2099900,-0.016181,38.00000,38.12500,38.62500,-0.016181
25785,1997-06-18,F,FORD MOTOR CO DEL,,,37.62500,38.75000,38.75000,2308000,0.019737,38.50000,38.75000,37.62500,0.019737
25785,1997-06-19,F,FORD MOTOR CO DEL,,,38.00000,39.12500,38.25000,3699500,-0.012903,38.00000,38.25000,39.00000,-0.012903
25785,1997-06-20,F,FORD MOTOR CO DEL,,,38.37500,38.75000,38.75000,5093401,0.013072,38.62500,38.87500,38.50000,0.013072
25785,1997-06-23,F,FORD MOTOR CO DEL,,,37.75000,38.62500,38.12500,2057000,-0.016129,37.75000,38.12500,38.37500,-0.016129
25785,1997-06-24,F,FORD MOTOR CO DEL,,,38.00000,39.00000,38.87500,2118900,0.019672,38.93750,39.00000,38.37500,0.019672
25785,1997-06-25,F,FORD MOTOR CO DEL,,,38.37500,39.31250,38.68750,2865400,-0.004823,38.50000,38.87500,39.00000,-0.004823
25785,1997-06-26,F,FORD MOTOR CO DEL,,,38.25000,39.00000,38.37500,2004200,-0.008078,38.37500,38.75000,38.31250,-0.008078
25785,1997-06-27,F,FORD MOTOR CO DEL,,,38.75000,39.50000,39.00000,2940600,0.016287,38.75000,39.00000,39.25000,0.016287
25785,1997-06-30,F,FORD MOTOR CO DEL,,,37.75000,39.50000,38.00000,2972500,-0.025641,37.87500,38.00000,39.00000,-0.025641
25785,1997-07-01,F,FORD MOTOR CO DEL,,,38.18750,38.62500,38.43750,2449100,0.011513,38.37500,38.50000,38.25000,0.011513
25785,1997-07-02,F,FORD MOTOR CO DEL,,,38.62500,39.87500,39.87500,2161200,0.037398,39.62500,39.87500,38.87500,0.037398
25785,1997-07-03,F,FORD MOTOR CO DEL,,,39.75000,40.00000,40.00000,2263200,0.003135,39.68750,40.00000,40.00000,0.003135
25785,1997-07-07,F,FORD MOTOR CO DEL,,,39.50000,40.12500,39.50000,2186500,-0.012500,39.50000,39.75000,40.00000,-0.012500
25785,1997-07-08,F,FORD MOTOR CO DEL,,,39.56250,40.50000,40.37500,2666900,0.022152,40.25000,40.62500,39.56250,0.022152
25785,1997-07-09,F,FORD MOTOR CO DEL,,,39.43750,40.62500,39.81250,2728300,-0.013932,39.62500,39.81250,40.43750,-0.013932
25785,1997-07-10,F,FORD MOTOR CO DEL,,,39.62500,41.12500,41.12500,3063200,0.032967,40.81250,41.12500,39.81250,0.032967
25785,1997-07-11,F,FORD MOTOR CO DEL,,,40.31250,41.31250,40.37500,2627700,-0.018237,40.25000,40.68750,40.75000,-0.018237
25785,1997-07-14,F,FORD MOTOR CO DEL,,,40.75000,41.25000,41.12500,2871900,0.018576,41.06250,41.37500,41.18750,0.018576
25785,1997-07-15,F,FORD MOTOR CO DEL,,,40.87500,42.18750,42.12500,3717200,0.024316,42.06250,42.37500,41.25000,0.024316
25785,1997-07-16,F,FORD MOTOR CO DEL,,,40.37500,41.87500,40.62500,5919601,-0.035608,40.37500,40.62500,41.81250,-0.035608
25785,1997-07-17,F,FORD MOTOR CO DEL,,,40.56250,41.25000,40.68750,3802600,0.001538,40.56250,40.68750,40.62500,0.001538
25785,1997-07-18,F,FORD MOTOR CO DEL,,,39.81250,40.75000,39.93750,2796600,-0.018433,39.93750,40.00000,40.68750,-0.018433
25785,1997-07-21,F,FORD MOTOR CO DEL,,,39.50000,40.37500,39.75000,3159300,-0.004695,39.75000,39.87500,39.87500,-0.004695
25785,1997-07-22,F,FORD MOTOR CO DEL,,,39.62500,41.12500,40.93750,3890900,0.029874,40.62500,41.00000,40.00000,0.029874
25785,1997-07-23,F,FORD MOTOR CO DEL,,,40.25000,41.06250,41.00000,2623800,0.001527,40.75000,41.31250,40.50000,0.001527
25785,1997-07-24,F,FORD MOTOR CO DEL,,,40.75000,42.00000,41.25000,1696300,0.006098,41.00000,41.56250,40.75000,0.006098
25785,1997-07-25,F,FORD MOTOR CO DEL,,,40.25000,41.50000,40.56250,2100500,-0.016667,40.56250,40.62500,41.25000,-0.016667
25785,1997-07-28,F,FORD MOTOR CO DEL,,,40.75000,41.68750,41.43750,2242200,0.021572,41.43750,41.81250,40.81250,0.021572
25785,1997-07-29,F,FORD MOTOR CO DEL,,,41.12500,41.50000,41.37500,2694700,-0.001508,41.06250,41.37500,41.50000,-0.001508
25785,1997-07-30,F,FORD MOTOR CO DEL,,,40.87500,41.31250,41.25000,2233900,0.007130,41.12500,41.25000,41.00000,-0.003021
25785,1997-07-31,F,FORD MOTOR CO DEL,,,40.81250,41.50000,40.87500,1648900,-0.009091,40.75000,41.00000,41.25000,-0.009091
25785,1997-08-01,F,FORD MOTOR CO DEL,,,40.25000,40.81250,40.62500,1850500,-0.006116,40.50000,40.87500,40.75000,-0.006116
25785,1997-08-04,F,FORD MOTOR CO DEL,,,40.75000,41.43750,41.25000,1873100,0.015385,41.12500,41.50000,41.00000,0.015385
25785,1997-08-05,F,FORD MOTOR CO DEL,,,40.75000,41.56250,40.87500,2148400,-0.009091,40.43750,41.06250,41.25000,-0.009091
25785,1997-08-06,F,FORD MOTOR CO DEL,,,40.81250,41.31250,41.18750,2665100,0.007645,40.87500,41.43750,40.81250,0.007645
25785,1997-08-07,F,FORD MOTOR CO DEL,,,41.37500,42.56250,42.31250,4121600,0.027314,42.18750,42.37500,41.43750,0.027314
25785,1997-08-08,F,FORD MOTOR CO DEL,,,40.81250,42.06250,41.00000,3098100,-0.031019,40.87500,41.06250,41.56250,-0.031019
25785,1997-08-11,F,FORD MOTOR CO DEL,,,40.87500,41.93750,41.00000,2565400,0.000000,40.81250,41.18750,41.75000,0.000000
25785,1997-08-12,F,FORD MOTOR CO DEL,,,40.37500,41.43750,40.43750,1616600,-0.013720,40.37500,40.43750,41.25000,-0.013720
25785,1997-08-13,F,FORD MOTOR CO DEL,,,40.25000,41.18750,40.75000,1995800,0.007728,40.68750,40.75000,41.00000,0.007728
25785,1997-08-14,F,FORD MOTOR CO DEL,,,40.18750,41.06250,40.50000,1270400,-0.006135,40.18750,40.68750,40.93750,-0.006135
25785,1997-08-15,F,FORD MOTOR CO DEL,,,39.81250,40.43750,39.87500,1912100,-0.015432,39.81250,39.87500,40.18750,-0.015432
25785,1997-08-18,F,FORD MOTOR CO DEL,,,39.37500,40.68750,40.62500,1951500,0.018809,40.62500,40.68750,39.93750,0.018809
25785,1997-08-19,F,FORD MOTOR CO DEL,,,40.00000,40.93750,40.68750,2257900,0.001538,40.50000,40.75000,40.68750,0.001538
25785,1997-08-20,F,FORD MOTOR CO DEL,,,40.37500,42.06250,41.93750,4028800,0.030722,41.93750,42.06250,40.50000,0.030722
25785,1997-08-21,F,FORD MOTOR CO DEL,,,42.00000,43.06250,42.62500,5005501,0.016393,42.62500,42.81250,42.50000,0.016393
25785,1997-08-22,F,FORD MOTOR CO DEL,,,42.18750,42.93750,42.93750,3502500,0.007331,42.81250,43.06250,42.25000,0.007331
25785,1997-08-25,F,FORD MOTOR CO DEL,,,42.93750,44.25000,44.12500,3014900,0.027656,44.00000,44.12500,43.00000,0.027656
25785,1997-08-26,F,FORD MOTOR CO DEL,,,44.00000,45.25000,44.50000,4804501,0.008499,44.50000,44.75000,44.12500,0.008499
25785,1997-08-27,F,FORD MOTOR CO DEL,,,43.25000,44.68750,43.75000,2082100,-0.016854,43.50000,44.12500,44.62500,-0.016854
25785,1997-08-28,F,FORD MOTOR CO DEL,,,43.37500,44.43750,43.50000,2010400,-0.005714,43.25000,43.75000,43.75000,-0.005714
25785,1997-08-29,F,FORD MOTOR CO DEL,,,43.00000,44.00000,43.00000,1832000,-0.011494,42.75000,43.37500,43.37500,-0.011494
25785,1997-09-02,F,FORD MOTOR CO DEL,,,43.12500,44.00000,43.75000,2563300,0.017442,43.62500,43.87500,43.18750,0.017442
25785,1997-09-03,F,FORD MOTOR CO DEL,,,43.56250,44.43750,43.62500,2941800,-0.002857,43.56250,43.62500,43.93750,-0.002857
25785,1997-09-04,F,FORD MOTOR CO DEL,,,44.75000,45.87500,45.18750,4390200,0.035817,45.12500,45.31250,44.81250,0.035817
25785,1997-09-05,F,FORD MOTOR CO DEL,,,44.75000,45.62500,44.87500,2710400,-0.006916,44.68750,44.87500,45.18750,-0.006916
25785,1997-09-08,F,FORD MOTOR CO DEL,,,44.43750,45.06250,44.50000,1586000,-0.008357,44.50000,44.56250,44.62500,-0.008357
25785,1997-09-09,F,FORD MOTOR CO DEL,,,43.81250,45.75000,45.43750,3451200,0.021067,45.43750,45.62500,44.50000,0.021067
25785,1997-09-10,F,FORD MOTOR CO DEL,,,44.87500,45.75000,45.37500,3066000,-0.001376,45.12500,45.50000,44.87500,-0.001376
25785,1997-09-11,F,FORD MOTOR CO DEL,,,44.12500,45.56250,44.56250,3357600,-0.017906,44.37500,44.68750,45.37500,-0.017906
25785,1997-09-12,F,FORD MOTOR CO DEL,,,43.37500,45.00000,44.25000,2860500,-0.007013,44.00000,44.37500,44.62500,-0.007013
25785,1997-09-15,F,FORD MOTOR CO DEL,,,43.81250,44.12500,43.93750,2084800,-0.007062,43.81250,44.12500,44.00000,-0.007062
25785,1997-09-16,F,FORD MOTOR CO DEL,,,44.00000,44.56250,44.56250,2594700,0.014225,44.43750,44.62500,44.00000,0.014225
25785,1997-09-17,F,FORD MOTOR CO DEL,,,44.87500,45.93750,45.00000,2988500,0.009818,44.56250,45.00000,45.43750,0.009818
25785,1997-09-18,F,FORD MOTOR CO DEL,,,45.00000,46.12500,45.18750,3158100,0.004167,45.18750,45.31250,45.12500,0.004167
25785,1997-09-19,F,FORD MOTOR CO DEL,,,45.00000,45.62500,45.18750,3317500,0.000000,45.00000,45.25000,45.25000,0.000000
25785,1997-09-22,F,FORD MOTOR CO DEL,,,44.87500,45.87500,45.00000,2286200,-0.004149,44.87500,45.12500,45.18750,-0.004149
25785,1997-09-23,F,FORD MOTOR CO DEL,,,43.81250,44.87500,44.00000,2408600,-0.022222,44.00000,44.31250,44.87500,-0.022222
25785,1997-09-24,F,FORD MOTOR CO DEL,,,43.43750,44.18750,43.50000,2770700,-0.011364,43.18750,43.62500,44.00000,-0.011364
25785,1997-09-25,F,FORD MOTOR CO DEL,,,43.43750,44.00000,44.00000,1860400,0.011494,43.93750,44.00000,43.68750,0.011494
25785,1997-09-26,F,FORD MOTOR CO DEL,,,43.75000,44.62500,43.93750,1767400,-0.001420,43.75000,44.06250,44.06250,-0.001420
25785,1997-09-29,F,FORD MOTOR CO DEL,,,43.56250,45.25000,45.06250,1918300,0.025605,44.93750,45.18750,43.56250,0.025605
25785,1997-09-30,F,FORD MOTOR CO DEL,,,44.81250,45.87500,45.12500,2048600,0.001387,45.12500,45.37500,45.00000,0.001387
25785,1997-10-01,F,FORD MOTOR CO DEL,,,45.00000,45.75000,45.62500,2265600,0.011080,45.62500,45.68750,45.00000,0.011080
25785,1997-10-02,F,FORD MOTOR CO DEL,,,46.12500,47.00000,46.81250,2926100,0.026027,46.68750,46.87500,46.25000,0.026027
25785,1997-10-03,F,FORD MOTOR CO DEL,,,45.87500,48.00000,46.50000,3487600,-0.006676,46.50000,46.93750,47.56250,-0.006676
25785,1997-10-06,F,FORD MOTOR CO DEL,,,47.00000,47.75000,47.50000,2615100,0.021505,47.50000,47.75000,47.12500,0.021505
25785,1997-10-07,F,FORD MOTOR CO DEL,,,47.62500,48.12500,47.87500,2251000,0.007895,47.81250,48.25000,47.75000,0.007895
25785,1997-10-08,F,FORD MOTOR CO DEL,,,47.62500,48.68750,48.25000,3591800,0.007833,48.12500,48.31250,48.50000,0.007833
25785,1997-10-09,F,FORD MOTOR CO DEL,,,48.81250,50.12500,49.50000,5423101,0.025907,49.37500,49.62500,49.75000,0.025907
25785,1997-10-10,F,FORD MOTOR CO DEL,,,48.81250,49.37500,49.25000,2392500,-0.005051,49.12500,49.37500,49.25000,-0.005051
25785,1997-10-13,F,FORD MOTOR CO DEL,,,49.56250,50.25000,49.87500,2394100,0.012690,49.87500,50.00000,49.56250,0.012690
25785,1997-10-14,F,FORD MOTOR CO DEL,,,49.12500,50.00000,49.56250,3086100,-0.006266,49.50000,49.87500,49.93750,-0.006266
25785,1997-10-15,F,FORD MOTOR CO DEL,,,48.93750,49.56250,49.12500,4392600,-0.008827,49.06250,49.25000,49.00000,-0.008827
25785,1997-10-16,F,FORD MOTOR CO DEL,,,47.81250,49.56250,47.93750,4872601,-0.024173,47.93750,48.12500,49.18750,-0.024173
25785,1997-10-17,F,FORD MOTOR CO DEL,,,46.87500,47.93750,47.43750,3517700,-0.010430,47.37500,47.68750,47.93750,-0.010430
25785,1997-10-20,F,FORD MOTOR CO DEL,,,47.37500,48.18750,47.75000,3645000,0.006588,47.43750,48.00000,47.43750,0.006588
25785,1997-10-21,F,FORD MOTOR CO DEL,,,48.00000,48.62500,48.50000,2012100,0.015707,48.31250,48.56250,48.00000,0.015707
25785,1997-10-22,F,FORD MOTOR CO DEL,,,47.50000,48.75000,47.68750,1676000,-0.016753,47.62500,47.75000,48.75000,-0.016753
25785,1997-10-23,F,FORD MOTOR CO DEL,,,46.50000,47.18750,46.81250,2154300,-0.018349,46.75000,46.93750,46.62500,-0.018349
25785,1997-10-24,F,FORD MOTOR CO DEL,,,46.06250,47.37500,46.43750,1698900,-0.008011,46.25000,46.62500,47.25000,-0.008011
25785,1997-10-27,F,FORD MOTOR CO DEL,,,44.00000,46.31250,44.00000,4147100,-0.052490,43.68750,44.25000,46.06250,-0.052490
25785,1997-10-28,F,FORD MOTOR CO DEL,,,41.50000,45.00000,45.00000,7238800,0.022727,43.87500,43.87500,42.00000,0.022727
25785,1997-10-29,F,FORD MOTOR CO DEL,,,44.75000,45.75000,45.62500,3327300,0.023222,45.37500,45.75000,44.87500,0.013889
25785,1997-10-30,F,FORD MOTOR CO DEL,,,43.62500,45.12500,43.87500,2846900,-0.038356,43.75000,43.93750,44.87500,-0.038356
25785,1997-10-31,F,FORD MOTOR CO DEL,,,43.12500,44.68750,43.68750,2618400,-0.004274,43.37500,43.75000,44.25000,-0.004274
25785,1997-11-03,F,FORD MOTOR CO DEL,,,44.06250,46.31250,46.31250,2553300,0.060086,46.12500,46.31250,44.50000,0.060086
25785,1997-11-04,F,FORD MOTOR CO DEL,,,46.18750,46.75000,46.43750,2685200,0.002699,45.62500,46.50000,46.50000,0.002699
25785,1997-11-05,F,FORD MOTOR CO DEL,,,45.93750,47.00000,46.43750,2747700,0.000000,46.37500,46.50000,46.37500,0.000000
25785,1997-11-06,F,FORD MOTOR CO DEL,,,46.00000,46.43750,46.25000,1790400,-0.004038,46.00000,46.56250,46.00000,-0.004038
25785,1997-11-07,F,FORD MOTOR CO DEL,,,44.87500,45.75000,45.75000,2366100,-0.010811,45.62500,45.87500,45.00000,-0.010811
25785,1997-11-10,F,FORD MOTOR CO DEL,,,45.25000,46.06250,45.25000,2565500,-0.010929,45.18750,45.50000,46.00000,-0.010929
25785,1997-11-11,F,FORD MOTOR CO DEL,,,45.06250,45.56250,45.12500,2730100,-0.002762,45.06250,45.18750,45.50000,-0.002762
25785,1997-11-12,F,FORD MOTOR CO DEL,,,43.18750,44.62500,43.18750,2908400,-0.042936,42.87500,43.37500,44.25000,-0.042936
25785,1997-11-13,F,FORD MOTOR CO DEL,,,42.50000,43.50000,42.87500,4855301,-0.007236,42.62500,43.18750,43.43750,-0.007236
25785,1997-11-14,F,FORD MOTOR CO DEL,,,42.06250,43.37500,43.37500,3715600,0.011662,43.25000,43.68750,43.06250,0.011662
25785,1997-11-17,F,FORD MOTOR CO DEL,,,42.62500,44.00000,43.87500,3683400,0.011527,43.62500,43.93750,43.50000,0.011527
25785,1997-11-18,F,FORD MOTOR CO DEL,,,43.06250,43.81250,43.75000,1785400,-0.002849,43.18750,43.62500,43.68750,-0.002849
25785,1997-11-19,F,FORD MOTOR CO DEL,,,42.43750,43.31250,42.62500,2590100,-0.025714,42.37500,42.62500,43.18750,-0.025714
25785,1997-11-20,F,FORD MOTOR CO DEL,,,42.25000,42.93750,42.81250,2198500,0.004399,42.56250,42.87500,42.87500,0.004399
25785,1997-11-21,F,FORD MOTOR CO DEL,,,42.68750,43.06250,42.87500,2699700,0.001460,42.75000,43.00000,43.06250,0.001460
25785,1997-11-24,F,FORD MOTOR CO DEL,,,42.68750,43.43750,42.68750,2982200,-0.004373,42.37500,42.87500,42.75000,-0.004373
25785,1997-11-25,F,FORD MOTOR CO DEL,,,42.37500,43.50000,42.50000,2172800,-0.004392,42.37500,42.62500,43.50000,-0.004392
25785,1997-11-26,F,FORD MOTOR CO DEL,,,42.37500,43.75000,42.43750,2385800,-0.001471,42.31250,42.50000,42.75000,-0.001471
25785,1997-11-28,F,FORD MOTOR CO DEL,,,42.50000,43.12500,43.00000,826600,0.013255,42.93750,43.37500,42.50000,0.013255
25785,1997-12-01,F,FORD MOTOR CO DEL,,,43.43750,44.87500,44.37500,2376200,0.031977,44.06250,44.62500,43.43750,0.031977
25785,1997-12-02,F,FORD MOTOR CO DEL,,,44.50000,45.75000,45.62500,2410100,0.028169,45.50000,45.62500,44.75000,0.028169
25785,1997-12-03,F,FORD MOTOR CO DEL,,,44.81250,46.12500,44.81250,2436400,-0.017808,44.81250,45.12500,46.00000,-0.017808
25785,1997-12-04,F,FORD MOTOR CO DEL,,,44.87500,46.00000,45.12500,2136700,0.006974,45.12500,45.50000,44.87500,0.006974
25785,1997-12-05,F,FORD MOTOR CO DEL,,,45.12500,46.50000,46.18750,1912400,0.023546,46.18750,46.37500,45.12500,0.023546
25785,1997-12-08,F,FORD MOTOR CO DEL,,,45.31250,46.37500,45.93750,1976300,-0.005413,45.62500,46.00000,46.18750,-0.005413
25785,1997-12-09,F,FORD MOTOR CO DEL,,,45.75000,46.25000,46.25000,2687100,0.006803,45.93750,46.50000,45.93750,0.006803
25785,1997-12-10,F,FORD MOTOR CO DEL,,,46.31250,47.68750,47.68750,3556300,0.031081,47.56250,47.93750,46.31250,0.031081
25785,1997-12-11,F,FORD MOTOR CO DEL,,,46.25000,48.00000,46.25000,4357500,-0.030144,45.81250,46.37500,47.62500,-0.030144
25785,1997-12-12,F,FORD MOTOR CO DEL,,,46.50000,47.37500,46.93750,3799800,0.014865,46.87500,47.06250,46.50000,0.014865
25785,1997-12-15,F,FORD MOTOR CO DEL,,,46.93750,47.43750,47.06250,2210800,0.002663,46.81250,47.25000,47.43750,0.002663
25785,1997-12-16,F,FORD MOTOR CO DEL,,,47.31250,48.50000,48.50000,2629500,0.030544,48.37500,48.75000,47.56250,0.030544
25785,1997-12-17,F,FORD MOTOR CO DEL,,,48.12500,49.00000,48.93750,2713800,0.009021,48.62500,49.18750,48.50000,0.009021
25785,1997-12-18,F,FORD MOTOR CO DEL,,,47.12500,48.93750,47.37500,2700200,-0.031928,47.31250,47.50000,48.87500,-0.031928
25785,1997-12-19,F,FORD MOTOR CO DEL,,,45.00000,46.75000,45.87500,4603500,-0.031662,44.75000,45.87500,46.56250,-0.031662
25785,1997-12-22,F,FORD MOTOR CO DEL,,,45.75000,46.93750,46.25000,1888600,0.008174,46.12500,46.37500,45.75000,0.008174
25785,1997-12-23,F,FORD MOTOR CO DEL,,,46.06250,47.06250,46.31250,1463700,0.001351,46.12500,46.81250,46.56250,0.001351
25785,1997-12-24,F,FORD MOTOR CO DEL,,,46.06250,46.81250,46.31250,1173700,0.000000,46.06250,46.31250,46.81250,0.000000
25785,1997-12-26,F,FORD MOTOR CO DEL,,,46.43750,47.00000,46.75000,517100,0.009447,46.43750,47.06250,46.50000,0.009447
25785,1997-12-29,F,FORD MOTOR CO DEL,,,46.81250,47.37500,47.00000,1354500,0.005348,46.75000,47.37500,47.37500,0.005348
25785,1997-12-30,F,FORD MOTOR CO DEL,,,47.12500,49.00000,49.00000,1474500,0.042553,48.50000,48.75000,47.25000,0.042553
25785,1997-12-31,F,FORD MOTOR CO DEL,,,48.18750,48.87500,48.56250,1159600,-0.008929,48.56250,48.81250,48.87500,-0.008929
25785,1998-01-02,F,FORD MOTOR CO DEL,,,48.12500,48.87500,48.25000,1942600,-0.006435,48.25000,48.50000,48.68750,-0.006435
25785,1998-01-05,F,FORD MOTOR CO DEL,,,47.81250,48.50000,48.50000,2559300,0.005181,48.25000,49.00000,48.25000,0.005181
25785,1998-01-06,F,FORD MOTOR CO DEL,,,47.00000,48.25000,47.68750,2721200,-0.016753,47.31250,47.93750,48.25000,-0.016753
25785,1998-01-07,F,FORD MOTOR CO DEL,,,46.31250,47.62500,47.12500,3320600,-0.011796,46.75000,47.37500,47.37500,-0.011796
25785,1998-01-08,F,FORD MOTOR CO DEL,,,44.93750,46.62500,45.06250,3559400,-0.043767,44.68750,45.31250,46.31250,-0.043767
25785,1998-01-09,F,FORD MOTOR CO DEL,,,43.18750,45.25000,43.75000,4341200,-0.029126,43.62500,43.93750,45.00000,-0.029126
25785,1998-01-12,F,FORD MOTOR CO DEL,,,42.62500,45.87500,45.25000,4245400,0.034286,45.12500,45.50000,42.75000,0.034286
25785,1998-01-13,F,FORD MOTOR CO DEL,,,45.50000,47.18750,47.12500,2857600,0.041436,47.12500,47.50000,45.50000,0.041436
25785,1998-01-14,F,FORD MOTOR CO DEL,,,47.43750,48.50000,48.50000,3223900,0.029178,48.25000,48.50000,47.50000,0.029178
25785,1998-01-15,F,FORD MOTOR CO DEL,,,48.18750,48.75000,48.62500,2894500,0.002577,48.50000,48.62500,48.25000,0.002577
25785,1998-01-16,F,FORD MOTOR CO DEL,,,48.93750,49.56250,49.00000,3851200,0.007712,48.81250,49.06250,49.06250,0.007712
25785,1998-01-20,F,FORD MOTOR CO DEL,,,48.62500,49.37500,48.62500,3321400,-0.007653,48.37500,48.75000,49.12500,-0.007653
25785,1998-01-21,F,FORD MOTOR CO DEL,,,48.18750,49.50000,49.31250,2617100,0.014139,49.00000,49.62500,48.37500,0.014139
25785,1998-01-22,F,FORD MOTOR CO DEL,,,48.62500,49.25000,48.75000,1857500,-0.011407,48.75000,48.93750,48.68750,-0.011407
25785,1998-01-23,F,FORD MOTOR CO DEL,,,47.93750,49.31250,48.00000,1786900,-0.015385,47.87500,48.12500,49.06250,-0.015385
25785,1998-01-26,F,FORD MOTOR CO DEL,,,47.75000,48.56250,48.25000,1673500,0.005208,48.25000,48.50000,48.00000,0.005208
25785,1998-01-27,F,FORD MOTOR CO DEL,,,49.25000,50.43750,49.87500,5895801,0.033679,49.68750,50.37500,49.37500,0.033679
25785,1998-01-28,F,FORD MOTOR CO DEL,,,49.68750,50.25000,49.93750,3835800,0.009674,49.87500,50.06250,49.93750,0.001253
25785,1998-01-29,F,FORD MOTOR CO DEL,,,49.81250,51.31250,50.75000,6783000,0.016270,50.62500,51.18750,49.81250,0.016270
25785,1998-01-30,F,FORD MOTOR CO DEL,,,50.31250,51.25000,51.00000,2951800,0.004926,50.93750,51.31250,50.68750,0.004926
25785,1998-02-02,F,FORD MOTOR CO DEL,,,51.37500,52.37500,51.87500,3490700,0.017157,51.56250,52.00000,51.50000,0.017157
25785,1998-02-03,F,FORD MOTOR CO DEL,,,51.31250,52.12500,51.50000,3317000,-0.007229,51.43750,51.68750,51.56250,-0.007229
25785,1998-02-04,F,FORD MOTOR CO DEL,,,51.00000,51.56250,51.31250,3127500,-0.003641,50.87500,51.50000,51.25000,-0.003641
25785,1998-02-05,F,FORD MOTOR CO DEL,,,49.87500,51.46875,50.06250,2938200,-0.024361,49.81250,50.37500,51.43750,-0.024361
25785,1998-02-06,F,FORD MOTOR CO DEL,,,50.18750,51.68750,51.43750,3280100,0.027466,51.25000,51.75000,50.25000,0.027466
25785,1998-02-09,F,FORD MOTOR CO DEL,,,51.62500,53.12500,52.62500,3662500,0.023086,52.50000,52.81250,51.81250,0.023086
25785,1998-02-10,F,FORD MOTOR CO DEL,,,52.75000,53.43750,52.75000,3132000,0.002375,52.68750,53.06250,52.87500,0.002375
25785,1998-02-11,F,FORD MOTOR CO DEL,,,52.31250,53.00000,53.00000,1411700,0.004739,52.75000,53.06250,52.68750,0.004739
25785,1998-02-12,F,FORD MOTOR CO DEL,,,52.81250,53.93750,53.75000,1806500,0.014151,53.68750,53.87500,52.93750,0.014151
25785,1998-02-13,F,FORD MOTOR CO DEL,,,53.06250,54.12500,53.62500,2912200,-0.002326,53.31250,53.93750,53.56250,-0.002326
25785,1998-02-17,F,FORD MOTOR CO DEL,,,53.81250,55.00000,54.93750,3821900,0.024476,54.62500,55.00000,54.37500,0.024476
25785,1998-02-18,F,FORD MOTOR CO DEL,,,53.75000,54.87500,54.37500,3889400,-0.010239,54.37500,54.43750,54.68750,-0.010239
25785,1998-02-19,F,FORD MOTOR CO DEL,,,54.12500,54.56250,54.37500,2646800,0.000000,54.31250,54.37500,54.43750,0.000000
25785,1998-02-20,F,FORD MOTOR CO DEL,,,54.37500,55.75000,55.25000,2623500,0.016092,55.25000,55.62500,54.43750,0.016092
25785,1998-02-23,F,FORD MOTOR CO DEL,,,54.93750,55.75000,55.31250,1414000,0.001131,55.18750,56.00000,55.68750,0.001131
25785,1998-02-24,F,FORD MOTOR CO DEL,,,54.25000,55.56250,54.62500,2250800,-0.012429,54.56250,54.75000,55.25000,-0.012429
25785,1998-02-25,F,FORD MOTOR CO DEL,,,55.12500,56.00000,55.56250,2250700,0.017162,55.50000,55.87500,55.12500,0.017162
25785,1998-02-26,F,FORD MOTOR CO DEL,,,55.31250,55.75000,55.50000,1353900,-0.001125,55.50000,55.93750,55.56250,-0.001125
25785,1998-02-27,F,FORD MOTOR CO DEL,,,55.75000,56.87500,56.56250,2210200,0.019144,56.25000,56.62500,56.75000,0.019144
25785,1998-03-02,F,FORD MOTOR CO DEL,,,56.18750,56.93750,56.81250,2060500,0.004420,56.62500,57.06250,56.37500,0.004420
25785,1998-03-03,F,FORD MOTOR CO DEL,,,57.00000,58.93750,58.93750,3871600,0.037404,58.56250,59.25000,57.00000,0.037404
25785,1998-03-04,F,FORD MOTOR CO DEL,,,58.12500,60.31250,58.18750,6261801,-0.012725,58.00000,58.37500,58.93750,-0.012725
25785,1998-03-05,F,FORD MOTOR CO DEL,,,57.18750,58.06250,57.87500,2683500,-0.005371,57.37500,58.00000,57.62500,-0.005371
25785,1998-03-06,F,FORD MOTOR CO DEL,,,58.37500,60.25000,59.93750,3070800,0.035637,59.87500,60.18750,58.37500,0.035637
25785,1998-03-09,F,FORD MOTOR CO DEL,,,59.31250,60.43750,59.31250,2106800,-0.010428,59.06250,59.68750,60.00000,-0.010428
25785,1998-03-10,F,FORD MOTOR CO DEL,,,59.56250,60.18750,60.12500,2876800,0.013699,59.81250,60.18750,59.75000,0.013699
25785,1998-03-11,F,FORD MOTOR CO DEL,,,59.00000,60.06250,59.06250,2333000,-0.017672,59.06250,59.25000,59.93750,-0.017672
25785,1998-03-12,F,FORD MOTOR CO DEL,,,57.12500,59.00000,57.37500,3875000,-0.028571,57.31250,57.75000,59.00000,-0.028571
25785,1998-03-13,F,FORD MOTOR CO DEL,,,58.50000,59.62500,59.28125,6217701,0.033224,59.37500,59.68750,58.68750,0.033224
25785,1998-03-16,F,FORD MOTOR CO DEL,,,59.75000,60.18750,60.18750,3218700,0.015287,60.00000,60.18750,60.00000,0.015287
25785,1998-03-17,F,FORD MOTOR CO DEL,,,59.75000,61.25000,61.25000,1699900,0.017653,60.87500,61.25000,60.31250,0.017653
25785,1998-03-18,F,FORD MOTOR CO DEL,,,60.87500,61.50000,61.50000,1609100,0.004082,61.06250,61.56250,60.93750,0.004082
25785,1998-03-19,F,FORD MOTOR CO DEL,,,61.12500,62.50000,62.43750,2275300,0.015244,62.18750,62.43750,61.62500,0.015244
25785,1998-03-20,F,FORD MOTOR CO DEL,,,62.75000,63.81250,63.62500,3120300,0.019019,63.43750,64.00000,62.93750,0.019019
25785,1998-03-23,F,FORD MOTOR CO DEL,,,62.00000,63.12500,63.06250,2660700,-0.008841,63.12500,63.37500,62.00000,-0.008841
25785,1998-03-24,F,FORD MOTOR CO DEL,,,62.75000,63.81250,63.50000,2387600,0.006938,63.50000,63.81250,62.81250,0.006938
25785,1998-03-25,F,FORD MOTOR CO DEL,,,63.25000,64.18750,63.43750,3192600,-0.000984,63.25000,63.81250,63.56250,-0.000984
25785,1998-03-26,F,FORD MOTOR CO DEL,,,62.87500,65.12500,64.50000,3040500,0.016749,64.50000,64.81250,63.18750,0.016749
25785,1998-03-27,F,FORD MOTOR CO DEL,,,64.50000,65.68750,65.06250,3067300,0.008721,65.06250,65.12500,65.31250,0.008721
25785,1998-03-30,F,FORD MOTOR CO DEL,,,63.87500,65.18750,64.00000,2008300,-0.016330,63.87500,64.37500,64.81250,-0.016330
25785,1998-03-31,F,FORD MOTOR CO DEL,,,64.43750,65.25000,64.81250,2342200,0.012695,64.50000,64.81250,64.50000,0.012695
25785,1998-04-01,F,FORD MOTOR CO DEL,,,63.68750,65.06250,63.81250,2723300,-0.015429,63.75000,64.18750,64.75000,-0.015429
25785,1998-04-02,F,FORD MOTOR CO DEL,,,62.00000,63.37500,63.31250,3598900,-0.007835,63.06250,63.62500,63.25000,-0.007835
25785,1998-04-03,F,FORD MOTOR CO DEL,,,64.12500,65.93750,65.25000,3962700,0.030602,65.12500,65.56250,64.25000,0.030602
25785,1998-04-06,F,FORD MOTOR CO DEL,,,64.12500,65.37500,65.06250,2592500,-0.002874,64.75000,65.25000,65.37500,-0.002874
25785,1998-04-07,F,FORD MOTOR CO DEL,,,65.00000,65.93750,65.50000,4196900,0.006724,65.50000,65.75000,65.06250,0.006724
25785,1998-04-08,F,FORD MOTOR CO DEL,,,42.50000,45.62500,44.50000,7923900,0.034504,44.18750,44.50000,43.37500,0.034504
25785,1998-04-09,F,FORD MOTOR CO DEL,,,45.00000,47.25000,46.87500,7080900,0.053371,46.43750,47.00000,45.00000,0.053371
25785,1998-04-13,F,FORD MOTOR CO DEL,,,46.81250,48.62500,48.06250,7756400,0.025333,48.12500,48.50000,47.00000,0.025333
25785,1998-04-14,F,FORD MOTOR CO DEL,,,47.62500,49.31250,49.12500,5303501,0.022107,49.00000,49.06250,47.75000,0.022107
25785,1998-04-15,F,FORD MOTOR CO DEL,,,49.18750,50.62500,49.87500,5922401,0.015267,49.87500,50.00000,49.31250,0.015267
25785,1998-04-16,F,FORD MOTOR CO DEL,,,49.31250,50.37500,49.68750,5834101,-0.003759,49.68750,49.93750,49.43750,-0.003759
25785,1998-04-17,F,FORD MOTOR CO DEL,,,48.25000,49.87500,48.81250,12200100,-0.017610,48.50000,48.81250,49.75000,-0.017610
25785,1998-04-20,F,FORD MOTOR CO DEL,,,46.56250,48.75000,47.37500,7123700,-0.029449,47.12500,47.50000,48.68750,-0.029449
25785,1998-04-21,F,FORD MOTOR CO DEL,,,47.12500,48.50000,47.56250,3983700,0.003958,47.50000,47.75000,47.12500,0.003958
25785,1998-04-22,F,FORD MOTOR CO DEL,,,47.12500,48.56250,47.43750,3122800,-0.002628,47.37500,47.62500,47.25000,-0.002628
25785,1998-04-23,F,FORD MOTOR CO DEL,,,45.62500,47.31250,45.81250,4243500,-0.034256,45.50000,46.00000,47.31250,-0.034256
25785,1998-04-24,F,FORD MOTOR CO DEL,,,45.18750,46.75000,45.43750,4628500,-0.008186,45.12500,45.75000,45.93750,-0.008186
25785,1998-04-27,F,FORD MOTOR CO DEL,,,44.37500,45.12500,44.87500,3234400,-0.012380,44.68750,45.00000,45.00000,-0.012380
25785,1998-04-28,F,FORD MOTOR CO DEL,,,44.68750,46.62500,44.81250,4366100,-0.001393,44.81250,44.93750,45.93750,-0.001393
25785,1998-04-29,F,FORD MOTOR CO DEL,,,45.25000,46.00000,45.62500,5561001,0.027503,45.31250,45.62500,45.25000,0.018131
25785,1998-04-30,F,FORD MOTOR CO DEL,,,45.75000,46.25000,45.81250,4346500,0.004110,45.62500,46.00000,46.00000,0.004110
25785,1998-05-01,F,FORD MOTOR CO DEL,,,46.50000,47.50000,46.81250,1750700,0.021828,46.68750,47.06250,47.50000,0.021828
25785,1998-05-04,F,FORD MOTOR CO DEL,,,46.31250,47.31250,46.62500,2626200,-0.004005,46.00000,46.62500,46.93750,-0.004005
25785,1998-05-05,F,FORD MOTOR CO DEL,,,45.62500,46.25000,45.87500,2594200,-0.016086,45.81250,46.00000,46.25000,-0.016086
25785,1998-05-06,F,FORD MOTOR CO DEL,,,45.62500,47.75000,45.75000,4743100,-0.002725,45.68750,45.93750,47.75000,-0.002725
25785,1998-05-07,F,FORD MOTOR CO DEL,,,45.50000,47.06250,45.62500,5741601,-0.002732,45.50000,45.81250,46.50000,-0.002732
25785,1998-05-08,F,FORD MOTOR CO DEL,,,45.37500,46.25000,45.81250,2846100,0.004110,45.62500,46.00000,45.50000,0.004110
25785,1998-05-11,F,FORD MOTOR CO DEL,,,44.87500,46.68750,45.00000,3813600,-0.017735,44.87500,45.12500,46.00000,-0.017735
25785,1998-05-12,F,FORD MOTOR CO DEL,,,45.00000,45.93750,45.75000,3015800,0.016667,45.50000,46.25000,45.00000,0.016667
25785,1998-05-13,F,FORD MOTOR CO DEL,,,46.81250,49.12500,48.18750,5775201,0.053279,47.93750,48.31250,47.37500,0.053279
25785,1998-05-14,F,FORD MOTOR CO DEL,,,47.87500,49.00000,48.56250,3368400,0.007782,48.31250,48.68750,47.93750,0.007782
25785,1998-05-15,F,FORD MOTOR CO DEL,,,47.62500,48.50000,47.93750,2915000,-0.012870,47.68750,47.87500,48.43750,-0.012870
25785,1998-05-18,F,FORD MOTOR CO DEL,,,46.62500,48.62500,47.00000,2552400,-0.019557,46.87500,47.25000,47.68750,-0.019557
25785,1998-05-19,F,FORD MOTOR CO DEL,,,47.06250,48.00000,47.56250,2700600,0.011968,47.43750,47.75000,47.62500,0.011968
25785,1998-05-20,F,FORD MOTOR CO DEL,,,48.25000,49.50000,49.25000,2848300,0.035480,49.25000,49.37500,48.50000,0.035480
25785,1998-05-21,F,FORD MOTOR CO DEL,,,50.56250,52.00000,51.12500,3802500,0.038071,51.00000,51.18750,51.00000,0.038071
25785,1998-05-22,F,FORD MOTOR CO DEL,,,50.56250,51.12500,51.00000,1870000,-0.002445,50.87500,51.12500,50.87500,-0.002445
25785,1998-05-26,F,FORD MOTOR CO DEL,,,51.37500,53.00000,52.00000,4314500,0.019608,51.93750,52.06250,51.56250,0.019608
25785,1998-05-27,F,FORD MOTOR CO DEL,,,50.62500,52.37500,52.00000,4335200,0.000000,51.93750,52.00000,51.00000,0.000000
25785,1998-05-28,F,FORD MOTOR CO DEL,,,51.56250,52.50000,52.06250,1963600,0.001202,51.87500,52.12500,51.62500,0.001202
25785,1998-05-29,F,FORD MOTOR CO DEL,,,51.87500,53.00000,51.87500,2093100,-0.003601,51.81250,51.93750,52.06250,-0.003601
25785,1998-06-01,F,FORD MOTOR CO DEL,,,52.37500,53.56250,52.87500,3612300,0.019277,52.75000,52.93750,52.43750,0.019277
25785,1998-06-02,F,FORD MOTOR CO DEL,,,53.43750,57.00000,57.00000,5782101,0.078014,56.50000,56.75000,53.50000,0.078014
25785,1998-06-03,F,FORD MOTOR CO DEL,,,54.56250,56.75000,55.62500,4742400,-0.024123,55.25000,55.50000,56.75000,-0.024123
25785,1998-06-04,F,FORD MOTOR CO DEL,,,53.81250,55.62500,55.12500,3027700,-0.008989,55.06250,55.43750,55.00000,-0.008989
25785,1998-06-05,F,FORD MOTOR CO DEL,,,54.93750,56.00000,55.25000,2456700,0.002268,55.12500,55.50000,55.31250,0.002268
25785,1998-06-08,F,FORD MOTOR CO DEL,,,54.93750,56.00000,55.75000,1531000,0.009050,55.68750,55.93750,54.93750,0.009050
25785,1998-06-09,F,FORD MOTOR CO DEL,,,54.62500,55.81250,55.12500,2032600,-0.011211,55.00000,55.50000,55.81250,-0.011211
25785,1998-06-10,F,FORD MOTOR CO DEL,,,53.93750,55.18750,54.56250,1877100,-0.010204,54.43750,54.75000,54.12500,-0.010204
25785,1998-06-11,F,FORD MOTOR CO DEL,,,52.62500,54.25000,52.68750,2372100,-0.034364,52.50000,52.87500,53.50000,-0.034364
25785,1998-06-12,F,FORD MOTOR CO DEL,,,51.21875,53.00000,52.25000,3786800,-0.008304,52.25000,52.50000,52.68750,-0.008304
25785,1998-06-15,F,FORD MOTOR CO DEL,,,50.75000,53.18750,51.68750,2996700,-0.010766,51.68750,51.87500,50.75000,-0.010766
25785,1998-06-16,F,FORD MOTOR CO DEL,,,51.31250,52.31250,52.00000,3731700,0.006046,51.75000,52.12500,51.81250,0.006046
25785,1998-06-17,F,FORD MOTOR CO DEL,,,53.00000,55.37500,54.18750,4006300,0.042067,54.00000,54.18750,53.00000,0.042067
25785,1998-06-18,F,FORD MOTOR CO DEL,,,54.06250,54.87500,54.50000,1656600,0.005767,54.37500,54.56250,54.12500,0.005767
25785,1998-06-19,F,FORD MOTOR CO DEL,,,54.56250,56.00000,55.06250,3112500,0.010321,54.93750,55.12500,56.00000,0.010321
25785,1998-06-22,F,FORD MOTOR CO DEL,,,55.00000,56.00000,55.87500,2167900,0.014756,55.75000,55.93750,55.12500,0.014756
25785,1998-06-23,F,FORD MOTOR CO DEL,,,55.56250,57.25000,57.12500,3752600,0.022371,57.06250,57.18750,55.87500,0.022371
25785,1998-06-24,F,FORD MOTOR CO DEL,,,57.18750,58.12500,57.56250,3117200,0.007659,57.50000,57.68750,57.25000,0.007659
25785,1998-06-25,F,FORD MOTOR CO DEL,,,57.31250,58.50000,58.12500,2392500,0.009772,58.00000,58.25000,57.62500,0.009772
25785,1998-06-26,F,FORD MOTOR CO DEL,,,58.12500,59.12500,58.56250,1633400,0.007527,58.56250,58.68750,58.12500,0.007527
25785,1998-06-29,F,FORD MOTOR CO DEL,,,58.12500,59.12500,58.18750,1334200,-0.006403,58.12500,58.31250,58.75000,-0.006403
25785,1998-06-30,F,FORD MOTOR CO DEL,,,58.25000,59.00000,59.00000,1790800,0.013963,58.93750,59.00000,58.37500,0.013963
25785,1998-07-01,F,FORD MOTOR CO DEL,,,58.00000,58.93750,58.37500,1824400,-0.010593,58.12500,58.56250,58.75000,-0.010593
25785,1998-07-02,F,FORD MOTOR CO DEL,,,57.43750,58.25000,57.87500,1452600,-0.008565,57.87500,58.25000,58.25000,-0.008565
25785,1998-07-06,F,FORD MOTOR CO DEL,,,57.93750,59.81250,59.75000,2361100,0.032397,59.56250,59.87500,58.00000,0.032397
25785,1998-07-07,F,FORD MOTOR CO DEL,,,58.50000,59.87500,58.75000,2041000,-0.016736,58.62500,58.87500,59.56250,-0.016736
25785,1998-07-08,F,FORD MOTOR CO DEL,,,58.75000,59.68750,59.43750,2306500,0.011702,59.18750,59.50000,58.75000,0.011702
25785,1998-07-09,F,FORD MOTOR CO DEL,,,59.00000,59.56250,59.00000,1663700,-0.007361,58.87500,59.06250,59.37500,-0.007361
25785,1998-07-10,F,FORD MOTOR CO DEL,,,56.12500,58.56250,57.87500,3131200,-0.019068,57.75000,57.93750,58.25000,-0.019068
25785,1998-07-13,F,FORD MOTOR CO DEL,,,58.37500,60.00000,59.43750,3161800,0.026998,59.50000,59.62500,59.00000,0.026998
25785,1998-07-14,F,FORD MOTOR CO DEL,,,59.87500,60.87500,60.50000,2691800,0.017876,60.31250,60.56250,60.00000,0.017876
25785,1998-07-15,F,FORD MOTOR CO DEL,,,58.62500,60.75000,59.50000,3912600,-0.016529,59.37500,59.50000,60.50000,-0.016529
25785,1998-07-16,F,FORD MOTOR CO DEL,,,58.68750,59.87500,59.75000,1890800,0.004202,59.50000,59.75000,59.50000,0.004202
25785,1998-07-17,F,FORD MOTOR CO DEL,,,58.87500,60.00000,58.87500,2172700,-0.014644,58.75000,59.12500,59.00000,-0.014644
25785,1998-07-20,F,FORD MOTOR CO DEL,,,56.93750,58.25000,57.75000,1774700,-0.019108,57.62500,57.81250,58.12500,-0.019108
25785,1998-07-21,F,FORD MOTOR CO DEL,,,57.06250,59.50000,58.50000,2944900,0.012987,58.37500,58.68750,57.75000,0.012987
25785,1998-07-22,F,FORD MOTOR CO DEL,,,58.00000,60.43750,60.06250,2981900,0.026709,60.00000,60.12500,58.50000,0.026709
25785,1998-07-23,F,FORD MOTOR CO DEL,,,58.18750,60.62500,58.37500,1862500,-0.028096,58.25000,58.62500,60.12500,-0.028096
25785,1998-07-24,F,FORD MOTOR CO DEL,,,57.00000,58.68750,57.62500,2101400,-0.012848,57.43750,57.62500,57.00000,-0.012848
25785,1998-07-27,F,FORD MOTOR CO DEL,,,56.06250,59.06250,58.68750,2103400,0.018438,58.81250,59.06250,57.43750,0.018438
25785,1998-07-28,F,FORD MOTOR CO DEL,,,57.81250,60.25000,59.31250,2190300,0.010650,59.25000,59.43750,58.75000,0.010650
25785,1998-07-29,F,FORD MOTOR CO DEL,,,57.25000,58.87500,57.62500,2034900,-0.021370,57.43750,57.75000,58.62500,-0.028451
25785,1998-07-30,F,FORD MOTOR CO DEL,,,57.81250,61.00000,60.75000,4639900,0.054230,60.68750,61.12500,57.87500,0.054230
25785,1998-07-31,F,FORD MOTOR CO DEL,,,56.50000,61.43750,57.00000,4812801,-0.061728,56.93750,57.25000,60.25000,-0.061728
25785,1998-08-03,F,FORD MOTOR CO DEL,,,55.37500,57.00000,56.75000,3078400,-0.004386,56.62500,56.93750,56.43750,-0.004386
25785,1998-08-04,F,FORD MOTOR CO DEL,,,53.68750,57.43750,53.68750,3941500,-0.053965,53.75000,54.12500,57.25000,-0.053965
25785,1998-08-05,F,FORD MOTOR CO DEL,,,51.00000,54.25000,54.25000,4023600,0.010477,54.12500,54.56250,53.87500,0.010477
25785,1998-08-06,F,FORD MOTOR CO DEL,,,52.43750,54.25000,53.56250,2400600,-0.012673,53.37500,53.62500,54.18750,-0.012673
25785,1998-08-07,F,FORD MOTOR CO DEL,,,52.00000,54.25000,52.12500,2458200,-0.026838,52.00000,52.31250,52.75000,-0.026838
25785,1998-08-10,F,FORD MOTOR CO DEL,,,51.37500,53.18750,52.00000,1703600,-0.002398,51.87500,52.06250,51.81250,-0.002398
25785,1998-08-11,F,FORD MOTOR CO DEL,,,50.00000,50.87500,50.68750,2380900,-0.025240,50.56250,50.75000,50.00000,-0.025240
25785,1998-08-12,F,FORD MOTOR CO DEL,,,51.00000,52.93750,51.62500,1978400,0.018496,51.62500,51.87500,51.00000,0.018496
25785,1998-08-13,F,FORD MOTOR CO DEL,,,51.00000,52.62500,51.06250,1567200,-0.010896,50.93750,51.25000,51.37500,-0.010896
25785,1998-08-14,F,FORD MOTOR CO DEL,,,48.06250,51.06250,48.87500,3006800,-0.042840,48.62500,49.06250,50.37500,-0.042840
25785,1998-08-17,F,FORD MOTOR CO DEL,,,47.06250,49.00000,48.00000,4500700,-0.017903,46.93750,49.00000,48.00000,-0.017903
25785,1998-08-18,F,FORD MOTOR CO DEL,,,47.93750,50.43750,50.18750,2836800,0.045573,50.06250,50.31250,48.06250,0.045573
25785,1998-08-19,F,FORD MOTOR CO DEL,,,50.62500,51.87500,51.00000,2295400,0.016189,51.00000,51.31250,51.00000,0.016189
25785,1998-08-20,F,FORD MOTOR CO DEL,,,48.81250,51.12500,48.87500,2345200,-0.041667,48.81250,49.00000,51.06250,-0.041667
25785,1998-08-21,F,FORD MOTOR CO DEL,,,46.75000,48.37500,48.06250,3580100,-0.016624,47.87500,48.18750,48.06250,-0.016624
25785,1998-08-24,F,FORD MOTOR CO DEL,,,48.00000,49.87500,49.75000,3072900,0.035111,49.62500,49.87500,48.06250,0.035111
25785,1998-08-25,F,FORD MOTOR CO DEL,,,48.43750,51.31250,49.06250,3317300,-0.013819,48.87500,49.12500,50.43750,-0.013819
25785,1998-08-26,F,FORD MOTOR CO DEL,,,48.18750,49.75000,48.37500,1947500,-0.014013,48.25000,48.56250,48.31250,-0.014013
25785,1998-08-27,F,FORD MOTOR CO DEL,,,43.50000,47.87500,46.50000,6179901,-0.038760,46.50000,46.62500,47.81250,-0.038760
25785,1998-08-28,F,FORD MOTOR CO DEL,,,46.75000,48.25000,47.68750,3586000,0.025538,47.56250,47.81250,48.25000,0.025538
25785,1998-08-31,F,FORD MOTOR CO DEL,,,43.75000,48.43750,44.62500,4093700,-0.064220,44.25000,45.00000,48.43750,-0.064220
25785,1998-09-01,F,FORD MOTOR CO DEL,,,42.00000,46.62500,45.62500,4338500,0.022409,45.62500,45.81250,44.00000,0.022409
25785,1998-09-02,F,FORD MOTOR CO DEL,,,44.50000,46.68750,44.62500,2786800,-0.021918,44.31250,44.81250,46.25000,-0.021918
25785,1998-09-03,F,FORD MOTOR CO DEL,,,42.50000,44.75000,42.50000,3546700,-0.047619,42.18750,42.50000,44.12500,-0.047619
25785,1998-09-04,F,FORD MOTOR CO DEL,,,40.62500,43.62500,41.87500,3413200,-0.014706,41.75000,42.00000,43.18750,-0.014706
25785,1998-09-08,F,FORD MOTOR CO DEL,,,43.31250,45.25000,44.00000,3018300,0.050746,43.87500,44.12500,45.25000,0.050746
25785,1998-09-09,F,FORD MOTOR CO DEL,,,44.12500,46.12500,45.93750,2799000,0.044034,45.68750,46.00000,44.43750,0.044034
25785,1998-09-10,F,FORD MOTOR CO DEL,,,42.68750,45.18750,43.25000,3695300,-0.058503,43.12500,44.00000,44.75000,-0.058503
25785,1998-09-11,F,FORD MOTOR CO DEL,,,42.12500,44.12500,43.31250,2817800,0.001445,43.12500,43.50000,42.75000,0.001445
25785,1998-09-14,F,FORD MOTOR CO DEL,,,44.87500,46.37500,46.31250,3144300,0.069264,46.25000,46.50000,45.12500,0.069264
25785,1998-09-15,F,FORD MOTOR CO DEL,,,45.56250,47.93750,47.25000,1869400,0.020243,47.00000,47.25000,46.31250,0.020243
25785,1998-09-16,F,FORD MOTOR CO DEL,,,46.31250,47.75000,46.75000,1855600,-0.010582,46.75000,47.00000,47.62500,-0.010582
25785,1998-09-17,F,FORD MOTOR CO DEL,,,44.75000,45.56250,45.25000,2148500,-0.032086,45.00000,45.37500,44.75000,-0.032086
25785,1998-09-18,F,FORD MOTOR CO DEL,,,44.12500,45.25000,44.93750,3705400,-0.006906,44.87500,45.06250,45.25000,-0.006906
25785,1998-09-21,F,FORD MOTOR CO DEL,,,43.68750,46.37500,45.87500,1880500,0.020862,45.75000,46.00000,44.00000,0.020862
25785,1998-09-22,F,FORD MOTOR CO DEL,,,45.18750,47.12500,45.81250,2133500,-0.001362,45.43750,45.81250,46.43750,-0.001362
25785,1998-09-23,F,FORD MOTOR CO DEL,,,46.62500,48.62500,48.56250,3554000,0.060027,48.43750,48.75000,46.75000,0.060027
25785,1998-09-24,F,FORD MOTOR CO DEL,,,46.62500,49.68750,47.62500,2656900,-0.019305,47.43750,47.81250,48.31250,-0.019305
25785,1998-09-25,F,FORD MOTOR CO DEL,,,46.81250,48.68750,48.12500,2318900,0.010499,48.00000,48.25000,46.81250,0.010499
25785,1998-09-28,F,FORD MOTOR CO DEL,,,48.25000,49.62500,49.18750,2494800,0.022078,49.00000,49.18750,48.37500,0.022078
25785,1998-09-29,F,FORD MOTOR CO DEL,,,48.62500,49.81250,49.12500,1967600,-0.001271,49.06250,49.31250,49.75000,-0.001271
25785,1998-09-30,F,FORD MOTOR CO DEL,,,46.18750,49.18750,47.00000,2288200,-0.043257,45.87500,47.00000,49.12500,-0.043257
25785,1998-10-01,F,FORD MOTOR CO DEL,,,43.43750,46.50000,44.12500,3020000,-0.061170,44.00000,44.18750,46.50000,-0.061170
25785,1998-10-02,F,FORD MOTOR CO DEL,,,43.00000,44.93750,43.12500,3956800,-0.022663,42.43750,43.12500,44.06250,-0.022663
25785,1998-10-05,F,FORD MOTOR CO DEL,,,39.12500,42.56250,39.75000,5667001,-0.078261,38.68750,39.87500,42.25000,-0.078261
25785,1998-10-06,F,FORD MOTOR CO DEL,,,40.25000,42.50000,40.62500,4899801,0.022013,39.93750,41.43750,41.87500,0.022013
25785,1998-10-07,F,FORD MOTOR CO DEL,,,40.87500,43.06250,41.18750,3447200,0.013846,40.75000,42.06250,40.87500,0.013846
25785,1998-10-08,F,FORD MOTOR CO DEL,,,38.81250,42.00000,41.12500,4176600,-0.001517,39.87500,41.50000,40.06250,-0.001517
25785,1998-10-09,F,FORD MOTOR CO DEL,,,41.56250,45.00000,44.25000,3395600,0.075988,43.18750,45.31250,42.87500,0.075988
25785,1998-10-12,F,FORD MOTOR CO DEL,,,45.37500,46.81250,45.50000,3120700,0.028249,45.50000,46.56250,45.62500,0.028249
25785,1998-10-13,F,FORD MOTOR CO DEL,,,43.75000,46.68750,44.06250,2347600,-0.031593,43.00000,45.12500,45.50000,-0.031593
25785,1998-10-14,F,FORD MOTOR CO DEL,,,43.06250,47.75000,45.81250,3990200,0.039716,45.68750,46.00000,44.00000,0.039716
25785,1998-10-15,F,FORD MOTOR CO DEL,,,45.25000,49.00000,48.75000,3279200,0.064120,47.87500,49.00000,45.25000,0.064120
25785,1998-10-16,F,FORD MOTOR CO DEL,,,49.75000,51.25000,50.81250,6497801,0.042308,49.68750,50.81250,50.00000,0.042308
25785,1998-10-19,F,FORD MOTOR CO DEL,,,50.50000,52.00000,50.62500,3888500,-0.003690,49.56250,50.87500,50.75000,-0.003690
25785,1998-10-20,F,FORD MOTOR CO DEL,,,50.62500,51.87500,50.62500,4726600,0.000000,49.62500,50.75000,50.87500,0.000000
25785,1998-10-21,F,FORD MOTOR CO DEL,,,49.87500,51.00000,49.93750,3062400,-0.013580,48.93750,50.12500,50.68750,-0.013580
25785,1998-10-22,F,FORD MOTOR CO DEL,,,49.68750,50.50000,50.00000,2349400,0.001252,48.93750,50.18750,49.93750,0.001252
25785,1998-10-23,F,FORD MOTOR CO DEL,,,49.50000,50.12500,49.93750,1369900,-0.001250,48.87500,49.93750,49.50000,-0.001250
25785,1998-10-26,F,FORD MOTOR CO DEL,,,49.56250,51.62500,50.25000,2060600,0.006258,49.06250,50.31250,49.87500,0.006258
25785,1998-10-27,F,FORD MOTOR CO DEL,,,50.62500,51.62500,50.75000,2015300,0.009950,50.62500,50.87500,51.00000,0.009950
25785,1998-10-28,F,FORD MOTOR CO DEL,,,49.87500,51.50000,51.00000,3032300,0.013990,50.00000,51.25000,50.18750,0.004926
25785,1998-10-29,F,FORD MOTOR CO DEL,,,50.56250,51.93750,51.37500,2012800,0.007353,51.25000,51.43750,51.06250,0.007353
25785,1998-10-30,F,FORD MOTOR CO DEL,,,51.93750,54.25000,54.25000,2393200,0.055961,54.00000,54.25000,52.00000,0.055961
25785,1998-11-02,F,FORD MOTOR CO DEL,,,53.68750,54.93750,54.43750,3342800,0.003456,53.75000,55.50000,54.18750,0.003456
25785,1998-11-03,F,FORD MOTOR CO DEL,,,53.00000,54.50000,53.25000,1588600,-0.021814,53.00000,53.75000,54.37500,-0.021814
25785,1998-11-04,F,FORD MOTOR CO DEL,,,53.68750,54.31250,54.00000,2847900,0.014085,53.50000,54.06250,54.00000,0.014085
25785,1998-11-05,F,FORD MOTOR CO DEL,,,52.68750,53.93750,53.62500,2888500,-0.006944,52.68750,53.87500,53.43750,-0.006944
25785,1998-11-06,F,FORD MOTOR CO DEL,,,53.75000,54.68750,53.93750,1594900,0.005828,52.87500,54.00000,53.75000,0.005828
25785,1998-11-09,F,FORD MOTOR CO DEL,,,52.75000,53.68750,53.00000,1607100,-0.017381,52.12500,53.18750,53.68750,-0.017381
25785,1998-11-10,F,FORD MOTOR CO DEL,,,52.81250,54.06250,53.93750,1828400,0.017689,52.81250,53.93750,53.18750,0.017689
25785,1998-11-11,F,FORD MOTOR CO DEL,,,53.18750,54.37500,53.87500,2045900,-0.001159,52.68750,54.81250,54.00000,-0.001159
25785,1998-11-12,F,FORD MOTOR CO DEL,,,51.62500,53.00000,52.00000,1557900,-0.034803,50.87500,53.00000,52.75000,-0.034803
25785,1998-11-13,F,FORD MOTOR CO DEL,,,52.06250,53.56250,53.37500,1975100,0.026442,52.25000,54.37500,52.06250,0.026442
25785,1998-11-16,F,FORD MOTOR CO DEL,,,54.00000,54.87500,54.62500,2378900,0.023419,54.62500,54.75000,54.00000,0.023419
25785,1998-11-17,F,FORD MOTOR CO DEL,,,54.37500,55.18750,54.81250,2950600,0.003432,53.75000,55.87500,54.93750,0.003432
25785,1998-11-18,F,FORD MOTOR CO DEL,,,53.81250,55.00000,54.87500,1857300,0.001140,54.81250,54.93750,54.81250,0.001140
25785,1998-11-19,F,FORD MOTOR CO DEL,,,54.06250,55.00000,54.37500,2202200,-0.009112,53.31250,54.50000,54.87500,-0.009112
25785,1998-11-20,F,FORD MOTOR CO DEL,,,54.87500,55.68750,55.37500,3447200,0.018391,55.43750,56.50000,55.00000,0.018391
25785,1998-11-23,F,FORD MOTOR CO DEL,,,55.00000,55.93750,55.75000,2252000,0.006772,55.75000,55.87500,55.68750,0.006772
25785,1998-11-24,F,FORD MOTOR CO DEL,,,55.12500,56.18750,55.25000,2041700,-0.008969,55.18750,55.43750,55.75000,-0.008969
25785,1998-11-25,F,FORD MOTOR CO DEL,,,54.68750,55.50000,54.81250,1265800,-0.007919,54.50000,55.06250,55.12500,-0.007919
25785,1998-11-27,F,FORD MOTOR CO DEL,,,54.56250,55.25000,55.12500,1174500,0.005701,55.00000,55.56250,54.62500,0.005701
25785,1998-11-30,F,FORD MOTOR CO DEL,,,55.06250,56.06250,55.06250,2118600,-0.001134,54.12500,56.31250,55.12500,-0.001134
25785,1998-12-01,F,FORD MOTOR CO DEL,,,55.25000,58.37500,58.12500,3768500,0.055619,58.12500,58.31250,55.25000,0.055619
25785,1998-12-02,F,FORD MOTOR CO DEL,,,56.18750,57.87500,56.43750,2636900,-0.029032,55.31250,56.50000,57.87500,-0.029032
25785,1998-12-03,F,FORD MOTOR CO DEL,,,55.12500,56.31250,55.12500,2189200,-0.023256,55.00000,56.18750,55.50000,-0.023256
25785,1998-12-04,F,FORD MOTOR CO DEL,,,56.25000,57.43750,56.37500,2100900,0.022676,56.25000,56.50000,57.00000,0.022676
25785,1998-12-07,F,FORD MOTOR CO DEL,,,55.81250,56.93750,56.50000,1323100,0.002217,55.43750,56.50000,56.37500,0.002217
25785,1998-12-08,F,FORD MOTOR CO DEL,,,54.62500,56.00000,54.93750,1829300,-0.027655,,,55.25000,-0.027655
25785,1998-12-09,F,FORD MOTOR CO DEL,,,54.06250,55.18750,54.81250,1656900,-0.002275,54.68750,54.93750,55.00000,-0.002275
25785,1998-12-10,F,FORD MOTOR CO DEL,,,54.00000,55.50000,54.06250,1955000,-0.013683,53.00000,55.12500,54.81250,-0.013683
25785,1998-12-11,F,FORD MOTOR CO DEL,,,53.56250,55.25000,54.87500,1785100,0.015029,53.81250,55.87500,54.06250,0.015029
25785,1998-12-14,F,FORD MOTOR CO DEL,,,52.37500,54.81250,52.37500,2704600,-0.045558,52.37500,52.68750,54.81250,-0.045558
25785,1998-12-15,F,FORD MOTOR CO DEL,,,52.75000,54.81250,54.37500,2002100,0.038186,53.25000,55.31250,53.00000,0.038186
25785,1998-12-16,F,FORD MOTOR CO DEL,,,54.37500,55.93750,55.62500,2109300,0.022989,55.43750,56.56250,54.43750,0.022989
25785,1998-12-17,F,FORD MOTOR CO DEL,,,56.25000,57.12500,57.00000,3206900,0.024719,56.75000,57.00000,56.25000,0.024719
25785,1998-12-18,F,FORD MOTOR CO DEL,,,56.75000,57.00000,56.87500,2892600,-0.002193,56.50000,57.00000,57.00000,-0.002193
25785,1998-12-21,F,FORD MOTOR CO DEL,,,55.37500,57.43750,55.37500,3104500,-0.026374,54.50000,56.68750,56.00000,-0.026374
25785,1998-12-22,F,FORD MOTOR CO DEL,,,55.00000,56.37500,55.87500,2720200,0.009029,54.93750,57.00000,55.37500,0.009029
25785,1998-12-23,F,FORD MOTOR CO DEL,,,56.00000,58.93750,58.37500,3463300,0.044743,57.31250,58.43750,56.00000,0.044743
25785,1998-12-24,F,FORD MOTOR CO DEL,,,57.93750,59.43750,58.87500,1908300,0.008565,57.93750,60.06250,58.00000,0.008565
25785,1998-12-28,F,FORD MOTOR CO DEL,,,59.25000,59.87500,59.56250,2277900,0.011677,58.50000,59.62500,59.25000,0.011677
25785,1998-12-29,F,FORD MOTOR CO DEL,,,58.62500,59.50000,59.25000,1418700,-0.005247,57.93750,60.00000,59.43750,-0.005247
25785,1998-12-30,F,FORD MOTOR CO DEL,,,58.00000,59.12500,58.12500,1459000,-0.018987,57.06250,59.18750,58.93750,-0.018987
25785,1998-12-31,F,FORD MOTOR CO DEL,,,58.06250,59.00000,58.68750,1699200,0.009677,57.50000,59.68750,58.25000,0.009677
25785,1999-01-04,F,FORD MOTOR CO DEL,,,57.37500,59.50000,57.75000,2738300,-0.015974,56.62500,57.81250,58.56250,-0.015974
25785,1999-01-05,F,FORD MOTOR CO DEL,,,57.68750,59.50000,59.50000,3385600,0.030303,59.50000,59.75000,58.00000,0.030303
25785,1999-01-06,F,FORD MOTOR CO DEL,,,60.00000,62.12500,61.75000,4433100,0.037815,61.62500,62.81250,60.00000,0.037815
25785,1999-01-07,F,FORD MOTOR CO DEL,,,61.00000,63.06250,61.81250,4178800,0.001012,60.75000,62.81250,61.25000,0.001012
25785,1999-01-08,F,FORD MOTOR CO DEL,,,62.75000,66.50000,65.00000,7657099,0.051567,65.00000,66.31250,63.00000,0.051567
25785,1999-01-11,F,FORD MOTOR CO DEL,,,63.50000,66.31250,64.50000,3950900,-0.007692,63.43750,65.50000,65.25000,-0.007692
25785,1999-01-12,F,FORD MOTOR CO DEL,,,62.62500,64.06250,62.87500,4162700,-0.025194,61.87500,63.93750,63.75000,-0.025194
25785,1999-01-13,F,FORD MOTOR CO DEL,,,60.25000,62.00000,61.37500,4938101,-0.023857,61.25000,62.37500,60.62500,-0.023857
25785,1999-01-14,F,FORD MOTOR CO DEL,,,60.25000,62.12500,60.37500,2991600,-0.016293,59.31250,60.62500,61.12500,-0.016293
25785,1999-01-15,F,FORD MOTOR CO DEL,,,60.62500,62.12500,62.00000,3344300,0.026915,61.50000,62.00000,60.87500,0.026915
25785,1999-01-19,F,FORD MOTOR CO DEL,,,61.75000,64.00000,63.93750,3209700,0.031250,62.87500,64.93750,62.00000,0.031250
25785,1999-01-20,F,FORD MOTOR CO DEL,,,63.93750,65.81250,64.68750,3966400,0.011730,63.62500,65.68750,64.25000,0.011730
25785,1999-01-21,F,FORD MOTOR CO DEL,,,61.56250,64.31250,62.06250,3924300,-0.040580,61.00000,63.12500,64.00000,-0.040580
25785,1999-01-22,F,FORD MOTOR CO DEL,,,60.50000,61.62500,60.87500,3063400,-0.019134,60.75000,61.93750,61.62500,-0.019134
25785,1999-01-25,F,FORD MOTOR CO DEL,,,60.12500,61.18750,61.00000,2473500,0.002053,60.06250,62.18750,61.12500,0.002053
25785,1999-01-26,F,FORD MOTOR CO DEL,,,59.62500,62.31250,61.81250,2915600,0.013320,61.68750,61.93750,60.12500,0.013320
25785,1999-01-27,F,FORD MOTOR CO DEL,,,59.75000,61.37500,60.31250,2932500,-0.016825,59.25000,61.37500,61.31250,-0.024267
25785,1999-01-28,F,FORD MOTOR CO DEL,,,60.50000,62.62500,62.50000,6849100,0.036269,62.31250,63.43750,61.87500,0.036269
25785,1999-01-29,F,FORD MOTOR CO DEL,,,60.25000,62.43750,61.43750,3437100,-0.017000,60.25000,62.43750,62.37500,-0.017000
25785,1999-02-01,F,FORD MOTOR CO DEL,,,60.68750,61.75000,60.75000,3548700,-0.011190,59.75000,61.81250,60.93750,-0.011190
25785,1999-02-02,F,FORD MOTOR CO DEL,,,59.00000,60.93750,59.00000,2366400,-0.028807,59.00000,60.06250,60.75000,-0.028807
25785,1999-02-03,F,FORD MOTOR CO DEL,,,58.37500,60.43750,60.37500,3987200,0.023305,59.18750,61.37500,59.00000,0.023305
25785,1999-02-04,F,FORD MOTOR CO DEL,,,57.81250,60.37500,57.81250,2978100,-0.042443,56.75000,58.87500,60.06250,-0.042443
25785,1999-02-05,F,FORD MOTOR CO DEL,,,56.50000,58.25000,57.25000,3041000,-0.009730,56.37500,57.37500,57.68750,-0.009730
25785,1999-02-08,F,FORD MOTOR CO DEL,,,56.37500,58.87500,58.68750,2266000,0.025109,57.75000,58.62500,57.43750,0.025109
25785,1999-02-09,F,FORD MOTOR CO DEL,,,57.00000,58.87500,57.50000,2046600,-0.020234,56.43750,58.56250,58.87500,-0.020234
25785,1999-02-10,F,FORD MOTOR CO DEL,,,57.31250,58.93750,58.81250,1685800,0.022826,57.75000,59.81250,57.43750,0.022826
25785,1999-02-11,F,FORD MOTOR CO DEL,,,58.00000,60.37500,60.12500,2124200,0.022317,59.06250,61.12500,58.81250,0.022317
25785,1999-02-12,F,FORD MOTOR CO DEL,,,57.00000,59.93750,57.87500,2011500,-0.037422,57.75000,57.93750,59.81250,-0.037422
25785,1999-02-16,F,FORD MOTOR CO DEL,,,56.50000,58.68750,57.43750,2798000,-0.007559,56.43750,58.50000,58.50000,-0.007559
25785,1999-02-17,F,FORD MOTOR CO DEL,,,57.62500,60.87500,59.12500,3061000,0.029380,58.06250,60.18750,58.25000,0.029380
25785,1999-02-18,F,FORD MOTOR CO DEL,,,59.81250,60.75000,60.06250,2201000,0.015856,59.00000,61.06250,60.50000,0.015856
25785,1999-02-19,F,FORD MOTOR CO DEL,,,58.62500,60.00000,58.81250,1513300,-0.020812,58.43750,58.87500,59.93750,-0.020812
25785,1999-02-22,F,FORD MOTOR CO DEL,,,59.50000,60.75000,60.43750,2738400,0.027630,60.18750,60.56250,59.50000,0.027630
25785,1999-02-23,F,FORD MOTOR CO DEL,,,59.18750,60.75000,59.25000,2692300,-0.019648,59.12500,60.31250,60.25000,-0.019648
25785,1999-02-24,F,FORD MOTOR CO DEL,,,58.62500,60.75000,59.50000,2255200,0.004219,58.43750,59.50000,59.75000,0.004219
25785,1999-02-25,F,FORD MOTOR CO DEL,,,58.06250,59.75000,59.56250,2094200,0.001050,59.50000,59.75000,59.25000,0.001050
25785,1999-02-26,F,FORD MOTOR CO DEL,,,58.37500,60.43750,59.31250,1937200,-0.004197,57.87500,60.37500,59.31250,-0.004197
25785,1999-03-01,F,FORD MOTOR CO DEL,,,58.06250,59.18750,58.37500,1688600,-0.015806,57.25000,59.43750,58.75000,-0.015806
25785,1999-03-02,F,FORD MOTOR CO DEL,,,57.06250,59.12500,57.12500,3280800,-0.021413,56.06250,57.12500,58.43750,-0.021413
25785,1999-03-03,F,FORD MOTOR CO DEL,,,55.93750,57.68750,56.81250,2539900,-0.005470,55.75000,57.81250,57.25000,-0.005470
25785,1999-03-04,F,FORD MOTOR CO DEL,,,57.43750,58.37500,58.37500,2430500,0.027503,57.18750,59.31250,58.00000,0.027503
25785,1999-03-05,F,FORD MOTOR CO DEL,,,59.12500,60.62500,60.12500,3796100,0.029979,58.93750,61.18750,59.25000,0.029979
25785,1999-03-08,F,FORD MOTOR CO DEL,,,59.00000,60.06250,60.06250,1510100,-0.001040,58.87500,60.93750,59.93750,-0.001040
25785,1999-03-09,F,FORD MOTOR CO DEL,,,57.56250,60.62500,57.75000,4185100,-0.038502,57.75000,58.81250,60.31250,-0.038502
25785,1999-03-10,F,FORD MOTOR CO DEL,,,56.50000,57.62500,56.87500,3633600,-0.015152,55.75000,57.87500,57.12500,-0.015152
25785,1999-03-11,F,FORD MOTOR CO DEL,,,56.50000,58.00000,57.93750,5112701,0.018681,56.87500,59.00000,56.93750,0.018681
25785,1999-03-12,F,FORD MOTOR CO DEL,,,57.25000,58.62500,57.93750,2640600,0.000000,57.00000,59.06250,58.37500,0.000000
25785,1999-03-15,F,FORD MOTOR CO DEL,,,57.43750,58.75000,58.50000,2414900,0.009709,57.43750,58.75000,57.81250,0.009709
25785,1999-03-16,F,FORD MOTOR CO DEL,,,57.56250,58.68750,57.93750,1643000,-0.009615,56.87500,59.00000,58.50000,-0.009615
25785,1999-03-17,F,FORD MOTOR CO DEL,,,56.87500,57.93750,57.37500,1541400,-0.009709,56.31250,58.37500,57.56250,-0.009709
25785,1999-03-18,F,FORD MOTOR CO DEL,,,56.56250,58.43750,58.31250,2183400,0.016340,57.25000,59.37500,56.56250,0.016340
25785,1999-03-19,F,FORD MOTOR CO DEL,,,58.37500,59.50000,58.56250,3195700,0.004287,57.56250,58.62500,58.75000,0.004287
25785,1999-03-22,F,FORD MOTOR CO DEL,,,58.43750,60.00000,59.25000,1992500,0.011740,58.50000,59.50000,58.56250,0.011740
25785,1999-03-23,F,FORD MOTOR CO DEL,,,56.62500,59.00000,56.87500,3309000,-0.040084,56.62500,57.87500,59.00000,-0.040084
25785,1999-03-24,F,FORD MOTOR CO DEL,,,55.25000,56.75000,56.18750,2799800,-0.012088,55.06250,57.25000,56.62500,-0.012088
25785,1999-03-25,F,FORD MOTOR CO DEL,,,56.18750,58.37500,58.37500,2590800,0.038932,58.00000,58.75000,56.18750,0.038932
25785,1999-03-26,F,FORD MOTOR CO DEL,,,56.75000,58.12500,56.93750,1853100,-0.024625,55.75000,57.87500,57.50000,-0.024625
25785,1999-03-29,F,FORD MOTOR CO DEL,,,56.81250,57.93750,57.12500,1987600,0.003293,57.00000,58.18750,56.87500,0.003293
25785,1999-03-30,F,FORD MOTOR CO DEL,,,56.31250,57.43750,56.62500,2357800,-0.008753,55.56250,57.75000,56.62500,-0.008753
25785,1999-03-31,F,FORD MOTOR CO DEL,,,56.68750,57.62500,56.68750,2084100,0.001104,56.62500,57.37500,57.12500,0.001104
25785,1999-04-01,F,FORD MOTOR CO DEL,,,56.00000,57.12500,56.50000,1913700,-0.003308,55.43750,57.62500,57.00000,-0.003308
25785,1999-04-05,F,FORD MOTOR CO DEL,,,56.68750,58.31250,58.31250,3190500,0.032080,57.25000,58.31250,56.75000,0.032080
25785,1999-04-06,F,FORD MOTOR CO DEL,,,58.06250,59.37500,58.25000,3979700,-0.001072,57.18750,59.25000,58.56250,-0.001072
25785,1999-04-07,F,FORD MOTOR CO DEL,,,58.68750,61.00000,60.75000,4922201,0.042918,59.62500,61.75000,58.81250,0.042918
25785,1999-04-08,F,FORD MOTOR CO DEL,,,60.12500,61.43750,60.87500,2719900,0.002058,60.87500,62.00000,60.68750,0.002058
25785,1999-04-09,F,FORD MOTOR CO DEL,,,59.75000,61.12500,60.56250,2720200,-0.005133,59.50000,61.62500,60.93750,-0.005133
25785,1999-04-12,F,FORD MOTOR CO DEL,,,60.31250,62.43750,61.50000,3496900,0.015480,61.62500,61.75000,60.50000,0.015480
25785,1999-04-13,F,FORD MOTOR CO DEL,,,62.06250,63.68750,63.18750,3929900,0.027439,63.18750,64.31250,62.12500,0.027439
25785,1999-04-14,F,FORD MOTOR CO DEL,,,62.37500,64.25000,62.75000,4279400,-0.006924,62.68750,63.75000,63.25000,-0.006924
25785,1999-04-15,F,FORD MOTOR CO DEL,,,61.37500,64.18750,62.81250,6083301,0.000996,61.68750,63.87500,63.00000,0.000996
25785,1999-04-16,F,FORD MOTOR CO DEL,,,63.00000,65.00000,64.87500,5205001,0.032836,63.87500,65.93750,63.50000,0.032836
25785,1999-04-19,F,FORD MOTOR CO DEL,,,65.00000,67.87500,65.00000,6426401,0.001927,64.00000,65.25000,67.00000,0.001927
25785,1999-04-20,F,FORD MOTOR CO DEL,,,62.62500,65.37500,63.87500,4760300,-0.017308,63.50000,63.87500,65.00000,-0.017308
25785,1999-04-21,F,FORD MOTOR CO DEL,,,62.50000,64.18750,64.00000,2445100,0.001957,62.93750,65.06250,63.87500,0.001957
25785,1999-04-22,F,FORD MOTOR CO DEL,,,63.43750,64.87500,64.00000,2085000,0.000000,63.81250,64.06250,64.25000,0.000000
25785,1999-04-23,F,FORD MOTOR CO DEL,,,63.00000,64.43750,63.75000,2199700,-0.003906,62.68750,64.75000,63.25000,-0.003906
25785,1999-04-26,F,FORD MOTOR CO DEL,,,63.12500,64.18750,64.18750,2339200,0.006863,63.12500,64.12500,63.50000,0.006863
25785,1999-04-27,F,FORD MOTOR CO DEL,,,62.87500,64.40625,64.06250,2244100,-0.001947,63.00000,65.12500,64.18750,-0.001947
25785,1999-04-28,F,FORD MOTOR CO DEL,,,64.06250,65.12500,64.12500,2482800,0.000976,63.06250,65.25000,64.18750,0.000976
25785,1999-04-29,F,FORD MOTOR CO DEL,,,63.68750,65.75000,65.62500,3624000,0.030565,65.12500,66.87500,64.00000,0.023392
25785,1999-04-30,F,FORD MOTOR CO DEL,,,62.50000,66.00000,63.93750,2453900,-0.025714,62.81250,64.93750,65.68750,-0.025714
25785,1999-05-03,F,FORD MOTOR CO DEL,,,63.00000,67.00000,66.68750,3501400,0.043011,65.62500,66.87500,63.93750,0.043011
25785,1999-05-04,F,FORD MOTOR CO DEL,,,63.50000,67.50000,64.12500,4132500,-0.038425,64.12500,64.87500,66.62500,-0.038425
25785,1999-05-05,F,FORD MOTOR CO DEL,,,63.43750,65.00000,64.37500,1994300,0.003899,64.12500,65.37500,64.81250,0.003899
25785,1999-05-06,F,FORD MOTOR CO DEL,,,62.31250,64.68750,62.50000,1922700,-0.029126,61.43750,63.50000,64.18750,-0.029126
25785,1999-05-07,F,FORD MOTOR CO DEL,,,62.62500,64.87500,64.87500,3369300,0.038000,63.87500,64.87500,62.62500,0.038000
25785,1999-05-10,F,FORD MOTOR CO DEL,,,63.62500,65.62500,64.06250,1701900,-0.012524,63.00000,64.50000,64.87500,-0.012524
25785,1999-05-11,F,FORD MOTOR CO DEL,,,63.68750,65.87500,64.06250,1830900,0.000000,63.00000,64.06250,63.93750,0.000000
25785,1999-05-12,F,FORD MOTOR CO DEL,,,62.75000,64.93750,64.50000,1992100,0.006829,63.93750,65.06250,63.56250,0.006829
25785,1999-05-13,F,FORD MOTOR CO DEL,,,63.31250,65.68750,63.50000,2360600,-0.015504,63.37500,64.12500,65.12500,-0.015504
25785,1999-05-14,F,FORD MOTOR CO DEL,,,60.75000,63.12500,60.75000,3521100,-0.043307,60.75000,61.37500,62.56250,-0.043307
25785,1999-05-17,F,FORD MOTOR CO DEL,,,57.50000,60.06250,57.56250,7527000,-0.052469,57.18750,57.75000,60.00000,-0.052469
25785,1999-05-18,F,FORD MOTOR CO DEL,,,57.62500,59.75000,58.31250,4687200,0.013029,58.18750,58.56250,58.93750,0.013029
25785,1999-05-19,F,FORD MOTOR CO DEL,,,56.25000,59.06250,57.68750,3936900,-0.010718,57.68750,58.00000,59.00000,-0.010718
25785,1999-05-20,F,FORD MOTOR CO DEL,,,56.93750,58.25000,57.93750,2085500,0.004334,57.43750,57.93750,57.68750,0.004334
25785,1999-05-21,F,FORD MOTOR CO DEL,,,57.87500,59.06250,58.25000,2070200,0.005394,57.68750,58.75000,58.18750,0.005394
25785,1999-05-24,F,FORD MOTOR CO DEL,,,55.87500,58.87500,56.12500,2697800,-0.036481,55.87500,56.62500,58.62500,-0.036481
25785,1999-05-25,F,FORD MOTOR CO DEL,,,56.37500,57.68750,56.68750,4673600,0.010022,56.75000,56.93750,56.75000,0.010022
25785,1999-05-26,F,FORD MOTOR CO DEL,,,56.18750,57.81250,57.62500,2977800,0.016538,57.00000,58.18750,57.25000,0.016538
25785,1999-05-27,F,FORD MOTOR CO DEL,,,55.93750,57.31250,56.06250,2751800,-0.027115,55.93750,56.25000,57.25000,-0.027115
25785,1999-05-28,F,FORD MOTOR CO DEL,,,56.43750,58.37500,57.12500,2741800,0.018952,57.12500,57.56250,56.62500,0.018952
25785,1999-06-01,F,FORD MOTOR CO DEL,,,56.00000,57.93750,57.50000,3310400,0.006565,57.00000,58.12500,57.62500,0.006565
25785,1999-06-02,F,FORD MOTOR CO DEL,,,56.12500,57.87500,56.50000,2632400,-0.017391,55.87500,57.00000,57.50000,-0.017391
25785,1999-06-03,F,FORD MOTOR CO DEL,,,56.12500,57.00000,56.62500,2110200,0.002212,56.25000,56.75000,57.00000,0.002212
25785,1999-06-04,F,FORD MOTOR CO DEL,,,55.18750,57.18750,56.31250,2429300,-0.005519,56.12500,56.81250,56.93750,-0.005519
25785,1999-06-07,F,FORD MOTOR CO DEL,,,56.75000,57.25000,57.00000,2134000,0.012209,56.43750,57.50000,56.93750,0.012209
25785,1999-06-08,F,FORD MOTOR CO DEL,,,55.93750,57.00000,56.00000,2603800,-0.017544,56.00000,56.50000,57.00000,-0.017544
25785,1999-06-09,F,FORD MOTOR CO DEL,,,54.81250,57.00000,55.25000,2755000,-0.013393,54.68750,55.81250,56.75000,-0.013393
25785,1999-06-10,F,FORD MOTOR CO DEL,,,54.87500,55.62500,55.00000,2814600,-0.004525,54.43750,55.50000,55.50000,-0.004525
25785,1999-06-11,F,FORD MOTOR CO DEL,,,54.25000,55.62500,54.37500,2603300,-0.011364,54.06250,54.87500,54.93750,-0.011364
25785,1999-06-14,F,FORD MOTOR CO DEL,,,53.50000,54.87500,53.50000,2749900,-0.016092,53.25000,54.06250,54.37500,-0.016092
25785,1999-06-15,F,FORD MOTOR CO DEL,,,52.62500,53.81250,52.93750,2371700,-0.010514,52.43750,53.50000,53.31250,-0.010514
25785,1999-06-16,F,FORD MOTOR CO DEL,,,53.00000,55.00000,54.81250,3579700,0.035419,54.25000,54.87500,53.37500,0.035419
25785,1999-06-17,F,FORD MOTOR CO DEL,,,54.62500,55.56250,54.62500,2847900,-0.003421,54.62500,54.93750,55.06250,-0.003421
25785,1999-06-18,F,FORD MOTOR CO DEL,,,53.87500,55.12500,55.06250,3481700,0.008009,54.75000,55.06250,54.62500,0.008009
25785,1999-06-21,F,FORD MOTOR CO DEL,,,54.75000,55.75000,54.93750,2110400,-0.002270,54.93750,55.12500,55.50000,-0.002270
25785,1999-06-22,F,FORD MOTOR CO DEL,,,54.50000,55.37500,54.81250,1646700,-0.002275,54.50000,55.12500,54.81250,-0.002275
25785,1999-06-23,F,FORD MOTOR CO DEL,,,52.68750,54.12500,52.87500,3428800,-0.035348,52.50000,53.00000,53.25000,-0.035348
25785,1999-06-24,F,FORD MOTOR CO DEL,,,52.75000,54.37500,53.87500,4206200,0.018913,53.56250,54.18750,53.00000,0.018913
25785,1999-06-25,F,FORD MOTOR CO DEL,,,53.18750,54.25000,53.43750,2321600,-0.008121,53.25000,53.62500,54.00000,-0.008121
25785,1999-06-28,F,FORD MOTOR CO DEL,,,53.12500,54.06250,53.12500,2294600,-0.005848,52.93750,53.37500,53.75000,-0.005848
25785,1999-06-29,F,FORD MOTOR CO DEL,,,53.31250,54.31250,53.56250,2609700,0.008235,53.31250,53.93750,53.50000,0.008235
25785,1999-06-30,F,FORD MOTOR CO DEL,,,53.37500,57.31250,56.43750,5764101,0.053676,56.43750,56.75000,53.50000,0.053676
25785,1999-07-01,F,FORD MOTOR CO DEL,,,56.50000,58.62500,58.56250,4817501,0.037652,58.56250,58.68750,57.50000,0.037652
25785,1999-07-02,F,FORD MOTOR CO DEL,,,57.37500,58.56250,57.43750,2643800,-0.019210,56.87500,57.87500,58.56250,-0.019210
25785,1999-07-06,F,FORD MOTOR CO DEL,,,57.43750,58.50000,57.68750,2159700,0.004353,57.37500,58.00000,57.50000,0.004353
25785,1999-07-07,F,FORD MOTOR CO DEL,,,57.06250,58.25000,57.50000,1979000,-0.003250,57.12500,57.75000,57.56250,-0.003250
25785,1999-07-08,F,FORD MOTOR CO DEL,,,56.12500,57.43750,56.50000,2598600,-0.017391,56.37500,56.68750,57.43750,-0.017391
25785,1999-07-09,F,FORD MOTOR CO DEL,,,55.93750,56.87500,56.00000,1655200,-0.008850,55.68750,56.06250,56.68750,-0.008850
25785,1999-07-12,F,FORD MOTOR CO DEL,,,55.37500,56.18750,55.75000,1952400,-0.004464,55.50000,56.06250,55.87500,-0.004464
25785,1999-07-13,F,FORD MOTOR CO DEL,,,53.18750,55.56250,53.50000,5508601,-0.040359,53.50000,53.62500,55.50000,-0.040359
25785,1999-07-14,F,FORD MOTOR CO DEL,,,52.75000,54.37500,52.93750,6412001,-0.010514,52.87500,53.25000,54.00000,-0.010514
25785,1999-07-15,F,FORD MOTOR CO DEL,,,53.25000,54.75000,53.50000,5385701,0.010626,53.50000,53.81250,53.50000,0.010626
25785,1999-07-16,F,FORD MOTOR CO DEL,,,53.93750,54.31250,54.06250,4855001,0.010514,53.75000,54.31250,54.06250,0.010514
25785,1999-07-19,F,FORD MOTOR CO DEL,,,53.68750,54.93750,53.93750,3304600,-0.002312,53.93750,54.43750,54.50000,-0.002312
25785,1999-07-20,F,FORD MOTOR CO DEL,,,53.06250,54.12500,53.18750,3360100,-0.013905,53.06250,53.50000,53.50000,-0.013905
25785,1999-07-21,F,FORD MOTOR CO DEL,,,53.75000,54.43750,54.37500,2687900,0.022327,54.12500,54.43750,54.00000,0.022327
25785,1999-07-22,F,FORD MOTOR CO DEL,,,53.56250,54.87500,53.93750,2705800,-0.008046,53.93750,54.31250,54.87500,-0.008046
25785,1999-07-23,F,FORD MOTOR CO DEL,,,53.00000,54.31250,53.43750,2238800,-0.009270,53.06250,53.68750,54.00000,-0.009270
25785,1999-07-26,F,FORD MOTOR CO DEL,,,52.87500,53.56250,53.06250,2169100,-0.007018,52.87500,53.43750,53.00000,-0.007018
25785,1999-07-27,F,FORD MOTOR CO DEL,,,53.31250,54.12500,53.37500,2901800,0.005889,53.06250,53.62500,53.87500,0.005889
25785,1999-07-28,F,FORD MOTOR CO DEL,,,53.06250,54.06250,53.31250,1988500,-0.001171,53.06250,53.68750,53.31250,-0.001171
25785,1999-07-29,F,FORD MOTOR CO DEL,,,51.50000,52.50000,52.00000,4385000,-0.015991,51.81250,52.25000,52.12500,-0.024619
25785,1999-07-30,F,FORD MOTOR CO DEL,,,48.18750,51.75000,48.50000,6713601,-0.067308,48.31250,48.93750,51.75000,-0.067308
25785,1999-08-02,F,FORD MOTOR CO DEL,,,49.00000,50.37500,49.37500,5312501,0.018041,49.06250,49.50000,49.62500,0.018041
25785,1999-08-03,F,FORD MOTOR CO DEL,,,49.81250,50.37500,50.06250,5157601,0.013924,49.87500,50.31250,50.37500,0.013924
25785,1999-08-04,F,FORD MOTOR CO DEL,,,49.00000,50.62500,49.12500,2693400,-0.018727,48.75000,49.12500,50.31250,-0.018727
25785,1999-08-05,F,FORD MOTOR CO DEL,,,48.68750,49.81250,48.87500,1903400,-0.005089,48.50000,49.12500,49.81250,-0.005089
25785,1999-08-06,F,FORD MOTOR CO DEL,,,48.06250,49.43750,48.12500,2269000,-0.015345,48.12500,48.43750,49.43750,-0.015345
25785,1999-08-09,F,FORD MOTOR CO DEL,,,47.75000,48.37500,48.00000,1913100,-0.002597,47.75000,48.25000,48.18750,-0.002597
25785,1999-08-10,F,FORD MOTOR CO DEL,,,46.25000,48.25000,46.37500,2979800,-0.033854,46.06250,46.62500,48.12500,-0.033854
25785,1999-08-11,F,FORD MOTOR CO DEL,,,46.50000,47.93750,47.81250,2673500,0.030997,47.37500,48.00000,46.56250,0.030997
25785,1999-08-12,F,FORD MOTOR CO DEL,,,47.18750,48.75000,47.25000,2063300,-0.011765,47.25000,47.50000,48.06250,-0.011765
25785,1999-08-13,F,FORD MOTOR CO DEL,,,48.31250,49.25000,48.62500,2937200,0.029101,48.62500,49.00000,48.56250,0.029101
25785,1999-08-16,F,FORD MOTOR CO DEL,,,47.75000,48.68750,48.62500,2421400,0.000000,48.31250,48.87500,48.31250,0.000000
25785,1999-08-17,F,FORD MOTOR CO DEL,,,48.93750,49.93750,49.25000,2991800,0.012853,49.06250,49.31250,49.93750,0.012853
25785,1999-08-18,F,FORD MOTOR CO DEL,,,49.50000,51.00000,50.87500,4149100,0.032995,50.56250,51.12500,49.50000,0.032995
25785,1999-08-19,F,FORD MOTOR CO DEL,,,50.25000,50.68750,50.37500,2185800,-0.009828,50.06250,50.68750,50.56250,-0.009828
25785,1999-08-20,F,FORD MOTOR CO DEL,,,50.18750,51.75000,51.68750,2845200,0.026055,51.31250,52.00000,50.56250,0.026055
25785,1999-08-23,F,FORD MOTOR CO DEL,,,51.25000,52.12500,51.75000,1686800,0.001209,51.43750,51.87500,51.31250,0.001209
25785,1999-08-24,F,FORD MOTOR CO DEL,,,50.75000,51.68750,51.12500,1765100,-0.012077,51.00000,51.43750,51.62500,-0.012077
25785,1999-08-25,F,FORD MOTOR CO DEL,,,50.87500,52.25000,52.00000,2215100,0.017115,51.68750,52.00000,52.25000,0.017115
25785,1999-08-26,F,FORD MOTOR CO DEL,,,51.50000,52.31250,51.62500,2452000,-0.007212,51.31250,51.87500,52.00000,-0.007212
25785,1999-08-27,F,FORD MOTOR CO DEL,,,51.12500,51.93750,51.62500,1575700,0.000000,51.31250,51.93750,51.62500,0.000000
25785,1999-08-30,F,FORD MOTOR CO DEL,,,50.37500,51.43750,50.75000,2594100,-0.016949,50.62500,51.06250,51.37500,-0.016949
25785,1999-08-31,F,FORD MOTOR CO DEL,,,49.81250,52.18750,52.12500,5013101,0.027094,51.81250,52.00000,51.00000,0.027094
25785,1999-09-01,F,FORD MOTOR CO DEL,,,51.62500,52.25000,51.87500,2659699,-0.004796,51.75000,52.37500,52.12500,-0.004796
25785,1999-09-02,F,FORD MOTOR CO DEL,,,50.50000,52.06250,50.93750,3112899,-0.018072,50.50000,51.25000,52.06250,-0.018072
25785,1999-09-03,F,FORD MOTOR CO DEL,,,51.81250,53.56250,52.45313,3289599,0.029755,52.18750,52.75000,51.93750,0.029755
25785,1999-09-07,F,FORD MOTOR CO DEL,,,50.87500,52.68750,51.06250,2452899,-0.026512,50.75000,51.43750,52.62500,-0.026512
25785,1999-09-08,F,FORD MOTOR CO DEL,,,50.12500,51.31250,50.40625,2741299,-0.012852,50.18750,50.81250,51.31250,-0.012852
25785,1999-09-09,F,FORD MOTOR CO DEL,,,49.75000,50.75000,49.93750,2017699,-0.009299,49.56250,50.18750,50.50000,-0.009299
25785,1999-09-10,F,FORD MOTOR CO DEL,,,50.31250,51.87500,50.75000,2112500,0.016270,50.50000,50.75000,50.37500,0.016270
25785,1999-09-13,F,FORD MOTOR CO DEL,,,50.50000,52.00000,51.81250,1552899,0.020936,51.75000,51.93750,50.75000,0.020936
25785,1999-09-14,F,FORD MOTOR CO DEL,,,50.87500,52.37500,51.18750,2234099,-0.012063,50.87500,51.43750,51.75000,-0.012063
25785,1999-09-15,F,FORD MOTOR CO DEL,,,49.75000,51.68750,49.75000,3599500,-0.028083,49.43750,50.06250,51.12500,-0.028083
25785,1999-09-16,F,FORD MOTOR CO DEL,,,49.06250,50.00000,49.93750,2249099,0.003769,49.68750,50.00000,49.93750,0.003769
25785,1999-09-17,F,FORD MOTOR CO DEL,,,49.75000,50.25000,49.93750,2523000,0.000000,49.68750,50.00000,50.00000,0.000000
25785,1999-09-20,F,FORD MOTOR CO DEL,,,49.56250,50.18750,49.93750,981900,0.000000,49.62500,50.25000,50.06250,0.000000
25785,1999-09-21,F,FORD MOTOR CO DEL,,,48.56250,49.75000,48.87500,2634699,-0.021277,48.62500,49.00000,49.68750,-0.021277
25785,1999-09-22,F,FORD MOTOR CO DEL,,,49.18750,49.93750,49.81250,2715599,0.019182,49.56250,50.12500,49.81250,0.019182
25785,1999-09-23,F,FORD MOTOR CO DEL,,,49.00000,50.06250,49.18750,2578099,-0.012547,48.93750,49.56250,50.00000,-0.012547
25785,1999-09-24,F,FORD MOTOR CO DEL,,,49.06250,49.81250,49.68750,2023599,0.010165,49.37500,50.00000,49.43750,0.010165
25785,1999-09-27,F,FORD MOTOR CO DEL,,,49.81250,51.12500,50.25000,2789199,0.011321,50.06250,50.68750,49.87500,0.011321
25785,1999-09-28,F,FORD MOTOR CO DEL,,,48.75000,50.68750,49.93750,2643399,-0.006219,49.87500,50.00000,50.12500,-0.006219
25785,1999-09-29,F,FORD MOTOR CO DEL,,,49.37500,50.31250,49.62500,1953099,-0.006258,49.37500,49.93750,49.93750,-0.006258
25785,1999-09-30,F,FORD MOTOR CO DEL,,,49.75000,50.56250,50.25000,1693800,0.012594,49.87500,50.50000,49.93750,0.012594
25785,1999-10-01,F,FORD MOTOR CO DEL,,,49.93750,51.12500,50.62500,1860399,0.007463,50.31250,50.87500,51.12500,0.007463
25785,1999-10-04,F,FORD MOTOR CO DEL,,,50.37500,51.31250,51.31250,1728699,0.013580,51.00000,51.31250,50.87500,0.013580
25785,1999-10-05,F,FORD MOTOR CO DEL,,,51.00000,53.31250,51.81250,3427699,0.009744,51.75000,52.25000,52.00000,0.009744
25785,1999-10-06,F,FORD MOTOR CO DEL,,,51.87500,53.37500,53.00000,2231699,0.022919,52.68750,53.25000,52.00000,0.022919
25785,1999-10-07,F,FORD MOTOR CO DEL,,,51.25000,53.12500,51.37500,3036599,-0.030660,51.06250,51.75000,53.00000,-0.030660
25785,1999-10-08,F,FORD MOTOR CO DEL,,,51.12500,52.12500,52.12500,2005500,0.014599,51.81250,52.37500,51.62500,0.014599
25785,1999-10-11,F,FORD MOTOR CO DEL,,,52.56250,53.68750,53.00000,2266500,0.016787,53.00000,53.31250,52.75000,0.016787
25785,1999-10-12,F,FORD MOTOR CO DEL,,,52.75000,53.81250,52.93750,2046899,-0.001179,52.62500,53.25000,53.06250,-0.001179
25785,1999-10-13,F,FORD MOTOR CO DEL,,,52.56250,53.25000,52.75000,2191099,-0.003542,52.43750,52.87500,52.56250,-0.003542
25785,1999-10-14,F,FORD MOTOR CO DEL,,,52.37500,54.00000,53.06250,3176500,0.005924,52.75000,53.31250,52.81250,0.005924
25785,1999-10-15,F,FORD MOTOR CO DEL,,,49.62500,52.50000,50.56250,2712899,-0.047114,50.62500,50.87500,52.50000,-0.047114
25785,1999-10-18,F,FORD MOTOR CO DEL,,,50.62500,52.12500,52.06250,2442000,0.029666,52.06250,52.25000,50.62500,0.029666
25785,1999-10-19,F,FORD MOTOR CO DEL,,,52.75000,53.56250,52.81250,2711199,0.014406,52.81250,53.06250,53.25000,0.014406
25785,1999-10-20,F,FORD MOTOR CO DEL,,,52.93750,53.62500,53.12500,2024000,0.005917,52.81250,53.43750,53.00000,0.005917
25785,1999-10-21,F,FORD MOTOR CO DEL,,,52.25000,53.25000,53.12500,1404899,0.000000,52.81250,53.50000,53.18750,0.000000
25785,1999-10-22,F,FORD MOTOR CO DEL,,,53.12500,54.06250,53.87500,1681299,0.014118,53.75000,53.93750,53.31250,0.014118
25785,1999-10-25,F,FORD MOTOR CO DEL,,,53.12500,54.50000,54.06250,1604899,0.003480,54.00000,54.37500,53.56250,0.003480
25785,1999-10-26,F,FORD MOTOR CO DEL,,,53.75000,54.93750,54.00000,1866399,-0.001156,53.62500,54.31250,54.12500,-0.001156
25785,1999-10-27,F,FORD MOTOR CO DEL,,,52.00000,54.18750,53.50000,3001500,-0.009259,53.31250,53.93750,53.50000,-0.009259
25785,1999-10-28,F,FORD MOTOR CO DEL,,,53.12500,54.81250,54.56250,3402199,0.029206,54.25000,54.81250,53.12500,0.019860
25785,1999-10-29,F,FORD MOTOR CO DEL,,,54.81250,57.00000,54.87500,3709899,0.005727,54.00000,55.50000,55.25000,0.005727
25785,1999-11-01,F,FORD MOTOR CO DEL,,,54.43750,55.87500,54.62500,2053000,-0.004556,54.12500,55.12500,55.00000,-0.004556
25785,1999-11-02,F,FORD MOTOR CO DEL,,,54.37500,56.12500,54.37500,1823000,-0.004577,,,55.00000,-0.004577
25785,1999-11-03,F,FORD MOTOR CO DEL,,,53.12500,54.68750,53.75000,2450899,-0.011494,52.75000,54.37500,54.43750,-0.011494
25785,1999-11-04,F,FORD MOTOR CO DEL,,,53.06250,54.18750,53.06250,1906099,-0.012791,52.50000,53.50000,54.00000,-0.012791
25785,1999-11-05,F,FORD MOTOR CO DEL,,,53.12500,54.31250,53.68750,1955099,0.011779,,,53.62500,0.011779
25785,1999-11-08,F,FORD MOTOR CO DEL,,,53.12500,54.06250,53.62500,1265899,-0.001164,53.00000,54.00000,53.31250,-0.001164
25785,1999-11-09,F,FORD MOTOR CO DEL,,,53.56250,54.50000,54.06250,1320000,0.008159,53.00000,55.12500,54.43750,0.008159
25785,1999-11-10,F,FORD MOTOR CO DEL,,,53.31250,54.18750,53.75000,1752500,-0.005780,53.25000,54.25000,53.81250,-0.005780
25785,1999-11-11,F,FORD MOTOR CO DEL,,,52.93750,54.06250,53.25000,2377299,-0.009302,52.00000,54.00000,53.93750,-0.009302
25785,1999-11-12,F,FORD MOTOR CO DEL,,,53.31250,53.75000,53.37500,2260599,0.002347,52.87500,53.87500,53.75000,0.002347
25785,1999-11-15,F,FORD MOTOR CO DEL,,,53.31250,55.00000,54.62500,2154799,0.023419,53.37500,55.87500,53.37500,0.023419
25785,1999-11-16,F,FORD MOTOR CO DEL,,,54.37500,55.37500,54.62500,1945799,0.000000,54.00000,55.50000,54.75000,0.000000
25785,1999-11-17,F,FORD MOTOR CO DEL,,,52.56250,54.12500,52.62500,4084899,-0.036613,51.93750,53.31250,54.00000,-0.036613
25785,1999-11-18,F,FORD MOTOR CO DEL,,,50.25000,53.12500,50.75000,5989699,-0.035629,,,52.81250,-0.035629
25785,1999-11-19,F,FORD MOTOR CO DEL,,,50.06250,50.87500,50.43750,3982399,-0.006158,49.00000,52.00000,50.56250,-0.006158
25785,1999-11-22,F,FORD MOTOR CO DEL,,,50.25000,51.37500,50.68750,3249199,0.004957,50.00000,52.00000,50.62500,0.004957
25785,1999-11-23,F,FORD MOTOR CO DEL,,,50.50000,51.06250,50.56250,2685899,-0.002466,49.50000,51.00000,51.00000,-0.002466
25785,1999-11-24,F,FORD MOTOR CO DEL,,,50.12500,51.87500,51.56250,2545299,0.019778,,,50.50000,0.019778
25785,1999-11-26,F,FORD MOTOR CO DEL,,,50.62500,51.56250,50.62500,816100,-0.018182,50.50000,51.00000,51.50000,-0.018182
25785,1999-11-29,F,FORD MOTOR CO DEL,,,50.31250,51.56250,51.31250,2767099,0.013580,51.25000,51.93750,50.43750,0.013580
25785,1999-11-30,F,FORD MOTOR CO DEL,,,50.37500,51.68750,50.50000,2684800,-0.015834,50.25000,50.75000,51.00000,-0.015834
25785,1999-12-01,F,FORD MOTOR CO DEL,,,50.18750,50.93750,50.62500,2068500,0.002475,50.00000,51.43750,50.50000,0.002475
25785,1999-12-02,F,FORD MOTOR CO DEL,,,50.12500,52.00000,50.50000,3668199,-0.002469,50.00000,51.00000,51.43750,-0.002469
25785,1999-12-03,F,FORD MOTOR CO DEL,,,50.87500,52.93750,52.31250,3784000,0.035891,52.12500,52.50000,50.87500,0.035891
25785,1999-12-06,F,FORD MOTOR CO DEL,,,52.31250,53.50000,52.37500,2257199,0.001195,52.12500,52.50000,52.43750,0.001195
25785,1999-12-07,F,FORD MOTOR CO DEL,,,50.12500,51.68750,50.12500,3249699,-0.042959,50.12500,50.93750,51.50000,-0.042959
25785,1999-12-08,F,FORD MOTOR CO DEL,,,50.06250,50.75000,50.45313,2260899,0.006546,50.00000,51.00000,50.25000,0.006546
25785,1999-12-09,F,FORD MOTOR CO DEL,,,50.06250,50.75000,50.31250,2206199,-0.002787,50.12500,50.50000,50.56250,-0.002787
25785,1999-12-10,F,FORD MOTOR CO DEL,,,48.56250,50.18750,48.93750,3730299,-0.027329,48.75000,49.12500,50.06250,-0.027329
25785,1999-12-13,F,FORD MOTOR CO DEL,,,48.56250,49.50000,48.87500,2145599,-0.001277,48.37500,49.37500,49.00000,-0.001277
25785,1999-12-14,F,FORD MOTOR CO DEL,,,48.50000,49.50000,48.50000,2476099,-0.007673,47.00000,50.00000,48.93750,-0.007673
25785,1999-12-15,F,FORD MOTOR CO DEL,,,48.75000,50.43750,49.43750,4677399,0.019330,49.25000,49.62500,49.68750,0.019330
25785,1999-12-16,F,FORD MOTOR CO DEL,,,49.56250,50.43750,49.68750,3499899,0.005057,49.37500,50.00000,50.06250,0.005057
25785,1999-12-17,F,FORD MOTOR CO DEL,,,49.12500,50.43750,50.06250,5363699,0.007547,49.87500,50.25000,49.62500,0.007547
25785,1999-12-20,F,FORD MOTOR CO DEL,,,49.81250,50.93750,50.75000,3095799,0.013733,50.50000,50.87500,49.81250,0.013733
25785,1999-12-21,F,FORD MOTOR CO DEL,,,50.50000,50.81250,50.75000,1997399,0.000000,50.62500,51.00000,50.50000,0.000000
25785,1999-12-22,F,FORD MOTOR CO DEL,,,50.50000,51.56250,51.00000,2706500,0.004926,50.87500,51.25000,50.93750,0.004926
25785,1999-12-23,F,FORD MOTOR CO DEL,,,51.18750,53.00000,52.81250,2450299,0.035539,52.00000,52.81250,51.37500,0.035539
25785,1999-12-27,F,FORD MOTOR CO DEL,,,52.31250,53.56250,52.37500,2184399,-0.008284,52.12500,52.50000,53.00000,-0.008284
25785,1999-12-28,F,FORD MOTOR CO DEL,,,52.43750,52.93750,52.68750,1874199,0.005967,52.50000,52.87500,52.43750,0.005967
25785,1999-12-29,F,FORD MOTOR CO DEL,,,52.87500,53.75000,52.87500,1350099,0.003559,52.75000,53.25000,53.50000,0.003559
25785,1999-12-30,F,FORD MOTOR CO DEL,,,52.81250,53.93750,53.56250,1845099,0.013002,53.25000,53.62500,53.00000,0.013002
25785,1999-12-31,F,FORD MOTOR CO DEL,,,53.25000,53.62500,53.31250,662900,-0.004667,53.25000,53.62500,53.50000,-0.004667
25785,2000-01-03,F,FORD MOTOR CO DEL,,,52.12500,53.18750,52.37500,2227699,-0.017585,52.12500,52.62500,52.75000,-0.017585
25785,2000-01-04,F,FORD MOTOR CO DEL,,,50.31250,52.25000,50.62500,4024000,-0.033413,50.50000,50.87500,51.81250,-0.033413
25785,2000-01-05,F,FORD MOTOR CO DEL,,,50.75000,51.50000,50.81250,2768799,0.003704,50.62500,51.12500,51.00000,0.003704
25785,2000-01-06,F,FORD MOTOR CO DEL,,,50.37500,51.81250,50.87500,2497699,0.001230,50.00000,50.87500,51.00000,0.001230
25785,2000-01-07,F,FORD MOTOR CO DEL,,,52.12500,55.00000,54.62500,5092099,0.073710,54.50000,54.87500,52.50000,0.073710
25785,2000-01-10,F,FORD MOTOR CO DEL,,,53.00000,55.18750,53.62500,2723599,-0.018307,53.50000,53.87500,54.75000,-0.018307
25785,2000-01-11,F,FORD MOTOR CO DEL,,,51.75000,53.50000,52.18750,2325299,-0.026807,52.00000,52.50000,52.50000,-0.026807
25785,2000-01-12,F,FORD MOTOR CO DEL,,,52.43750,54.50000,53.68750,2703399,0.028743,53.37500,53.87500,52.43750,0.028743
25785,2000-01-13,F,FORD MOTOR CO DEL,,,52.87500,54.37500,53.06250,2159000,-0.011641,52.87500,53.37500,54.37500,-0.011641
25785,2000-01-14,F,FORD MOTOR CO DEL,,,51.12500,52.93750,51.75000,4106699,-0.024735,51.62500,52.12500,52.56250,-0.024735
25785,2000-01-18,F,FORD MOTOR CO DEL,,,53.12500,55.00000,54.25000,4272599,0.048309,54.12500,54.50000,53.75000,0.048309
25785,2000-01-19,F,FORD MOTOR CO DEL,,,52.81250,54.87500,53.43750,2481799,-0.014977,53.25000,53.62500,54.50000,-0.014977
25785,2000-01-20,F,FORD MOTOR CO DEL,,,51.50000,53.68750,51.87500,3741199,-0.029240,51.75000,51.93750,53.50000,-0.029240
25785,2000-01-21,F,FORD MOTOR CO DEL,,,50.31250,52.00000,50.43750,4948699,-0.027711,50.25000,50.62500,51.93750,-0.027711
25785,2000-01-24,F,FORD MOTOR CO DEL,,,50.37500,51.93750,51.12500,4353599,0.013631,50.87500,51.25000,51.81250,0.013631
25785,2000-01-25,F,FORD MOTOR CO DEL,,,49.12500,51.25000,50.12500,3587199,-0.019560,49.87500,50.37500,51.18750,-0.019560
25785,2000-01-26,F,FORD MOTOR CO DEL,,,47.31250,49.25000,48.00000,7983199,-0.042394,47.75000,48.00000,49.12500,-0.042394
25785,2000-01-27,F,FORD MOTOR CO DEL,,,48.68750,50.00000,49.93750,5924000,0.040365,49.81250,50.12500,49.31250,0.040365
25785,2000-01-28,F,FORD MOTOR CO DEL,,,48.81250,49.87500,49.00000,3313399,-0.008761,48.68750,49.06250,49.12500,-0.018773
25785,2000-01-31,F,FORD MOTOR CO DEL,,,49.12500,50.18750,49.75000,2693000,0.015306,49.50000,49.87500,49.81250,0.015306
25785,2000-02-01,F,FORD MOTOR CO DEL,,,48.50000,50.00000,49.81250,4074699,0.001256,49.62500,50.00000,49.62500,0.001256
25785,2000-02-02,F,FORD MOTOR CO DEL,,,47.93750,50.56250,48.62500,5492099,-0.023839,48.25000,48.62500,49.93750,-0.023839
25785,2000-02-03,F,FORD MOTOR CO DEL,,,47.81250,48.87500,48.75000,3459500,0.002571,48.50000,48.87500,47.87500,0.002571
25785,2000-02-04,F,FORD MOTOR CO DEL,,,48.00000,49.00000,48.06250,2368799,-0.014103,47.93750,48.37500,48.87500,-0.014103
25785,2000-02-07,F,FORD MOTOR CO DEL,,,47.18750,48.50000,47.93750,2051399,-0.002601,47.62500,47.93750,48.50000,-0.002601
25785,2000-02-08,F,FORD MOTOR CO DEL,,,48.00000,48.87500,48.12500,2883299,0.003911,47.87500,48.25000,48.37500,0.003911
25785,2000-02-09,F,FORD MOTOR CO DEL,,,47.12500,47.75000,47.18750,2480299,-0.019481,47.06250,47.37500,47.62500,-0.019481
25785,2000-02-10,F,FORD MOTOR CO DEL,,,46.06250,47.25000,47.00000,3189599,-0.003974,46.68750,47.00000,47.06250,-0.003974
25785,2000-02-11,F,FORD MOTOR CO DEL,,,45.18750,47.18750,46.12500,2911799,-0.018617,,,47.18750,-0.018617
25785,2000-02-14,F,FORD MOTOR CO DEL,,,45.00000,47.12500,47.06250,3138099,0.020325,46.00000,48.00000,46.00000,0.020325
25785,2000-02-15,F,FORD MOTOR CO DEL,,,45.43750,46.87500,46.37500,2530699,-0.014608,,,46.87500,-0.014608
25785,2000-02-16,F,FORD MOTOR CO DEL,,,45.25000,46.43750,46.31250,3246599,-0.001348,46.00000,46.31250,45.68750,-0.001348
25785,2000-02-17,F,FORD MOTOR CO DEL,,,45.25000,46.62500,45.87500,3353000,-0.009447,45.62500,46.00000,45.81250,-0.009447
25785,2000-02-18,F,FORD MOTOR CO DEL,,,43.37500,45.43750,43.37500,5003599,-0.054496,43.25000,43.62500,45.18750,-0.054496
25785,2000-02-22,F,FORD MOTOR CO DEL,,,43.50000,44.87500,44.06250,4035199,0.015850,43.93750,44.25000,44.37500,0.015850
25785,2000-02-23,F,FORD MOTOR CO DEL,,,43.00000,44.25000,43.00000,2089399,-0.024113,43.00000,44.00000,44.18750,-0.024113
25785,2000-02-24,F,FORD MOTOR CO DEL,,,41.18750,43.25000,42.50000,4777899,-0.011628,,,43.00000,-0.011628
25785,2000-02-25,F,FORD MOTOR CO DEL,,,42.25000,44.25000,42.93750,4497299,0.010294,42.75000,43.18750,42.37500,0.010294
25785,2000-02-28,F,FORD MOTOR CO DEL,,,42.56250,44.25000,42.68750,5045899,-0.005822,42.31250,43.00000,44.25000,-0.005822
25785,2000-02-29,F,FORD MOTOR CO DEL,,,41.18750,43.31250,41.62500,4209101,-0.024890,41.62500,41.81250,43.25000,-0.024890
25785,2000-03-01,F,FORD MOTOR CO DEL,,,41.06250,42.18750,42.00000,5282899,0.009009,41.75000,42.00000,41.87500,0.009009
25785,2000-03-02,F,FORD MOTOR CO DEL,,,41.12500,41.81250,41.37500,2951299,-0.014881,41.06250,41.50000,41.50000,-0.014881
25785,2000-03-03,F,FORD MOTOR CO DEL,,,41.31250,43.18750,42.68750,4573199,0.031722,42.50000,43.00000,41.37500,0.031722
25785,2000-03-06,F,FORD MOTOR CO DEL,,,41.50000,43.62500,41.93750,3865099,-0.017570,41.75000,42.06250,42.87500,-0.017570
25785,2000-03-07,F,FORD MOTOR CO DEL,,,40.62500,42.43750,41.12500,3782399,-0.019374,41.12500,41.31250,42.00000,-0.019374
25785,2000-03-08,F,FORD MOTOR CO DEL,,,40.25000,42.62500,42.56250,4303699,0.034954,42.37500,42.68750,41.12500,0.034954
25785,2000-03-09,F,FORD MOTOR CO DEL,,,40.81250,42.18750,41.62500,3247199,-0.022026,,,42.06250,-0.022026
25785,2000-03-10,F,FORD MOTOR CO DEL,,,40.62500,41.81250,41.06250,3307099,-0.013514,,,40.81250,-0.013514
25785,2000-03-13,F,FORD MOTOR CO DEL,,,40.50000,42.62500,42.56250,3263299,0.036530,42.37500,42.68750,40.56250,0.036530
25785,2000-03-14,F,FORD MOTOR CO DEL,,,40.25000,41.93750,40.25000,5376199,-0.054332,40.00000,41.00000,41.93750,-0.054332
25785,2000-03-15,F,FORD MOTOR CO DEL,,,40.87500,44.06250,44.06250,8223000,0.094720,44.00000,44.06250,41.00000,0.094720
25785,2000-03-16,F,FORD MOTOR CO DEL,,,42.75000,44.37500,43.81250,8041899,-0.005674,,,44.00000,-0.005674
25785,2000-03-17,F,FORD MOTOR CO DEL,,,44.25000,46.00000,44.62500,6629899,0.018545,43.00000,46.00000,44.43750,0.018545
25785,2000-03-20,F,FORD MOTOR CO DEL,,,43.12500,44.25000,43.75000,4236699,-0.019608,,,44.06250,-0.019608
25785,2000-03-21,F,FORD MOTOR CO DEL,,,42.75000,45.93750,45.81250,4975199,0.047143,45.62500,46.00000,43.06250,0.047143
25785,2000-03-22,F,FORD MOTOR CO DEL,,,43.25000,45.25000,43.93750,5086699,-0.040928,43.37500,45.00000,44.75000,-0.040928
25785,2000-03-23,F,FORD MOTOR CO DEL,,,43.68750,45.25000,44.50000,6825699,0.012802,44.00000,44.50000,43.81250,0.012802
25785,2000-03-24,F,FORD MOTOR CO DEL,,,44.00000,45.25000,44.62500,3508699,0.002809,,,44.00000,0.002809
25785,2000-03-27,F,FORD MOTOR CO DEL,,,43.93750,45.06250,44.18750,3146799,-0.009804,44.00000,44.25000,44.18750,-0.009804
25785,2000-03-28,F,FORD MOTOR CO DEL,,,43.68750,44.75000,44.50000,2843699,0.007072,44.18750,45.25000,43.87500,0.007072
25785,2000-03-29,F,FORD MOTOR CO DEL,,,44.68750,45.75000,44.81250,3304899,0.007022,44.81250,45.00000,44.68750,0.007022
25785,2000-03-30,F,FORD MOTOR CO DEL,,,45.18750,46.62500,46.62500,5407300,0.040446,46.25000,46.62500,45.75000,0.040446
25785,2000-03-31,F,FORD MOTOR CO DEL,,,45.68750,46.68750,45.93750,2801300,-0.014745,45.50000,48.31250,46.56250,-0.014745
25785,2000-04-03,F,FORD MOTOR CO DEL,,,46.75000,48.00000,47.00000,5108399,0.023129,46.81250,47.25000,46.75000,0.023129
25785,2000-04-04,F,FORD MOTOR CO DEL,,,46.68750,49.81250,49.06250,6954199,0.043883,48.81250,48.87500,48.75000,0.043883
25785,2000-04-05,F,FORD MOTOR CO DEL,,,48.00000,49.62500,49.31250,4251000,0.005096,49.06250,49.31250,48.68750,0.005096
25785,2000-04-06,F,FORD MOTOR CO DEL,,,49.62500,50.31250,49.93750,4485399,0.012674,,,49.87500,0.012674
25785,2000-04-07,F,FORD MOTOR CO DEL,,,48.25000,50.37500,48.37500,2461899,-0.031289,,,50.18750,-0.031289
25785,2000-04-10,F,FORD MOTOR CO DEL,,,49.50000,52.00000,51.06250,5591299,0.055556,50.00000,52.25000,49.75000,0.055556
25785,2000-04-11,F,FORD MOTOR CO DEL,,,50.62500,52.81250,51.93750,4524299,0.017136,51.00000,54.56250,50.68750,0.017136
25785,2000-04-12,F,FORD MOTOR CO DEL,,,52.81250,54.68750,53.62500,5616000,0.032491,,,52.93750,0.032491
25785,2000-04-13,F,FORD MOTOR CO DEL,,,52.50000,54.93750,54.43750,5609599,0.015152,54.18750,54.56250,53.75000,0.015152
25785,2000-04-14,F,FORD MOTOR CO DEL,,,50.25000,56.00000,51.37500,10362699,-0.056257,,,55.00000,-0.056257
25785,2000-04-17,F,FORD MOTOR CO DEL,,,52.00000,57.25000,57.06250,11813099,0.110706,56.81250,57.06250,53.87500,0.110706
25785,2000-04-18,F,FORD MOTOR CO DEL,,,54.37500,56.12500,55.25000,5251699,-0.031763,54.87500,55.37500,56.00000,-0.031763
25785,2000-04-19,F,FORD MOTOR CO DEL,,,54.25000,55.43750,55.00000,3551599,-0.004525,54.81250,55.12500,54.93750,-0.004525
25785,2000-04-20,F,FORD MOTOR CO DEL,,,54.75000,55.12500,55.12500,4024099,0.002273,54.75000,55.12500,55.00000,0.002273
25785,2000-04-24,F,FORD MOTOR CO DEL,,,54.37500,55.62500,55.31250,3053000,0.003401,55.00000,55.50000,54.68750,0.003401
25785,2000-04-25,F,FORD MOTOR CO DEL,,,54.68750,55.43750,55.00000,3183000,-0.005650,54.81250,55.12500,55.37500,-0.005650
25785,2000-04-26,F,FORD MOTOR CO DEL,,,54.12500,55.50000,55.00000,3886500,0.000000,54.81250,55.18750,55.06250,0.000000
25785,2000-04-27,F,FORD MOTOR CO DEL,,,53.50000,55.12500,55.12500,4480000,0.002273,54.75000,55.25000,54.81250,0.002273
25785,2000-04-28,F,FORD MOTOR CO DEL,,,54.31250,55.00000,54.75000,3135000,0.002268,54.50000,54.87500,55.00000,-0.006803
25785,2000-05-01,F,FORD MOTOR CO DEL,,,53.50000,54.93750,54.06250,2707500,-0.012557,53.93750,54.31250,54.93750,-0.012557
25785,2000-05-02,F,FORD MOTOR CO DEL,,,52.87500,53.93750,53.25000,2474399,-0.015029,53.06250,53.37500,53.50000,-0.015029
25785,2000-05-03,F,FORD MOTOR CO DEL,,,52.18750,53.37500,52.81250,3345299,-0.008216,52.62500,52.93750,53.00000,-0.008216
25785,2000-05-04,F,FORD MOTOR CO DEL,,,52.37500,53.25000,52.62500,3261799,-0.003550,52.50000,52.87500,52.75000,-0.003550
25785,2000-05-05,F,FORD MOTOR CO DEL,,,52.43750,54.00000,52.87500,2994599,0.004751,52.62500,53.00000,52.50000,0.004751
25785,2000-05-08,F,FORD MOTOR CO DEL,,,52.62500,53.87500,53.56250,2648000,0.013002,53.50000,53.68750,52.75000,0.013002
25785,2000-05-09,F,FORD MOTOR CO DEL,,,52.93750,54.00000,53.06250,4172000,-0.009335,52.81250,53.31250,53.56250,-0.009335
25785,2000-05-10,F,FORD MOTOR CO DEL,,,51.56250,53.68750,52.25000,3623599,-0.015312,51.93750,52.43750,53.25000,-0.015312
25785,2000-05-11,F,FORD MOTOR CO DEL,,,52.50000,53.62500,52.93750,1778099,0.013158,52.68750,53.06250,52.68750,0.013158
25785,2000-05-12,F,FORD MOTOR CO DEL,,,53.12500,53.68750,53.37500,2318099,0.008264,53.18750,53.56250,53.18750,0.008264
25785,2000-05-15,F,FORD MOTOR CO DEL,,,51.75000,53.31250,52.37500,3587899,-0.018735,51.93750,52.37500,53.31250,-0.018735
25785,2000-05-16,F,FORD MOTOR CO DEL,,,52.62500,53.75000,53.18750,3008599,0.015513,53.00000,53.31250,52.93750,0.015513
25785,2000-05-17,F,FORD MOTOR CO DEL,,,52.00000,52.81250,52.37500,2767000,-0.015276,52.12500,52.62500,52.81250,-0.015276
25785,2000-05-18,F,FORD MOTOR CO DEL,,,52.81250,53.81250,53.62500,3857199,0.023866,53.62500,53.81250,53.18750,0.023866
25785,2000-05-19,F,FORD MOTOR CO DEL,,,52.93750,54.62500,53.43750,3483500,-0.003497,53.18750,53.68750,52.93750,-0.003497
25785,2000-05-22,F,FORD MOTOR CO DEL,,,50.93750,52.93750,51.25000,4173099,-0.040936,51.06250,51.37500,52.87500,-0.040936
25785,2000-05-23,F,FORD MOTOR CO DEL,,,50.43750,51.37500,51.37500,3061500,0.002439,50.87500,51.50000,51.25000,0.002439
25785,2000-05-24,F,FORD MOTOR CO DEL,,,51.43750,52.87500,51.93750,2956399,0.010949,51.75000,52.12500,51.50000,0.010949
25785,2000-05-25,F,FORD MOTOR CO DEL,,,50.00000,51.81250,50.68750,2778699,-0.024067,50.68750,51.00000,51.81250,-0.024067
25785,2000-05-26,F,FORD MOTOR CO DEL,,,47.75000,51.00000,48.18750,5062199,-0.049322,45.75000,48.87500,50.81250,-0.049322
25785,2000-05-30,F,FORD MOTOR CO DEL,,,48.00000,49.25000,49.06250,3039000,0.018158,48.87500,49.18750,48.93750,0.018158
25785,2000-05-31,F,FORD MOTOR CO DEL,,,48.37500,50.00000,48.56250,2189100,-0.010191,48.31250,48.81250,49.18750,-0.010191
25785,2000-06-01,F,FORD MOTOR CO DEL,,,47.62500,49.75000,49.50000,4655500,0.019305,49.31250,49.68750,48.37500,0.019305
25785,2000-06-02,F,FORD MOTOR CO DEL,,,47.75000,50.68750,48.37500,4376599,-0.022727,48.06250,48.43750,49.75000,-0.022727
25785,2000-06-05,F,FORD MOTOR CO DEL,,,48.68750,51.56250,50.87500,3478699,0.051680,50.68750,51.00000,48.75000,0.051680
25785,2000-06-06,F,FORD MOTOR CO DEL,,,49.81250,50.87500,50.00000,3487000,-0.017199,49.75000,50.25000,50.87500,-0.017199
25785,2000-06-07,F,FORD MOTOR CO DEL,,,49.00000,50.00000,49.43750,2318000,-0.011250,49.18750,49.68750,50.00000,-0.011250
25785,2000-06-08,F,FORD MOTOR CO DEL,,,48.43750,49.87500,49.00000,2914299,-0.008850,48.81250,49.12500,49.31250,-0.008850
25785,2000-06-09,F,FORD MOTOR CO DEL,,,48.93750,49.81250,49.62500,2161699,0.012755,49.37500,49.87500,49.43750,0.012755
25785,2000-06-12,F,FORD MOTOR CO DEL,,,49.62500,50.62500,49.93750,1907299,0.006297,49.81250,50.00000,49.68750,0.006297
25785,2000-06-13,F,FORD MOTOR CO DEL,,,49.37500,50.43750,49.93750,1717899,0.000000,49.75000,50.00000,49.62500,0.000000
25785,2000-06-14,F,FORD MOTOR CO DEL,,,47.93750,49.68750,48.25000,2769699,-0.033792,48.18750,48.31250,49.50000,-0.033792
25785,2000-06-15,F,FORD MOTOR CO DEL,,,45.75000,48.12500,46.00000,4628299,-0.046632,45.87500,46.00000,48.00000,-0.046632
25785,2000-06-16,F,FORD MOTOR CO DEL,,,44.93750,46.43750,45.00000,4554599,-0.021739,44.93750,45.18750,46.00000,-0.021739
25785,2000-06-19,F,FORD MOTOR CO DEL,,,44.50000,45.75000,44.56250,3314699,-0.009722,44.50000,44.68750,45.06250,-0.009722
25785,2000-06-20,F,FORD MOTOR CO DEL,,,42.56250,43.87500,42.81250,4862199,-0.039271,42.62500,43.00000,43.50000,-0.039271
25785,2000-06-21,F,FORD MOTOR CO DEL,,,42.50000,43.93750,43.68750,3856899,0.020438,43.68750,43.87500,42.50000,0.020438
25785,2000-06-22,F,FORD MOTOR CO DEL,,,43.56250,44.25000,43.68750,2494899,0.000000,41.75000,42.31250,44.18750,0.000000
25785,2000-06-23,F,FORD MOTOR CO DEL,,,43.68750,44.43750,44.43750,1312799,0.017167,44.31250,44.50000,43.75000,0.017167
25785,2000-06-26,F,FORD MOTOR CO DEL,,,42.56250,44.87500,42.87500,2666899,-0.035162,42.81250,43.06250,44.43750,-0.035162
25785,2000-06-27,F,FORD MOTOR CO DEL,,,42.56250,44.31250,42.87500,3790599,0.000000,42.87500,43.12500,43.06250,0.000000
25785,2000-06-28,F,FORD MOTOR CO DEL,,,42.87500,44.00000,43.68750,2670299,0.018950,43.68750,43.75000,42.87500,0.018950
25785,2000-06-29,F,FORD MOTOR CO DEL,,,42.00000,44.00000,43.25000,3669199,0.031188,43.12500,43.43750,42.00000,0.031188
25785,2000-06-30,F,FORD MOTOR CO DEL,,,42.56250,43.56250,43.00000,3753800,-0.005780,42.87500,43.18750,42.68750,-0.005780
25785,2000-07-03,F,FORD MOTOR CO DEL,,,43.12500,44.25000,43.93750,1430199,0.021802,43.87500,44.06250,43.12500,0.021802
25785,2000-07-05,F,FORD MOTOR CO DEL,,,43.56250,45.50000,44.75000,4013199,0.018492,44.62500,45.06250,43.62500,0.018492
25785,2000-07-06,F,FORD MOTOR CO DEL,,,45.12500,47.18750,46.31250,4997099,0.034916,46.18750,46.56250,45.25000,0.034916
25785,2000-07-07,F,FORD MOTOR CO DEL,,,45.68750,46.50000,46.25000,3025299,-0.001350,46.12500,46.25000,46.25000,-0.001350
25785,2000-07-10,F,FORD MOTOR CO DEL,,,46.25000,47.12500,46.75000,2312699,0.010811,46.50000,46.75000,46.87500,0.010811
25785,2000-07-11,F,FORD MOTOR CO DEL,,,46.75000,47.93750,47.68750,2519500,0.020053,47.43750,47.62500,46.75000,0.020053
25785,2000-07-12,F,FORD MOTOR CO DEL,,,47.00000,48.37500,48.18750,2676000,0.010485,47.87500,48.18750,47.68750,0.010485
25785,2000-07-13,F,FORD MOTOR CO DEL,,,47.56250,48.31250,48.18750,2482799,0.000000,48.00000,48.18750,48.12500,0.000000
25785,2000-07-14,F,FORD MOTOR CO DEL,,,47.25000,48.25000,47.50000,2369099,-0.014267,47.37500,47.50000,48.18750,-0.014267
25785,2000-07-17,F,FORD MOTOR CO DEL,,,45.75000,47.50000,46.37500,2800000,-0.023684,46.25000,46.50000,47.50000,-0.023684
25785,2000-07-18,F,FORD MOTOR CO DEL,,,45.87500,47.50000,47.06250,2993799,0.014825,47.00000,47.31250,46.62500,0.014825
25785,2000-07-19,F,FORD MOTOR CO DEL,,,46.81250,48.62500,47.56250,3727699,0.010624,47.56250,47.68750,46.81250,0.010624
25785,2000-07-20,F,FORD MOTOR CO DEL,,,47.25000,48.00000,47.37500,2426699,-0.003942,47.31250,47.43750,47.56250,-0.003942
25785,2000-07-21,F,FORD MOTOR CO DEL,,,47.25000,47.81250,47.37500,2774599,0.000000,47.25000,47.37500,47.50000,0.000000
25785,2000-07-24,F,FORD MOTOR CO DEL,,,46.25000,47.31250,46.62500,4756699,-0.005277,46.50000,46.75000,46.87500,-0.015831
25785,2000-07-25,F,FORD MOTOR CO DEL,,,46.87500,47.87500,47.31250,2868699,0.014745,47.25000,47.50000,46.87500,0.014745
25785,2000-07-26,F,FORD MOTOR CO DEL,,,46.06250,47.31250,46.75000,5723599,-0.011889,46.62500,47.00000,47.31250,-0.011889
25785,2000-07-27,F,FORD MOTOR CO DEL,,,46.37500,47.18750,46.87500,3494899,0.002674,46.50000,47.00000,46.81250,0.002674
25785,2000-07-28,F,FORD MOTOR CO DEL,,,45.93750,46.68750,46.12500,2153000,-0.016000,46.00000,46.31250,46.56250,-0.016000
25785,2000-07-31,F,FORD MOTOR CO DEL,,,46.00000,46.75000,46.56250,3020600,0.009485,46.50000,46.62500,46.06250,0.009485
25785,2000-08-01,F,FORD MOTOR CO DEL,,,46.56250,46.87500,46.87500,3097799,0.006711,46.75000,47.00000,46.62500,0.006711
25785,2000-08-02,F,FORD MOTOR CO DEL,,,45.81250,47.00000,46.56250,2200699,-0.006667,46.43750,46.62500,47.00000,-0.006667
25785,2000-08-03,F,FORD MOTOR CO DEL,,,26.50000,29.50000,29.25000,4571199,0.087866,29.00000,29.25000,26.50000,0.087866
25785,2000-08-04,F,FORD MOTOR CO DEL,,,28.62500,30.00000,29.12500,3573299,-0.004274,29.00000,29.25000,29.25000,-0.004274
25785,2000-08-07,F,FORD MOTOR CO DEL,,,28.25000,29.18750,29.18750,2226000,0.002146,29.06250,29.12500,28.75000,0.002146
25785,2000-08-08,F,FORD MOTOR CO DEL,,,29.00000,29.56250,29.50000,2360399,0.010707,29.31250,29.50000,29.18750,0.010707
25785,2000-08-09,F,FORD MOTOR CO DEL,,,29.25000,29.87500,29.37500,10138500,-0.004237,29.31250,29.37500,29.81250,-0.004237
25785,2000-08-10,F,FORD MOTOR CO DEL,,,28.68750,29.50000,29.12500,8434399,-0.008511,29.12500,29.25000,29.50000,-0.008511
25785,2000-08-11,F,FORD MOTOR CO DEL,,,28.81250,29.50000,29.12500,5839799,0.000000,29.06250,29.12500,29.43750,0.000000
25785,2000-08-14,F,FORD MOTOR CO DEL,,,28.93750,29.43750,29.06250,7883699,-0.002146,28.93750,29.18750,29.25000,-0.002146
25785,2000-08-15,F,FORD MOTOR CO DEL,,,28.25000,29.06250,28.43750,12526899,-0.021505,28.31250,28.50000,29.06250,-0.021505
25785,2000-08-16,F,FORD MOTOR CO DEL,,,27.62500,28.87500,28.12500,8553799,-0.010989,28.00000,28.12500,28.50000,-0.010989
25785,2000-08-17,F,FORD MOTOR CO DEL,,,26.93750,27.93750,27.06250,8035199,-0.037778,27.00000,27.18750,27.87500,-0.037778
25785,2000-08-18,F,FORD MOTOR CO DEL,,,27.31250,27.75000,27.75000,6081000,0.025404,27.68750,27.75000,27.31250,0.025404
25785,2000-08-21,F,FORD MOTOR CO DEL,,,26.43750,27.87500,27.50000,7546899,-0.009009,27.43750,27.50000,27.75000,-0.009009
25785,2000-08-22,F,FORD MOTOR CO DEL,,,27.50000,28.31250,27.50000,8838799,0.000000,27.50000,27.68750,28.00000,0.000000
25785,2000-08-23,F,FORD MOTOR CO DEL,,,27.12500,27.50000,27.43750,4554199,-0.002273,27.37500,27.43750,27.50000,-0.002273
25785,2000-08-24,F,FORD MOTOR CO DEL,,,27.31250,28.25000,27.93750,4730699,0.018223,27.87500,28.00000,27.43750,0.018223
25785,2000-08-25,F,FORD MOTOR CO DEL,,,27.37500,28.06250,27.43750,4071699,-0.017897,27.43750,27.50000,28.00000,-0.017897
25785,2000-08-28,F,FORD MOTOR CO DEL,,,25.87500,27.50000,26.12500,10306899,-0.047836,26.12500,26.25000,27.37500,-0.047836
25785,2000-08-29,F,FORD MOTOR CO DEL,,,25.12500,26.56250,25.43750,11255699,-0.026316,25.43750,25.50000,26.56250,-0.026316
25785,2000-08-30,F,FORD MOTOR CO DEL,,,25.00000,26.31250,26.00000,11228699,0.022113,26.00000,26.06250,25.00000,0.022113
25785,2000-08-31,F,FORD MOTOR CO DEL,,,23.81250,25.62500,24.18750,28208096,-0.069712,24.12500,24.37500,25.56250,-0.069712
25785,2000-09-01,F,FORD MOTOR CO DEL,,,23.87500,25.12500,25.00000,19996992,0.033592,24.93750,25.00000,24.43750,0.033592
25785,2000-09-05,F,FORD MOTOR CO DEL,,,25.56250,26.50000,26.37500,17898288,0.055000,26.31250,26.50000,25.87500,0.055000
25785,2000-09-06,F,FORD MOTOR CO DEL,,,25.87500,27.12500,26.00000,12532799,-0.014218,26.00000,26.12500,26.81250,-0.014218
25785,2000-09-07,F,FORD MOTOR CO DEL,,,25.81250,26.75000,26.00000,12585399,0.000000,26.00000,26.18750,26.25000,0.000000
25785,2000-09-08,F,FORD MOTOR CO DEL,,,25.75000,26.43750,26.00000,8559699,0.000000,25.87500,26.06250,26.43750,0.000000
25785,2000-09-11,F,FORD MOTOR CO DEL,,,25.62500,26.37500,25.93750,5633299,-0.002404,25.87500,26.00000,26.31250,-0.002404
25785,2000-09-12,F,FORD MOTOR CO DEL,,,25.00000,25.93750,25.06250,8670699,-0.033735,25.06250,25.12500,25.50000,-0.033735
25785,2000-09-13,F,FORD MOTOR CO DEL,,,24.75000,25.37500,25.18750,10915899,0.004988,25.18750,25.25000,25.18750,0.004988
25785,2000-09-14,F,FORD MOTOR CO DEL,,,25.06250,26.50000,25.68750,10224099,0.019851,25.62500,25.68750,25.18750,0.019851
25785,2000-09-15,F,FORD MOTOR CO DEL,,,25.75000,26.43750,25.81250,11391899,0.004866,25.87500,25.93750,26.06250,0.004866
25785,2000-09-18,F,FORD MOTOR CO DEL,,,25.62500,26.25000,25.87500,8027099,0.002421,25.75000,25.87500,26.00000,0.002421
25785,2000-09-19,F,FORD MOTOR CO DEL,,,25.12500,26.00000,25.75000,4675899,-0.004831,25.81250,25.87500,25.87500,-0.004831
25785,2000-09-20,F,FORD MOTOR CO DEL,,,25.00000,25.75000,25.06250,6749699,-0.026699,25.00000,25.25000,25.68750,-0.026699
25785,2000-09-21,F,FORD MOTOR CO DEL,,,24.62500,25.20313,24.81250,6652199,-0.009975,24.75000,24.81250,25.00000,-0.009975
25785,2000-09-22,F,FORD MOTOR CO DEL,,,24.31250,25.50000,25.50000,7457899,0.027708,25.25000,25.43750,24.87500,0.027708
25785,2000-09-25,F,FORD MOTOR CO DEL,,,25.31250,25.81250,25.37500,5317500,-0.004902,25.31250,25.50000,25.50000,-0.004902
25785,2000-09-26,F,FORD MOTOR CO DEL,,,24.31250,25.62500,24.37500,7427299,-0.039409,24.37500,24.43750,25.18750,-0.039409
25785,2000-09-27,F,FORD MOTOR CO DEL,,,24.37500,25.12500,24.87500,5395599,0.020513,24.87500,25.00000,24.37500,0.020513
25785,2000-09-28,F,FORD MOTOR CO DEL,,,24.50000,25.62500,25.06250,5789199,0.007538,25.06250,25.25000,24.50000,0.007538
25785,2000-09-29,F,FORD MOTOR CO DEL,,,25.12500,26.12500,25.31250,7460101,0.009975,25.31250,25.50000,25.18750,0.009975
25785,2000-10-02,F,FORD MOTOR CO DEL,,,25.37500,26.43750,26.06250,5431299,0.029630,25.81250,26.50000,25.43750,0.029630
25785,2000-10-03,F,FORD MOTOR CO DEL,,,25.62500,26.93750,25.62500,5923399,-0.016787,25.31250,26.31250,26.37500,-0.016787
25785,2000-10-04,F,FORD MOTOR CO DEL,,,25.81250,26.68750,26.37500,5076599,0.029268,25.87500,26.37500,25.81250,0.029268
25785,2000-10-05,F,FORD MOTOR CO DEL,,,25.87500,26.50000,25.93750,5224299,-0.016588,25.43750,26.43750,26.18750,-0.016588
25785,2000-10-06,F,FORD MOTOR CO DEL,,,25.31250,25.81250,25.31250,4796000,-0.024096,24.81250,25.31250,25.68750,-0.024096
25785,2000-10-09,F,FORD MOTOR CO DEL,,,25.31250,26.12500,25.87500,4699599,0.022222,25.50000,26.25000,25.37500,0.022222
25785,2000-10-10,F,FORD MOTOR CO DEL,,,25.12500,25.87500,25.12500,4375500,-0.028986,24.68750,25.62500,25.87500,-0.028986
25785,2000-10-11,F,FORD MOTOR CO DEL,,,24.12500,25.18750,24.12500,5781399,-0.039801,24.00000,24.81250,25.18750,-0.039801
25785,2000-10-12,F,FORD MOTOR CO DEL,,,23.37500,24.50000,23.37500,6510599,-0.031088,23.25000,24.18750,24.06250,-0.031088
25785,2000-10-13,F,FORD MOTOR CO DEL,,,23.93750,25.43750,25.37500,5945699,0.085561,24.87500,25.87500,24.00000,0.085561
25785,2000-10-16,F,FORD MOTOR CO DEL,,,24.25000,25.06250,24.62500,3195199,-0.029557,24.50000,25.12500,25.06250,-0.029557
25785,2000-10-17,F,FORD MOTOR CO DEL,,,24.31250,24.93750,24.43750,3233899,-0.007614,23.93750,24.93750,24.31250,-0.007614
25785,2000-10-18,F,FORD MOTOR CO DEL,,,23.62500,25.43750,25.06250,5669199,0.025575,24.56250,25.50000,24.43750,0.025575
25785,2000-10-19,F,FORD MOTOR CO DEL,,,25.00000,26.00000,25.62500,5765599,0.022444,25.31250,26.06250,25.00000,0.022444
25785,2000-10-20,F,FORD MOTOR CO DEL,,,24.93750,25.62500,25.06250,4282199,-0.021951,24.56250,25.56250,24.93750,-0.021951
25785,2000-10-23,F,FORD MOTOR CO DEL,,,25.00000,25.68750,25.18750,3339000,0.004988,25.00000,25.43750,25.00000,0.004988
25785,2000-10-24,F,FORD MOTOR CO DEL,,,25.50000,26.62500,25.81250,3554799,0.024814,25.00000,25.87500,25.87500,0.024814
25785,2000-10-25,F,FORD MOTOR CO DEL,,,25.06250,25.87500,25.12500,2832099,-0.026634,24.62500,25.62500,25.81250,-0.026634
25785,2000-10-26,F,FORD MOTOR CO DEL,,,25.00000,25.43750,25.12500,4232000,0.000000,25.00000,25.50000,25.00000,0.000000
25785,2000-10-27,F,FORD MOTOR CO DEL,,,25.12500,25.62500,25.56250,3553699,0.017413,25.06250,26.06250,25.25000,0.017413
25785,2000-10-30,F,FORD MOTOR CO DEL,,,25.18750,27.00000,26.50000,8974799,0.048411,26.00000,27.00000,25.25000,0.036675
25785,2000-10-31,F,FORD MOTOR CO DEL,,,25.50000,27.00000,26.12500,7080398,-0.014151,25.62500,26.12500,26.43750,-0.014151
25785,2000-11-01,F,FORD MOTOR CO DEL,,,25.62500,26.50000,25.81250,4792799,-0.011962,25.37500,26.00000,25.68750,-0.011962
25785,2000-11-02,F,FORD MOTOR CO DEL,,,25.56250,26.25000,26.06250,4093699,0.009685,25.56250,26.50000,25.87500,0.009685
25785,2000-11-03,F,FORD MOTOR CO DEL,,,25.18750,26.18750,25.31250,4587199,-0.028777,25.00000,26.00000,25.81250,-0.028777
25785,2000-11-06,F,FORD MOTOR CO DEL,,,25.25000,26.75000,26.43750,5284399,0.044444,25.93750,26.93750,25.25000,0.044444
25785,2000-11-07,F,FORD MOTOR CO DEL,,,24.93750,26.06250,25.00000,7002199,-0.054374,25.06250,25.50000,25.37500,-0.054374
25785,2000-11-08,F,FORD MOTOR CO DEL,,,24.81250,26.12500,24.81250,5620899,-0.007500,24.68750,26.00000,25.06250,-0.007500
25785,2000-11-09,F,FORD MOTOR CO DEL,,,24.81250,25.62500,25.43750,4345199,0.025189,24.93750,25.93750,24.93750,0.025189
25785,2000-11-10,F,FORD MOTOR CO DEL,,,24.87500,25.31250,25.06250,3693699,-0.014742,24.56250,25.56250,25.18750,-0.014742
25785,2000-11-13,F,FORD MOTOR CO DEL,,,24.87500,25.87500,25.31250,3675799,0.009975,24.81250,25.81250,24.87500,0.009975
25785,2000-11-14,F,FORD MOTOR CO DEL,,,25.00000,25.81250,25.31250,3317599,0.000000,24.81250,25.81250,25.00000,0.000000
25785,2000-11-15,F,FORD MOTOR CO DEL,,,25.12500,26.43750,26.25000,5936000,0.037037,25.75000,26.25000,25.12500,0.037037
25785,2000-11-16,F,FORD MOTOR CO DEL,,,25.00000,25.93750,25.00000,5392699,-0.047619,24.75000,25.62500,25.81250,-0.047619
25785,2000-11-17,F,FORD MOTOR CO DEL,,,24.87500,25.25000,24.93750,5177699,-0.002500,24.43750,25.43750,25.00000,-0.002500
25785,2000-11-20,F,FORD MOTOR CO DEL,,,23.50000,24.87500,23.50000,6370399,-0.057644,23.00000,24.00000,24.87500,-0.057644
25785,2000-11-21,F,FORD MOTOR CO DEL,,,23.87500,24.75000,24.37500,4979399,0.037234,23.50000,24.37500,23.87500,0.037234
25785,2000-11-22,F,FORD MOTOR CO DEL,,,23.75000,24.12500,23.81250,2713099,-0.023077,23.31250,24.00000,24.06250,-0.023077
25785,2000-11-24,F,FORD MOTOR CO DEL,,,23.81250,24.37500,24.06250,1024300,0.010499,23.56250,24.56250,23.87500,0.010499
25785,2000-11-27,F,FORD MOTOR CO DEL,,,23.87500,24.93750,24.56250,3359099,0.020779,24.25000,25.06250,23.87500,0.020779
25785,2000-11-28,F,FORD MOTOR CO DEL,,,24.12500,24.93750,24.12500,3531099,-0.017812,23.87500,24.87500,24.68750,-0.017812
25785,2000-11-29,F,FORD MOTOR CO DEL,,,24.37500,24.75000,24.43750,2770699,0.012953,23.93750,24.75000,24.37500,0.012953
25785,2000-11-30,F,FORD MOTOR CO DEL,,,22.56250,23.93750,22.75000,8213199,-0.069054,23.00000,23.25000,23.62500,-0.069054
25785,2000-12-01,F,FORD MOTOR CO DEL,,,23.00000,24.56250,24.18750,7976600,0.063187,24.00000,24.50000,23.62500,0.063187
25785,2000-12-04,F,FORD MOTOR CO DEL,,,22.81250,24.37500,23.81250,6196600,-0.015504,,,23.00000,-0.015504
25785,2000-12-05,F,FORD MOTOR CO DEL,,,23.31250,24.81250,24.75000,6770500,0.039370,24.25000,24.50000,23.75000,0.039370
25785,2000-12-06,F,FORD MOTOR CO DEL,,,23.50000,24.25000,23.87500,6054700,-0.035354,23.75000,24.37500,23.75000,-0.035354
25785,2000-12-07,F,FORD MOTOR CO DEL,,,23.81250,24.50000,24.00000,4569900,0.005236,23.50000,24.50000,23.87500,0.005236
25785,2000-12-08,F,FORD MOTOR CO DEL,,,23.68750,24.50000,24.12500,3727400,0.005208,23.75000,24.62500,24.00000,0.005208
25785,2000-12-11,F,FORD MOTOR CO DEL,,,23.56250,24.18750,23.87500,3334400,-0.010363,23.50000,25.00000,23.75000,-0.010363
25785,2000-12-12,F,FORD MOTOR CO DEL,,,23.56250,24.25000,23.62500,4245800,-0.010471,23.12500,24.12500,23.56250,-0.010471
25785,2000-12-13,F,FORD MOTOR CO DEL,,,23.25000,24.06250,23.62500,5728700,0.000000,23.12500,24.12500,23.31250,0.000000
25785,2000-12-14,F,FORD MOTOR CO DEL,,,23.18750,23.93750,23.25000,5470100,-0.015873,22.75000,23.75000,23.62500,-0.015873
25785,2000-12-15,F,FORD MOTOR CO DEL,,,22.12500,23.62500,22.50000,8465100,-0.032258,22.56250,23.00000,22.18750,-0.032258
25785,2000-12-18,F,FORD MOTOR CO DEL,,,22.93750,23.68750,23.50000,5041900,0.044444,23.00000,23.50000,23.06250,0.044444
25785,2000-12-19,F,FORD MOTOR CO DEL,,,23.31250,23.87500,23.56250,4097500,0.002660,23.06250,24.06250,23.81250,0.002660
25785,2000-12-20,F,FORD MOTOR CO DEL,,,21.68750,23.25000,22.12500,7916000,-0.061008,21.62500,22.62500,23.12500,-0.061008
25785,2000-12-21,F,FORD MOTOR CO DEL,,,22.18750,24.18750,24.18750,9169100,0.093220,,,22.43750,0.093220
25785,2000-12-22,F,FORD MOTOR CO DEL,,,22.31250,24.00000,22.81250,8402800,-0.056848,22.50000,23.25000,22.75000,-0.056848
25785,2000-12-26,F,FORD MOTOR CO DEL,,,22.75000,24.12500,24.00000,5520200,0.052055,23.00000,24.50000,22.81250,0.052055
25785,2000-12-27,F,FORD MOTOR CO DEL,,,23.18750,23.81250,23.56250,5228800,-0.018229,23.06250,24.00000,23.25000,-0.018229
25785,2000-12-28,F,FORD MOTOR CO DEL,,,23.81250,24.31250,24.25000,3995500,0.029178,23.75000,24.50000,23.81250,0.029178
25785,2000-12-29,F,FORD MOTOR CO DEL,,,23.31250,24.06250,23.43750,4746800,-0.033505,23.37500,23.93750,24.06250,-0.033505
25785,2001-01-02,F,FORD MOTOR CO DEL,,,23.75000,24.93750,24.31250,5226500,0.037333,23.81250,24.81250,23.81250,0.037333
25785,2001-01-03,F,FORD MOTOR CO DEL,,,23.87500,25.50000,25.12500,11157800,0.033419,24.62500,25.50000,24.56250,0.033419
25785,2001-01-04,F,FORD MOTOR CO DEL,,,25.43750,28.00000,26.93750,14896200,0.072139,26.43750,27.43750,28.00000,0.072139
25785,2001-01-05,F,FORD MOTOR CO DEL,,,25.87500,27.00000,26.25000,6710900,-0.025522,25.75000,26.75000,27.00000,-0.025522
25785,2001-01-08,F,FORD MOTOR CO DEL,,,24.93750,26.00000,25.62500,5900300,-0.023810,25.12500,26.00000,25.43750,-0.023810
25785,2001-01-09,F,FORD MOTOR CO DEL,,,25.56250,26.75000,26.43750,7254400,0.031707,26.00000,26.93750,25.75000,0.031707
25785,2001-01-10,F,FORD MOTOR CO DEL,,,25.56250,26.50000,26.25000,6974400,-0.007092,25.75000,26.25000,25.62500,-0.007092
25785,2001-01-11,F,FORD MOTOR CO DEL,,,25.93750,27.62500,26.93750,6835600,0.026190,26.43750,27.43750,26.06250,0.026190
25785,2001-01-12,F,FORD MOTOR CO DEL,,,25.87500,27.06250,26.37500,5003000,-0.020882,25.87500,26.87500,27.00000,-0.020882
25785,2001-01-16,F,FORD MOTOR CO DEL,,,26.00000,27.43750,27.12500,6242700,0.028436,26.62500,27.62500,26.37500,0.028436
25785,2001-01-17,F,FORD MOTOR CO DEL,,,26.62500,27.50000,26.87500,3039000,-0.009217,26.37500,27.37500,27.37500,-0.009217
25785,2001-01-18,F,FORD MOTOR CO DEL,,,26.56250,27.81250,27.18750,5065400,0.011628,26.68750,27.68750,26.56250,0.011628
25785,2001-01-19,F,FORD MOTOR CO DEL,,,25.93750,27.00000,26.31250,6563300,-0.032184,26.25000,26.75000,26.75000,-0.032184
25785,2001-01-22,F,FORD MOTOR CO DEL,,,26.12500,27.18750,27.12500,4243600,0.030879,26.62500,27.62500,26.31250,0.030879
25785,2001-01-23,F,FORD MOTOR CO DEL,,,26.87500,27.37500,27.00000,3482100,-0.004608,26.56250,27.50000,27.37500,-0.004608
25785,2001-01-24,F,FORD MOTOR CO DEL,,,27.00000,28.00000,27.75000,5593000,0.027778,27.31250,28.93750,27.12500,0.027778
25785,2001-01-25,F,FORD MOTOR CO DEL,,,27.56250,28.25000,28.06250,5915800,0.011261,27.56250,28.43750,27.68750,0.011261
25785,2001-01-26,F,FORD MOTOR CO DEL,,,27.56250,28.25000,28.00000,4187200,0.008463,27.50000,28.50000,27.93750,-0.002227
25785,2001-01-29,F,FORD MOTOR CO DEL,,,27.66000,28.32000,28.29000,3326800,0.010357,27.79000,28.79000,27.85000,0.010357
25785,2001-01-30,F,FORD MOTOR CO DEL,,,27.63000,28.74000,28.30000,4020200,0.000353,28.25000,28.40000,28.02000,0.000353
25785,2001-01-31,F,FORD MOTOR CO DEL,,,27.90000,28.65000,28.19000,4553600,-0.003887,27.69000,28.40000,28.35000,-0.003887
25785,2001-02-01,F,FORD MOTOR CO DEL,,,27.70000,28.42000,28.37000,3507100,0.006385,27.85000,28.25000,27.92000,0.006385
25785,2001-02-02,F,FORD MOTOR CO DEL,,,27.87000,28.31000,28.01000,4275600,-0.012689,27.53000,28.49000,28.25000,-0.012689
25785,2001-02-05,F,FORD MOTOR CO DEL,,,28.07000,28.75000,28.45000,4061600,0.015709,27.95000,28.69000,28.10000,0.015709
25785,2001-02-06,F,FORD MOTOR CO DEL,,,28.40000,28.91000,28.74000,4603800,0.010193,28.24000,28.83000,28.45000,0.010193
25785,2001-02-07,F,FORD MOTOR CO DEL,,,27.25000,28.65000,27.26000,6834200,-0.051496,27.16000,27.76000,28.25000,-0.051496
25785,2001-02-08,F,FORD MOTOR CO DEL,,,27.72000,28.25000,28.01000,5327100,0.027513,27.51000,28.51000,27.95000,0.027513
25785,2001-02-09,F,FORD MOTOR CO DEL,,,26.80000,28.05000,26.92000,4210900,-0.038915,27.20000,27.40000,28.05000,-0.038915
25785,2001-02-12,F,FORD MOTOR CO DEL,,,27.30000,28.00000,27.80000,5888100,0.032689,27.30000,28.30000,27.34000,0.032689
25785,2001-02-13,F,FORD MOTOR CO DEL,,,27.55000,28.09000,27.92000,3332000,0.004317,27.62000,28.22000,27.95000,0.004317
25785,2001-02-14,F,FORD MOTOR CO DEL,,,27.79000,28.47000,27.86000,4509100,-0.002149,27.36000,28.36000,27.94000,-0.002149
25785,2001-02-15,F,FORD MOTOR CO DEL,,,27.87000,28.29000,28.00000,4265400,0.005025,27.50000,28.00000,28.18000,0.005025
25785,2001-02-16,F,FORD MOTOR CO DEL,,,27.60000,28.24000,27.60000,4200400,-0.014286,27.10000,28.10000,27.80000,-0.014286
25785,2001-02-20,F,FORD MOTOR CO DEL,,,27.61000,28.46000,27.71000,4845000,0.003985,27.30000,28.15000,27.65000,0.003985
25785,2001-02-21,F,FORD MOTOR CO DEL,,,27.53000,28.35000,27.68000,3677600,-0.001083,27.63000,28.18000,27.53000,-0.001083
25785,2001-02-22,F,FORD MOTOR CO DEL,,,27.12000,27.97000,27.51000,4769700,-0.006142,27.01000,28.01000,27.70000,-0.006142
25785,2001-02-23,F,FORD MOTOR CO DEL,,,27.28000,28.65000,28.35000,7048500,0.030534,27.85000,28.85000,27.35000,0.030534
25785,2001-02-26,F,FORD MOTOR CO DEL,,,28.00000,29.00000,28.60000,6265700,0.008818,28.15000,29.10000,28.45000,0.008818
25785,2001-02-27,F,FORD MOTOR CO DEL,,,28.26000,28.73000,28.43000,4132700,-0.005944,27.93000,28.93000,28.60000,-0.005944
25785,2001-02-28,F,FORD MOTOR CO DEL,,,27.50000,28.97000,27.81000,4803100,-0.021808,27.60000,28.29000,28.90000,-0.021808
25785,2001-03-01,F,FORD MOTOR CO DEL,,,27.80000,28.51000,28.21000,6285400,0.014383,27.75000,28.69000,27.81000,0.014383
25785,2001-03-02,F,FORD MOTOR CO DEL,,,27.98000,28.60000,28.06000,4060600,-0.005317,28.06000,28.56000,28.21000,-0.005317
25785,2001-03-05,F,FORD MOTOR CO DEL,,,27.65000,28.48000,28.30000,2932300,0.008553,27.80000,28.80000,27.65000,0.008553
25785,2001-03-06,F,FORD MOTOR CO DEL,,,28.50000,29.25000,29.04000,4536700,0.026148,28.54000,29.54000,28.80000,0.026148
25785,2001-03-07,F,FORD MOTOR CO DEL,,,28.91000,29.18000,29.08000,3986500,0.001377,28.58000,29.58000,29.02000,0.001377
25785,2001-03-08,F,FORD MOTOR CO DEL,,,28.93000,30.50000,30.35000,11033100,0.043673,29.90000,30.85000,29.09000,0.043673
25785,2001-03-09,F,FORD MOTOR CO DEL,,,29.91000,30.45000,30.10000,7359500,-0.008237,29.60000,30.60000,30.17000,-0.008237
25785,2001-03-12,F,FORD MOTOR CO DEL,,,29.77000,31.37000,30.25000,8059200,0.004983,29.75000,30.73000,30.05000,0.004983
25785,2001-03-13,F,FORD MOTOR CO DEL,,,29.43000,30.50000,29.84000,5677000,-0.013554,29.34000,30.30000,30.13000,-0.013554
25785,2001-03-14,F,FORD MOTOR CO DEL,,,28.69000,30.25000,28.69000,8795200,-0.038539,28.25000,29.19000,29.10000,-0.038539
25785,2001-03-15,F,FORD MOTOR CO DEL,,,28.12000,28.67000,28.60000,5616100,-0.003137,28.10000,29.05000,28.12000,-0.003137
25785,2001-03-16,F,FORD MOTOR CO DEL,,,27.95000,29.00000,28.43000,7993400,-0.005944,27.93000,28.93000,27.95000,-0.005944
25785,2001-03-19,F,FORD MOTOR CO DEL,,,28.40000,30.09000,29.81000,5152000,0.048540,29.31000,30.31000,28.40000,0.048540
25785,2001-03-20,F,FORD MOTOR CO DEL,,,28.75000,30.04000,28.82000,5885600,-0.033210,28.32000,29.32000,29.58000,-0.033210
25785,2001-03-21,F,FORD MOTOR CO DEL,,,28.05000,29.33000,28.25000,5222700,-0.019778,28.00000,28.75000,29.05000,-0.019778
25785,2001-03-22,F,FORD MOTOR CO DEL,,,27.02000,28.10000,27.81000,7059400,-0.015575,27.30000,28.20000,28.00000,-0.015575
25785,2001-03-23,F,FORD MOTOR CO DEL,,,27.07000,28.10000,27.90000,5035700,0.003236,28.00000,28.38000,28.00000,0.003236
25785,2001-03-26,F,FORD MOTOR CO DEL,,,28.40000,29.55000,28.99000,3820100,0.039068,28.49000,29.49000,28.60000,0.039068
25785,2001-03-27,F,FORD MOTOR CO DEL,,,27.74000,28.40000,28.12000,8785400,-0.030010,28.00000,28.44000,28.10000,-0.030010
25785,2001-03-28,F,FORD MOTOR CO DEL,,,27.78000,28.42000,27.94000,4944000,-0.006401,27.44000,28.44000,28.25000,-0.006401
25785,2001-03-29,F,FORD MOTOR CO DEL,,,27.52000,28.67000,28.49000,4983300,0.019685,27.99000,28.99000,27.99000,0.019685
25785,2001-03-30,F,FORD MOTOR CO DEL,,,27.77000,28.65000,28.12000,3807000,-0.012987,28.12000,29.00000,28.39000,-0.012987
25785,2001-04-02,F,FORD MOTOR CO DEL,,,27.75000,28.80000,28.61000,5252400,0.017425,28.11000,29.11000,27.80000,0.017425
25785,2001-04-03,F,FORD MOTOR CO DEL,,,27.29000,28.32000,27.37000,5128500,-0.043341,26.87000,27.87000,28.17000,-0.043341
25785,2001-04-04,F,FORD MOTOR CO DEL,,,27.87000,28.63000,28.57000,7200800,0.043844,28.07000,29.07000,27.88000,0.043844
25785,2001-04-05,F,FORD MOTOR CO DEL,,,27.98000,28.80000,28.35000,5531000,-0.007700,27.85000,28.85000,28.70000,-0.007700
25785,2001-04-06,F,FORD MOTOR CO DEL,,,27.50000,28.14000,27.80000,5084400,-0.019400,27.30000,28.30000,27.78000,-0.019400
25785,2001-04-09,F,FORD MOTOR CO DEL,,,27.95000,29.00000,29.00000,4417500,0.043165,28.50000,29.50000,28.05000,0.043165
25785,2001-04-10,F,FORD MOTOR CO DEL,,,28.65000,29.90000,28.96000,4635700,-0.001379,28.75000,29.46000,28.90000,-0.001379
25785,2001-04-11,F,FORD MOTOR CO DEL,,,27.65000,28.96000,28.18000,7375700,-0.026934,27.68000,28.68000,28.96000,-0.026934
25785,2001-04-12,F,FORD MOTOR CO DEL,,,28.03000,29.03000,29.00000,5149100,0.029099,28.50000,29.50000,28.35000,0.029099
25785,2001-04-16,F,FORD MOTOR CO DEL,,,28.51000,29.18000,29.18000,3531600,0.006207,28.70000,29.68000,28.85000,0.006207
25785,2001-04-17,F,FORD MOTOR CO DEL,,,28.80000,29.25000,28.88000,3264500,-0.010281,28.40000,29.38000,28.80000,-0.010281
25785,2001-04-18,F,FORD MOTOR CO DEL,,,29.25000,31.42000,30.71000,11627300,0.063366,30.21000,31.21000,29.50000,0.063366
25785,2001-04-19,F,FORD MOTOR CO DEL,,,29.92000,30.68000,30.30000,6808000,-0.013351,29.80000,30.80000,30.00000,-0.013351
25785,2001-04-20,F,FORD MOTOR CO DEL,,,29.90000,30.35000,30.00000,5214500,-0.009901,29.50000,30.50000,30.08000,-0.009901
25785,2001-04-23,F,FORD MOTOR CO DEL,,,29.93000,30.41000,30.06000,3574900,0.002000,29.60000,30.56000,30.00000,0.002000
25785,2001-04-24,F,FORD MOTOR CO DEL,,,29.67000,30.35000,29.67000,4248900,-0.012974,29.67000,30.50000,30.00000,-0.012974
25785,2001-04-25,F,FORD MOTOR CO DEL,,,27.90000,28.92000,28.80000,7978500,-0.029323,28.30000,29.30000,28.75000,-0.029323
25785,2001-04-26,F,FORD MOTOR CO DEL,,,28.75000,29.73000,29.20000,7514100,0.013889,28.50000,29.70000,28.98000,0.013889
25785,2001-04-27,F,FORD MOTOR CO DEL,,,28.91000,29.61000,29.61000,4728800,0.014041,29.59000,29.63000,29.00000,0.014041
25785,2001-04-30,F,FORD MOTOR CO DEL,,,28.95000,29.92000,29.48000,5593100,0.005741,28.98000,29.98000,29.25000,-0.004390
25785,2001-05-01,F,FORD MOTOR CO DEL,,,28.00000,29.14000,28.30000,8231900,-0.040027,27.80000,28.80000,28.80000,-0.040027
25785,2001-05-02,F,FORD MOTOR CO DEL,,,28.18000,29.43000,29.25000,8037600,0.033569,28.75000,29.75000,28.37000,0.033569
25785,2001-05-03,F,FORD MOTOR CO DEL,,,28.35000,29.05000,28.70000,3601000,-0.018803,28.20000,29.20000,29.05000,-0.018803
25785,2001-05-04,F,FORD MOTOR CO DEL,,,28.25000,29.20000,29.08000,3354400,0.013240,28.58000,29.25000,28.38000,0.013240
25785,2001-05-07,F,FORD MOTOR CO DEL,,,28.20000,28.82000,28.45000,4490200,-0.021664,28.00000,28.85000,28.45000,-0.021664
25785,2001-05-08,F,FORD MOTOR CO DEL,,,27.96000,28.43000,28.16000,4498800,-0.010193,28.16000,28.56000,28.41000,-0.010193
25785,2001-05-09,F,FORD MOTOR CO DEL,,,27.99000,28.72000,28.08000,4461800,-0.002841,27.58000,28.75000,28.16000,-0.002841
25785,2001-05-10,F,FORD MOTOR CO DEL,,,28.22000,28.87000,28.42000,5140400,0.012108,28.10000,29.00000,28.38000,0.012108
25785,2001-05-11,F,FORD MOTOR CO DEL,,,27.57000,28.51000,27.82000,4201800,-0.021112,27.83000,28.32000,28.42000,-0.021112
25785,2001-05-14,F,FORD MOTOR CO DEL,,,27.42000,28.28000,27.80000,3577600,-0.000719,27.30000,28.30000,28.00000,-0.000719
25785,2001-05-15,F,FORD MOTOR CO DEL,,,27.66000,28.30000,27.96000,4593900,0.005755,27.46000,28.46000,28.30000,0.005755
25785,2001-05-16,F,FORD MOTOR CO DEL,,,27.35000,28.35000,28.09000,6705600,0.004650,27.59000,28.59000,27.35000,0.004650
25785,2001-05-17,F,FORD MOTOR CO DEL,,,27.25000,28.25000,27.56000,7315700,-0.018868,27.06000,28.06000,28.18000,-0.018868
25785,2001-05-18,F,FORD MOTOR CO DEL,,,26.88000,27.73000,27.13000,6536000,-0.015602,26.63000,27.00000,27.60000,-0.015602
25785,2001-05-21,F,FORD MOTOR CO DEL,,,26.00000,26.68000,26.65000,12911900,-0.017693,26.50000,26.68000,26.30000,-0.017693
25785,2001-05-22,F,FORD MOTOR CO DEL,,,25.70000,26.25000,25.98000,10745500,-0.025141,25.85000,25.90000,26.25000,-0.025141
25785,2001-05-23,F,FORD MOTOR CO DEL,,,24.74000,25.80000,25.79000,13937100,-0.007313,25.62000,25.89000,25.12000,-0.007313
25785,2001-05-24,F,FORD MOTOR CO DEL,,,25.04000,25.65000,25.65000,8317500,-0.005429,25.36000,25.41000,25.11000,-0.005429
25785,2001-05-25,F,FORD MOTOR CO DEL,,,24.52000,25.26000,24.74000,7846400,-0.035478,24.72000,24.83000,25.12000,-0.035478
25785,2001-05-29,F,FORD MOTOR CO DEL,,,24.57000,25.14000,24.99000,5307500,0.010105,24.89000,25.00000,24.58000,0.010105
25785,2001-05-30,F,FORD MOTOR CO DEL,,,24.05000,24.98000,24.60000,6207800,-0.015606,24.44500,24.73500,24.79000,-0.015606
25785,2001-05-31,F,FORD MOTOR CO DEL,,,24.15000,24.83000,24.35000,5977700,-0.010163,24.28000,24.45000,24.82000,-0.010163
25785,2001-06-01,F,FORD MOTOR CO DEL,,,24.08000,24.59000,24.59000,5374400,0.009856,24.41500,24.58000,24.30000,0.009856
25785,2001-06-04,F,FORD MOTOR CO DEL,,,24.23000,24.79000,24.59000,5529700,0.000000,24.52000,24.60000,24.79000,0.000000
25785,2001-06-05,F,FORD MOTOR CO DEL,,,24.07000,24.55000,24.22000,5422000,-0.015047,24.15000,24.34000,24.50000,-0.015047
25785,2001-06-06,F,FORD MOTOR CO DEL,,,24.05000,24.69000,24.22000,6435100,0.000000,24.15000,24.33000,24.07000,0.000000
25785,2001-06-07,F,FORD MOTOR CO DEL,,,23.77000,24.17000,24.14000,6091900,-0.003303,24.05000,24.15000,24.08000,-0.003303
25785,2001-06-08,F,FORD MOTOR CO DEL,,,23.75000,24.14000,24.00000,2742300,-0.005799,24.00000,24.08000,24.13000,-0.005799
25785,2001-06-11,F,FORD MOTOR CO DEL,,,24.51000,25.04000,24.83000,8864200,0.034583,24.80000,24.95000,24.55000,0.034583
25785,2001-06-12,F,FORD MOTOR CO DEL,,,24.52000,24.92000,24.66000,5735100,-0.006847,24.58000,24.80000,24.63000,-0.006847
25785,2001-06-13,F,FORD MOTOR CO DEL,,,24.56000,25.25000,24.58000,5834700,-0.003244,24.55000,24.82000,24.77000,-0.003244
25785,2001-06-14,F,FORD MOTOR CO DEL,,,24.06000,24.70000,24.48000,4700900,-0.004068,24.31000,24.68000,24.57000,-0.004068
25785,2001-06-15,F,FORD MOTOR CO DEL,,,24.02000,24.57000,24.09000,7483400,-0.015931,24.03000,24.14000,24.02000,-0.015931
25785,2001-06-18,F,FORD MOTOR CO DEL,,,24.11000,25.09000,25.00000,6946400,0.037775,24.90000,25.09000,24.36000,0.037775
25785,2001-06-19,F,FORD MOTOR CO DEL,,,24.54000,25.17000,24.74000,4398300,-0.010400,24.53000,24.94000,25.00000,-0.010400
25785,2001-06-20,F,FORD MOTOR CO DEL,,,24.40000,24.88000,24.65000,3897700,-0.003638,24.50000,24.80000,24.55000,-0.003638
25785,2001-06-21,F,FORD MOTOR CO DEL,,,24.50000,26.15000,25.90000,7869200,0.050710,25.85000,26.03000,24.53000,0.050710
25785,2001-06-22,F,FORD MOTOR CO DEL,,,25.08000,25.85000,25.19000,4043700,-0.027413,25.01000,25.35000,25.68000,-0.027413
25785,2001-06-25,F,FORD MOTOR CO DEL,,,25.00000,25.42000,25.08000,3841500,-0.004367,25.00000,25.20000,25.42000,-0.004367
25785,2001-06-26,F,FORD MOTOR CO DEL,,,24.79000,25.19000,24.79000,6194300,-0.011563,24.75000,24.91000,24.91000,-0.011563
25785,2001-06-27,F,FORD MOTOR CO DEL,,,23.50000,24.98000,24.27000,4413500,-0.020976,24.25000,24.38000,24.67000,-0.020976
25785,2001-06-28,F,FORD MOTOR CO DEL,,,24.40000,25.13000,24.81000,6360900,0.022250,24.70000,24.90000,24.45000,0.022250
25785,2001-06-29,F,FORD MOTOR CO DEL,,,24.28000,24.70000,24.55000,6331100,-0.010480,24.50000,24.60000,24.30000,-0.010480
25785,2001-07-02,F,FORD MOTOR CO DEL,,,24.40000,25.16000,25.09000,4474100,0.021996,24.80000,25.14000,24.56000,0.021996
25785,2001-07-03,F,FORD MOTOR CO DEL,,,24.83000,25.15000,25.05000,1773400,-0.001594,25.00000,25.15000,24.95000,-0.001594
25785,2001-07-05,F,FORD MOTOR CO DEL,,,24.92000,25.35000,25.03000,3026700,-0.000798,25.00000,25.10000,24.92000,-0.000798
25785,2001-07-06,F,FORD MOTOR CO DEL,,,24.25000,24.90000,24.28000,3951000,-0.029964,24.27000,24.49000,24.80000,-0.029964
25785,2001-07-09,F,FORD MOTOR CO DEL,,,24.28000,24.54000,24.37000,3710800,0.003707,24.25000,24.55000,24.45000,0.003707
25785,2001-07-10,F,FORD MOTOR CO DEL,,,24.59000,24.99000,24.75000,4329700,0.015593,24.50000,24.92000,24.95000,0.015593
25785,2001-07-11,F,FORD MOTOR CO DEL,,,24.70000,25.55000,25.32000,6785800,0.023030,25.12000,25.54000,24.75000,0.023030
25785,2001-07-12,F,FORD MOTOR CO DEL,,,25.00000,25.46000,25.26000,4583500,-0.002370,25.25000,25.40000,25.05000,-0.002370
25785,2001-07-13,F,FORD MOTOR CO DEL,,,25.27000,25.75000,25.60000,3765900,0.013460,25.41000,25.75000,25.60000,0.013460
25785,2001-07-16,F,FORD MOTOR CO DEL,,,24.87000,25.70000,25.00000,4754800,-0.023438,25.00000,25.08000,25.70000,-0.023438
25785,2001-07-17,F,FORD MOTOR CO DEL,,,25.13000,25.90000,25.72000,4811700,0.028800,25.61000,25.75000,25.32000,0.028800
25785,2001-07-18,F,FORD MOTOR CO DEL,,,25.02000,25.82000,25.34000,3636100,-0.014774,25.23000,25.45000,25.72000,-0.014774
25785,2001-07-19,F,FORD MOTOR CO DEL,,,25.28000,25.79000,25.64000,4868000,0.011839,25.53000,25.75000,25.30000,0.011839
25785,2001-07-20,F,FORD MOTOR CO DEL,,,25.56000,25.93000,25.76000,3549900,0.004680,25.73000,25.86000,25.64000,0.004680
25785,2001-07-23,F,FORD MOTOR CO DEL,,,25.27000,25.84000,25.52000,2620500,-0.009317,25.41000,25.60000,25.75000,-0.009317
25785,2001-07-24,F,FORD MOTOR CO DEL,,,25.10000,25.54000,25.23000,3298100,-0.011364,25.16000,25.33000,25.37000,-0.011364
25785,2001-07-25,F,FORD MOTOR CO DEL,,,25.01000,25.65000,25.50000,3399100,0.010702,25.40000,25.61000,25.11000,0.010702
25785,2001-07-26,F,FORD MOTOR CO DEL,,,24.80000,25.22000,25.09000,6879000,-0.016078,25.07000,25.20000,25.11000,-0.016078
25785,2001-07-27,F,FORD MOTOR CO DEL,,,25.05000,25.55000,25.26000,3601000,0.006776,25.16000,25.38000,25.10000,0.006776
25785,2001-07-30,F,FORD MOTOR CO DEL,,,25.01000,25.38000,25.16000,2765500,-0.003959,25.05000,25.25000,25.11000,-0.003959
25785,2001-07-31,F,FORD MOTOR CO DEL,,,25.10000,25.70000,25.47000,3841800,0.012321,25.36000,25.58000,25.15000,0.012321
25785,2001-08-01,F,FORD MOTOR CO DEL,,,24.81000,25.35000,25.03000,4620900,-0.005497,24.93000,25.14000,25.15000,-0.017275
25785,2001-08-02,F,FORD MOTOR CO DEL,,,24.92000,25.25000,25.12000,2810400,0.003596,25.02000,25.22000,25.25000,0.003596
25785,2001-08-03,F,FORD MOTOR CO DEL,,,24.75000,25.12000,24.95000,2369500,-0.006768,24.84000,25.00000,24.96000,-0.006768
25785,2001-08-06,F,FORD MOTOR CO DEL,,,24.63000,24.94000,24.65000,2328300,-0.012024,24.60000,24.80000,24.71000,-0.012024
25785,2001-08-07,F,FORD MOTOR CO DEL,,,24.66000,24.97000,24.75000,2573800,0.004057,24.82000,25.00000,24.71000,0.004057
25785,2001-08-08,F,FORD MOTOR CO DEL,,,24.25000,24.75000,24.37000,4964500,-0.015354,24.26000,24.47000,24.75000,-0.015354
25785,2001-08-09,F,FORD MOTOR CO DEL,,,24.16000,24.52000,24.37000,4285400,0.000000,24.21000,24.48000,24.26000,0.000000
25785,2001-08-10,F,FORD MOTOR CO DEL,,,24.51000,24.95000,24.77000,3727000,0.016414,24.67000,24.80000,24.75000,0.016414
25785,2001-08-13,F,FORD MOTOR CO DEL,,,23.46000,24.47000,23.74000,9220600,-0.041583,23.78000,23.85000,24.46000,-0.041583
25785,2001-08-14,F,FORD MOTOR CO DEL,,,22.82000,23.52000,22.99000,7278000,-0.031592,22.92000,23.05000,23.51000,-0.031592
25785,2001-08-15,F,FORD MOTOR CO DEL,,,22.25000,23.23000,22.55000,6618100,-0.019139,22.49000,22.50000,22.99000,-0.019139
25785,2001-08-16,F,FORD MOTOR CO DEL,,,22.36000,23.90000,23.47000,8486800,0.040798,23.32000,23.47000,22.65000,0.040798
25785,2001-08-17,F,FORD MOTOR CO DEL,,,21.23000,22.15000,21.70000,13541700,-0.075415,21.56000,21.75000,22.00000,-0.075415
25785,2001-08-20,F,FORD MOTOR CO DEL,,,19.90000,21.50000,20.40000,14819300,-0.059908,20.29000,20.50000,21.40000,-0.059908
25785,2001-08-21,F,FORD MOTOR CO DEL,,,20.01000,20.56000,20.10000,6011800,-0.014706,20.00000,20.22000,20.12000,-0.014706
25785,2001-08-22,F,FORD MOTOR CO DEL,,,19.97000,20.54000,20.31000,7662800,0.010448,20.30000,20.39000,20.20000,0.010448
25785,2001-08-23,F,FORD MOTOR CO DEL,,,20.08000,20.58000,20.08000,4856400,-0.011324,20.12000,20.20000,20.41000,-0.011324
25785,2001-08-24,F,FORD MOTOR CO DEL,,,20.15000,20.89000,20.39000,5288800,0.015438,20.28000,20.50000,20.17000,0.015438
25785,2001-08-27,F,FORD MOTOR CO DEL,,,20.25000,20.59000,20.25000,2721800,-0.006866,20.25000,20.36000,20.39000,-0.006866
25785,2001-08-28,F,FORD MOTOR CO DEL,,,20.20000,20.40000,20.32000,3189300,0.003457,20.32000,20.40000,20.39000,0.003457
25785,2001-08-29,F,FORD MOTOR CO DEL,,,20.15000,20.49000,20.19000,3304900,-0.006398,20.12000,20.30000,20.33000,-0.006398
25785,2001-08-30,F,FORD MOTOR CO DEL,,,19.74000,20.25000,19.76000,5812100,-0.021298,19.75000,19.87000,20.19000,-0.021298
25785,2001-08-31,F,FORD MOTOR CO DEL,,,19.87000,20.19000,19.87000,4713100,0.005567,19.87000,20.07000,20.00000,0.005567
25785,2001-09-04,F,FORD MOTOR CO DEL,,,19.88000,20.72000,20.25000,4816000,0.019124,20.15000,20.36000,19.93000,0.019124
25785,2001-09-05,F,FORD MOTOR CO DEL,,,19.82000,20.33000,19.97000,5149200,-0.013827,19.86000,20.08000,20.03000,-0.013827
25785,2001-09-06,F,FORD MOTOR CO DEL,,,19.40000,20.00000,19.40000,8138500,-0.028543,19.45000,19.62000,19.96000,-0.028543
25785,2001-09-07,F,FORD MOTOR CO DEL,,,18.49000,19.09000,18.76000,9270400,-0.032990,18.65000,18.78000,19.00000,-0.032990
25785,2001-09-10,F,FORD MOTOR CO DEL,,,18.52000,19.55000,19.40000,5233700,0.034115,19.29000,19.50000,18.70000,0.034115
25785,2001-09-17,F,FORD MOTOR CO DEL,,,16.10000,17.74000,16.55000,17496400,-0.146907,16.30000,16.43000,17.10000,-0.146907
25785,2001-09-18,F,FORD MOTOR CO DEL,,,16.31000,17.16000,16.93000,12849100,0.022961,16.87000,17.05000,16.31000,0.022961
25785,2001-09-19,F,FORD MOTOR CO DEL,,,16.10000,17.30000,16.43000,9339800,-0.029533,16.43000,16.53000,17.00000,-0.029533
25785,2001-09-20,F,FORD MOTOR CO DEL,,,15.46000,16.61000,15.49000,11257000,-0.057212,15.44000,15.60000,16.11000,-0.057212
25785,2001-09-21,F,FORD MOTOR CO DEL,,,14.70000,15.52000,15.34000,13448100,-0.009684,15.40000,15.59000,15.02000,-0.009684
25785,2001-09-24,F,FORD MOTOR CO DEL,,,15.91000,16.89000,16.43000,8289900,0.071056,16.32000,16.57000,16.47000,0.071056
25785,2001-09-25,F,FORD MOTOR CO DEL,,,15.90000,16.44000,16.12000,7675400,-0.018868,16.06000,16.22000,16.44000,-0.018868
25785,2001-09-26,F,FORD MOTOR CO DEL,,,16.20000,16.51000,16.38000,4771700,0.016129,16.31000,16.43000,16.50000,0.016129
25785,2001-09-27,F,FORD MOTOR CO DEL,,,16.07000,16.72000,16.56000,5403500,0.010989,16.50000,16.66000,16.39000,0.010989
25785,2001-09-28,F,FORD MOTOR CO DEL,,,16.70000,17.68000,17.35000,6198300,0.047705,17.12000,17.35000,16.70000,0.047705
25785,2001-10-01,F,FORD MOTOR CO DEL,,,17.03000,17.56000,17.24000,4475400,-0.006340,17.07000,17.29000,17.35000,-0.006340
25785,2001-10-02,F,FORD MOTOR CO DEL,,,17.20000,17.90000,17.80000,6361800,0.032483,17.64000,17.88000,17.24000,0.032483
25785,2001-10-03,F,FORD MOTOR CO DEL,,,17.34000,18.12000,17.95000,6437400,0.008427,17.91000,18.00000,17.80000,0.008427
25785,2001-10-04,F,FORD MOTOR CO DEL,,,17.00000,18.18000,17.24000,6494300,-0.039554,17.19000,17.31000,18.11000,-0.039554
25785,2001-10-05,F,FORD MOTOR CO DEL,,,17.26000,17.73000,17.67000,4912400,0.024942,17.65000,17.67000,17.47000,0.024942
25785,2001-10-08,F,FORD MOTOR CO DEL,,,17.10000,17.53000,17.29000,3214800,-0.021505,17.25000,17.40000,17.29000,-0.021505
25785,2001-10-09,F,FORD MOTOR CO DEL,,,16.92000,17.65000,17.55000,6553200,0.015037,17.40000,17.60000,17.16000,0.015037
25785,2001-10-10,F,FORD MOTOR CO DEL,,,17.48000,18.19000,18.13000,4469500,0.033048,18.02000,18.20000,17.55000,0.033048
25785,2001-10-11,F,FORD MOTOR CO DEL,,,17.86000,18.77000,18.00000,10328000,-0.007170,17.86000,18.05000,18.75000,-0.007170
25785,2001-10-12,F,FORD MOTOR CO DEL,,,17.41000,18.09000,17.73000,5758400,-0.015000,17.62000,17.83000,17.90000,-0.015000
25785,2001-10-15,F,FORD MOTOR CO DEL,,,17.50000,17.87000,17.73000,3476700,0.000000,17.65000,17.81000,17.73000,0.000000
25785,2001-10-16,F,FORD MOTOR CO DEL,,,17.35000,18.01000,17.68000,4103400,-0.002820,17.53000,17.79000,17.95000,-0.002820
25785,2001-10-17,F,FORD MOTOR CO DEL,,,17.12000,17.78000,17.13000,4087000,-0.031109,17.12000,17.24000,17.30000,-0.031109
25785,2001-10-18,F,FORD MOTOR CO DEL,,,16.75000,17.01000,16.77000,4410500,-0.021016,16.75000,16.90000,17.00000,-0.021016
25785,2001-10-19,F,FORD MOTOR CO DEL,,,16.15000,16.88000,16.51000,4539800,-0.015504,16.40000,16.62000,16.78000,-0.015504
25785,2001-10-22,F,FORD MOTOR CO DEL,,,16.29000,16.55000,16.55000,4210100,0.002423,16.45000,16.60000,16.51000,0.002423
25785,2001-10-23,F,FORD MOTOR CO DEL,,,16.55000,16.90000,16.87000,5155700,0.019335,16.81000,16.89000,16.70000,0.019335
25785,2001-10-24,F,FORD MOTOR CO DEL,,,16.01000,16.74000,16.06000,6585400,-0.048014,16.04000,16.10000,16.73000,-0.048014
25785,2001-10-25,F,FORD MOTOR CO DEL,,,16.02000,16.52000,16.52000,6397600,0.028643,16.48000,16.50000,16.13000,0.028643
25785,2001-10-26,F,FORD MOTOR CO DEL,,,16.19000,16.92000,16.66000,4430700,0.008475,16.53000,16.75000,16.25000,0.008475
25785,2001-10-29,F,FORD MOTOR CO DEL,,,16.15000,16.59000,16.21000,3911700,-0.027011,16.10000,16.31000,16.52000,-0.027011
25785,2001-10-30,F,FORD MOTOR CO DEL,,,16.02000,16.29000,16.05000,7250600,-0.009870,16.09000,16.17000,16.13000,-0.009870
25785,2001-10-31,F,FORD MOTOR CO DEL,,,15.88000,16.32000,16.05000,8847900,0.009346,15.97000,16.15000,16.12000,0.000000
25785,2001-11-01,F,FORD MOTOR CO DEL,,,15.97000,16.47000,16.37000,6289400,0.019938,16.25000,16.35000,16.03000,0.019938
25785,2001-11-02,F,FORD MOTOR CO DEL,,,16.10000,16.52000,16.29000,4288300,-0.004887,16.18000,16.35000,16.37000,-0.004887
25785,2001-11-05,F,FORD MOTOR CO DEL,,,16.10000,16.50000,16.18000,4529000,-0.006753,16.10000,16.29000,16.29000,-0.006753
25785,2001-11-06,F,FORD MOTOR CO DEL,,,15.99000,16.39000,16.38000,4603300,0.012361,16.27000,16.38000,16.02000,0.012361
25785,2001-11-07,F,FORD MOTOR CO DEL,,,16.13000,16.58000,16.28000,4202600,-0.006105,16.18000,16.38000,16.48000,-0.006105
25785,2001-11-08,F,FORD MOTOR CO DEL,,,16.33000,16.77000,16.77000,4616100,0.030098,16.46000,16.66000,16.39000,0.030098
25785,2001-11-09,F,FORD MOTOR CO DEL,,,16.30000,16.66000,16.46000,3215100,-0.018485,16.38000,16.52000,16.38000,-0.018485
25785,2001-11-12,F,FORD MOTOR CO DEL,,,16.10000,16.36000,16.21000,2875400,-0.015188,16.18000,16.31000,16.20000,-0.015188
25785,2001-11-13,F,FORD MOTOR CO DEL,,,16.32000,16.55000,16.43000,4352000,0.013572,16.38000,16.45000,16.43000,0.013572
25785,2001-11-14,F,FORD MOTOR CO DEL,,,16.20000,16.85000,16.34000,7434800,-0.005478,16.29000,16.40000,16.79000,-0.005478
25785,2001-11-15,F,FORD MOTOR CO DEL,,,16.35000,16.87000,16.77000,7096100,0.026316,16.58000,16.80000,16.35000,0.026316
25785,2001-11-16,F,FORD MOTOR CO DEL,,,16.83000,17.57000,17.05000,8651900,0.016696,17.01000,17.16000,16.99000,0.016696
25785,2001-11-19,F,FORD MOTOR CO DEL,,,17.36000,17.70000,17.55000,7385200,0.029326,17.50000,17.64000,17.50000,0.029326
25785,2001-11-20,F,FORD MOTOR CO DEL,,,17.16000,17.80000,17.28000,5594700,-0.015385,17.20000,17.39000,17.63000,-0.015385
25785,2001-11-21,F,FORD MOTOR CO DEL,,,17.00000,17.50000,17.13000,3811500,-0.008681,17.07000,17.14000,17.28000,-0.008681
25785,2001-11-23,F,FORD MOTOR CO DEL,,,17.28000,17.88000,17.88000,2849200,0.043783,17.72000,17.85000,17.38000,0.043783
25785,2001-11-26,F,FORD MOTOR CO DEL,,,17.91000,18.70000,18.58000,7915800,0.039150,18.46000,18.67000,18.00000,0.039150
25785,2001-11-27,F,FORD MOTOR CO DEL,,,18.06000,18.65000,18.29000,6033800,-0.015608,18.21000,18.40000,18.64000,-0.015608
25785,2001-11-28,F,FORD MOTOR CO DEL,,,17.90000,18.40000,17.91000,3508700,-0.020776,17.90000,18.02000,18.19000,-0.020776
25785,2001-11-29,F,FORD MOTOR CO DEL,,,17.94000,18.35000,18.26000,4529100,0.019542,18.15000,18.35000,18.06000,0.019542
25785,2001-11-30,F,FORD MOTOR CO DEL,,,18.30000,19.08000,18.94000,7022600,0.037240,18.80000,19.01000,18.33000,0.037240
25785,2001-12-03,F,FORD MOTOR CO DEL,,,17.72000,18.46000,17.80000,7365300,-0.060190,17.71000,17.78000,18.45000,-0.060190
25785,2001-12-04,F,FORD MOTOR CO DEL,,,17.41000,18.02000,17.74000,7199200,-0.003371,17.59000,17.75000,17.96000,-0.003371
25785,2001-12-05,F,FORD MOTOR CO DEL,,,16.75000,17.50000,16.79000,14935200,-0.053551,16.77000,16.91000,17.02000,-0.053551
25785,2001-12-06,F,FORD MOTOR CO DEL,,,16.80000,17.62000,17.36000,8929800,0.033949,17.25000,17.40000,17.00000,0.033949
25785,2001-12-07,F,FORD MOTOR CO DEL,,,17.01000,17.33000,17.13000,5180100,-0.013249,17.04000,17.20000,17.15000,-0.013249
25785,2001-12-10,F,FORD MOTOR CO DEL,,,16.66000,17.09000,16.66000,5476100,-0.027437,16.68000,16.80000,16.86000,-0.027437
25785,2001-12-11,F,FORD MOTOR CO DEL,,,16.53000,16.88000,16.66000,4936900,0.000000,16.56000,16.77000,16.70000,0.000000
25785,2001-12-12,F,FORD MOTOR CO DEL,,,16.49000,16.85000,16.65000,5434800,-0.000600,16.58000,16.75000,16.83000,-0.000600
25785,2001-12-13,F,FORD MOTOR CO DEL,,,16.15000,16.78000,16.17000,5374700,-0.028829,16.14000,16.38000,16.65000,-0.028829
25785,2001-12-14,F,FORD MOTOR CO DEL,,,16.02000,16.36000,16.10000,5706100,-0.004329,16.06000,16.30000,16.35000,-0.004329
25785,2001-12-17,F,FORD MOTOR CO DEL,,,15.00000,16.05000,15.00000,13131200,-0.068323,15.14000,15.26000,16.05000,-0.068323
25785,2001-12-18,F,FORD MOTOR CO DEL,,,14.99000,15.30000,15.08000,10171100,0.005333,15.05000,15.10000,15.29000,0.005333
25785,2001-12-19,F,FORD MOTOR CO DEL,,,14.83000,15.14000,14.93000,8586000,-0.009947,14.93000,15.00000,14.99000,-0.009947
25785,2001-12-20,F,FORD MOTOR CO DEL,,,15.00000,15.46000,15.25000,8165900,0.021433,15.20000,15.43000,15.14000,0.021433
25785,2001-12-21,F,FORD MOTOR CO DEL,,,15.21000,15.48000,15.45000,8701000,0.013115,15.35000,15.48000,15.25000,0.013115
25785,2001-12-24,F,FORD MOTOR CO DEL,,,15.25000,15.42000,15.33000,3093500,-0.007767,15.32000,15.34000,15.27000,-0.007767
25785,2001-12-26,F,FORD MOTOR CO DEL,,,15.26000,15.53000,15.40000,4215400,0.004566,15.33000,15.50000,15.33000,0.004566
25785,2001-12-27,F,FORD MOTOR CO DEL,,,15.43000,15.83000,15.74000,5211800,0.022078,15.61000,15.80000,15.48000,0.022078
25785,2001-12-28,F,FORD MOTOR CO DEL,,,15.75000,16.05000,15.95000,5312700,0.013342,15.89000,16.09000,15.83000,0.013342
25785,2001-12-31,F,FORD MOTOR CO DEL,,,15.69000,16.23000,15.72000,7239600,-0.014420,15.73000,15.95000,16.05000,-0.014420
25785,2002-01-02,F,FORD MOTOR CO DEL,,,15.76000,16.30000,16.22000,5755800,0.031807,16.00000,16.29000,15.94000,0.031807
25785,2002-01-03,F,FORD MOTOR CO DEL,,,16.35000,16.91000,16.73000,8720100,0.031443,16.65000,16.80000,16.47000,0.031443
25785,2002-01-04,F,FORD MOTOR CO DEL,,,16.77000,17.15000,16.94000,7906200,0.012552,16.90000,17.00000,17.00000,0.012552
25785,2002-01-07,F,FORD MOTOR CO DEL,,,16.47000,17.05000,16.50000,6035300,-0.025974,16.50000,16.60000,17.00000,-0.025974
25785,2002-01-08,F,FORD MOTOR CO DEL,,,16.40000,16.74000,16.56000,4532800,0.003636,16.50000,16.65000,16.43000,0.003636
25785,2002-01-09,F,FORD MOTOR CO DEL,,,16.30000,16.83000,16.31000,7036300,-0.015097,16.30000,16.41000,16.50000,-0.015097
25785,2002-01-10,F,FORD MOTOR CO DEL,,,15.10000,15.90000,15.29000,14260100,-0.062538,15.16000,15.32000,15.85000,-0.062538
25785,2002-01-11,F,FORD MOTOR CO DEL,,,14.90000,15.75000,15.50000,20725100,0.013734,15.45000,15.63000,14.90000,0.013734
25785,2002-01-14,F,FORD MOTOR CO DEL,,,15.15000,15.50000,15.35000,7188300,-0.009677,15.28000,15.50000,15.50000,-0.009677
25785,2002-01-15,F,FORD MOTOR CO DEL,,,14.91000,15.59900,15.04000,9463000,-0.020195,15.04000,15.19000,15.20000,-0.020195
25785,2002-01-16,F,FORD MOTOR CO DEL,,,14.85000,15.30000,14.96000,7703100,-0.005319,14.90000,15.15000,14.90000,-0.005319
25785,2002-01-17,F,FORD MOTOR CO DEL,,,14.49000,14.96000,14.70000,13617300,-0.017380,14.69000,14.75000,14.95000,-0.017380
25785,2002-01-18,F,FORD MOTOR CO DEL,,,14.33000,14.66000,14.50000,11948000,-0.013605,14.34000,14.60000,14.65000,-0.013605
25785,2002-01-22,F,FORD MOTOR CO DEL,,,14.24000,14.51000,14.43000,13213000,-0.004828,14.35000,14.50000,14.50000,-0.004828
25785,2002-01-23,F,FORD MOTOR CO DEL,,,14.01000,14.68000,14.54000,27092700,0.007623,14.46000,14.57000,14.33000,0.007623
25785,2002-01-24,F,FORD MOTOR CO DEL,,,14.27000,14.81000,14.45000,41883000,-0.006190,14.40000,14.62000,14.64000,-0.006190
25785,2002-01-25,F,FORD MOTOR CO DEL,,,14.42000,14.86000,14.61000,50471700,0.011073,14.58000,14.65000,14.56000,0.011073
25785,2002-01-28,F,FORD MOTOR CO DEL,,,14.88000,15.24000,15.06000,33423100,0.037646,15.05000,15.20000,14.92000,0.030801
25785,2002-01-29,F,FORD MOTOR CO DEL,,,14.82000,15.35000,14.92000,22027700,-0.009296,14.90000,14.96000,15.24000,-0.009296
25785,2002-01-30,F,FORD MOTOR CO DEL,,,14.26000,15.02000,14.87000,18821100,-0.003351,14.80000,15.08000,15.00000,-0.003351
25785,2002-01-31,F,FORD MOTOR CO DEL,,,14.91000,15.35000,15.30000,12826400,0.028917,15.20000,15.30000,15.01000,0.028917
25785,2002-02-01,F,FORD MOTOR CO DEL,,,14.50000,15.08000,14.90000,21492300,-0.026144,14.85000,15.00000,14.52000,-0.026144
25785,2002-02-04,F,FORD MOTOR CO DEL,,,14.51000,14.94000,14.63000,8558200,-0.018121,14.56000,14.65000,14.79000,-0.018121
25785,2002-02-05,F,FORD MOTOR CO DEL,,,14.00000,14.69000,14.04000,14569500,-0.040328,14.05000,14.25000,14.55000,-0.040328
25785,2002-02-06,F,FORD MOTOR CO DEL,,,14.05000,14.40000,14.10000,13751700,0.004274,14.10000,14.24000,14.10000,0.004274
25785,2002-02-07,F,FORD MOTOR CO DEL,,,13.90000,14.63000,14.53000,17728700,0.030496,14.26000,14.58000,14.05000,0.030496
25785,2002-02-08,F,FORD MOTOR CO DEL,,,14.13000,14.60000,14.38000,6364400,-0.010323,14.25000,14.35000,14.52000,-0.010323
25785,2002-02-11,F,FORD MOTOR CO DEL,,,14.16000,14.45000,14.30000,7975900,-0.005563,14.24000,14.55000,14.28000,-0.005563
25785,2002-02-12,F,FORD MOTOR CO DEL,,,14.22000,14.40000,14.34000,5555100,0.002797,14.29000,14.40000,14.22000,0.002797
25785,2002-02-13,F,FORD MOTOR CO DEL,,,14.57000,15.03000,14.99000,8080300,0.045328,14.81000,15.05000,14.72000,0.045328
25785,2002-02-14,F,FORD MOTOR CO DEL,,,14.65000,15.10000,14.70000,7827500,-0.019346,14.68000,14.77000,15.10000,-0.019346
25785,2002-02-15,F,FORD MOTOR CO DEL,,,14.40000,14.70000,14.62000,4288100,-0.005442,14.58000,14.70000,14.62000,-0.005442
25785,2002-02-19,F,FORD MOTOR CO DEL,,,14.25000,14.62100,14.28000,7306200,-0.023256,14.29000,14.30000,14.29000,-0.023256
25785,2002-02-20,F,FORD MOTOR CO DEL,,,14.31000,14.68000,14.50000,7216700,0.015406,14.48000,14.53000,14.38000,0.015406
25785,2002-02-21,F,FORD MOTOR CO DEL,,,14.46000,15.05000,14.67000,7324200,0.011724,14.55000,14.85000,14.99000,0.011724
25785,2002-02-22,F,FORD MOTOR CO DEL,,,14.32000,14.79000,14.58000,6581400,-0.006135,14.56000,14.57000,14.57000,-0.006135
25785,2002-02-25,F,FORD MOTOR CO DEL,,,14.73000,15.30000,15.23000,9877600,0.044582,15.07000,15.35000,14.80000,0.044582
25785,2002-02-26,F,FORD MOTOR CO DEL,,,15.11000,15.62900,15.55000,9663100,0.021011,15.40000,15.70000,15.42000,0.021011
25785,2002-02-27,F,FORD MOTOR CO DEL,,,15.22000,15.78000,15.30000,8047000,-0.016077,15.29000,15.40000,15.58000,-0.016077
25785,2002-02-28,F,FORD MOTOR CO DEL,,,14.88000,15.40000,14.88000,8454100,-0.027451,14.94000,15.14000,15.31000,-0.027451
25785,2002-03-01,F,FORD MOTOR CO DEL,,,14.93000,15.74000,15.64000,14350100,0.051075,15.61000,15.70000,15.00000,0.051075
25785,2002-03-04,F,FORD MOTOR CO DEL,,,15.85000,16.35000,16.17000,16318700,0.033887,16.13000,16.25000,15.93000,0.033887
25785,2002-03-05,F,FORD MOTOR CO DEL,,,15.55000,16.40000,15.74000,14977300,-0.026592,15.67000,15.85000,16.39000,-0.026592
25785,2002-03-06,F,FORD MOTOR CO DEL,,,15.85000,16.52000,16.35000,11895300,0.038755,16.37000,16.40000,16.00000,0.038755
25785,2002-03-07,F,FORD MOTOR CO DEL,,,16.65000,16.98000,16.91000,17223000,0.034251,16.75000,16.90000,16.98000,0.034251
25785,2002-03-08,F,FORD MOTOR CO DEL,,,16.70000,17.12000,16.81000,13026500,-0.005914,16.70000,16.81000,17.10000,-0.005914
25785,2002-03-11,F,FORD MOTOR CO DEL,,,16.50100,17.29000,17.20000,9739800,0.023201,17.10000,17.23000,16.88000,0.023201
25785,2002-03-12,F,FORD MOTOR CO DEL,,,16.75000,17.18000,17.01000,16034700,-0.011047,16.95000,17.15000,17.01000,-0.011047
25785,2002-03-13,F,FORD MOTOR CO DEL,,,16.81000,17.15000,17.11000,7382600,0.005879,17.04000,17.20000,16.90000,0.005879
25785,2002-03-14,F,FORD MOTOR CO DEL,,,16.91000,17.15000,16.91000,7222000,-0.011689,16.90000,17.00000,16.95000,-0.011689
25785,2002-03-15,F,FORD MOTOR CO DEL,,,16.73000,17.08000,16.93000,7755200,0.001183,16.72000,16.95000,16.98000,0.001183
25785,2002-03-18,F,FORD MOTOR CO DEL,,,16.84000,17.27000,17.07000,7584600,0.008269,17.01000,17.10000,17.00000,0.008269
25785,2002-03-19,F,FORD MOTOR CO DEL,,,16.94000,17.24000,17.18000,5054100,0.006444,17.00000,17.20000,17.21000,0.006444
25785,2002-03-20,F,FORD MOTOR CO DEL,,,16.41000,17.08000,16.50000,9362000,-0.039581,16.45000,16.70000,17.03000,-0.039581
25785,2002-03-21,F,FORD MOTOR CO DEL,,,16.30000,16.90000,16.70000,9444700,0.012121,16.53000,16.75000,16.54000,0.012121
25785,2002-03-22,F,FORD MOTOR CO DEL,,,16.40000,16.81000,16.67000,5360000,-0.001796,16.60000,16.72000,16.65000,-0.001796
25785,2002-03-25,F,FORD MOTOR CO DEL,,,16.02000,16.78000,16.05000,8665400,-0.037193,16.03000,16.25000,16.62000,-0.037193
25785,2002-03-26,F,FORD MOTOR CO DEL,,,15.99000,16.46000,16.09000,10597400,0.002492,16.05000,16.29000,16.05000,0.002492
25785,2002-03-27,F,FORD MOTOR CO DEL,,,16.00000,16.20000,16.10000,6598700,0.000622,15.87000,16.20000,16.13000,0.000622
25785,2002-03-28,F,FORD MOTOR CO DEL,,,16.15000,16.68000,16.49000,5675100,0.024224,16.23000,16.38000,16.18000,0.024224
25785,2002-04-01,F,FORD MOTOR CO DEL,,,15.61000,15.93000,15.73000,8674700,-0.046089,15.65000,15.89000,15.91000,-0.046089
25785,2002-04-02,F,FORD MOTOR CO DEL,,,15.33000,15.68000,15.37000,8514100,-0.022886,15.35000,15.50000,15.62000,-0.022886
25785,2002-04-03,F,FORD MOTOR CO DEL,,,15.02000,15.75000,15.06000,9929600,-0.020169,15.06000,15.08000,15.40000,-0.020169
25785,2002-04-04,F,FORD MOTOR CO DEL,,,15.05000,15.35000,15.14000,7407400,0.005312,15.13000,15.15000,15.25000,0.005312
25785,2002-04-05,F,FORD MOTOR CO DEL,,,15.00000,15.39000,15.05000,8334600,-0.005945,15.05000,15.15000,15.34000,-0.005945
25785,2002-04-08,F,FORD MOTOR CO DEL,,,14.88000,15.11000,15.11000,5801600,0.003987,15.07000,15.08000,15.00000,0.003987
25785,2002-04-09,F,FORD MOTOR CO DEL,,,14.96000,15.18000,15.03000,5021700,-0.005295,14.98000,15.14000,15.12000,-0.005295
25785,2002-04-10,F,FORD MOTOR CO DEL,,,15.07000,15.74000,15.60000,6970500,0.037924,15.54000,15.75000,15.15000,0.037924
25785,2002-04-11,F,FORD MOTOR CO DEL,,,14.90000,15.60000,14.90000,7179400,-0.044872,14.95000,15.09000,15.60000,-0.044872
25785,2002-04-12,F,FORD MOTOR CO DEL,,,15.05000,15.40000,15.34000,4712600,0.029530,15.26000,15.34000,15.13000,0.029530
25785,2002-04-15,F,FORD MOTOR CO DEL,,,15.05000,15.52000,15.06000,4526800,-0.018253,15.03000,15.12000,15.40000,-0.018253
25785,2002-04-16,F,FORD MOTOR CO DEL,,,15.19000,15.99000,15.86000,10830100,0.053121,15.83000,15.86000,15.30000,0.053121
25785,2002-04-17,F,FORD MOTOR CO DEL,,,15.96000,16.50000,16.18000,17049500,0.020177,16.17000,16.24000,16.50000,0.020177
25785,2002-04-18,F,FORD MOTOR CO DEL,,,15.50000,16.27000,15.87000,7737100,-0.019159,15.85000,15.95000,16.23000,-0.019159
25785,2002-04-19,F,FORD MOTOR CO DEL,,,15.90000,16.50000,16.36000,6555500,0.030876,16.30000,16.37000,16.03000,0.030876
25785,2002-04-22,F,FORD MOTOR CO DEL,,,16.00000,16.36000,16.05000,7065200,-0.018949,16.00000,16.16000,16.36000,-0.018949
25785,2002-04-23,F,FORD MOTOR CO DEL,,,16.01000,16.62000,16.45000,7840700,0.024922,16.40000,16.50000,16.02000,0.024922
25785,2002-04-24,F,FORD MOTOR CO DEL,,,16.21000,16.75000,16.22000,4599800,-0.013982,16.20000,16.32000,16.48000,-0.013982
25785,2002-04-25,F,FORD MOTOR CO DEL,,,16.00000,16.32000,16.32000,4744100,0.006165,16.16000,16.30000,16.25000,0.006165
25785,2002-04-26,F,FORD MOTOR CO DEL,,,16.13000,16.39000,16.30000,5056600,-0.001226,16.30000,16.34000,16.29000,-0.001226
25785,2002-04-29,F,FORD MOTOR CO DEL,,,15.75000,16.24000,15.86000,5404400,-0.026994,15.75000,15.94000,16.15000,-0.026994
25785,2002-04-30,F,FORD MOTOR CO DEL,,,15.70000,16.14000,16.00000,5645300,0.008827,15.98000,16.05000,15.75000,0.008827
25785,2002-05-01,F,FORD MOTOR CO DEL,,,15.67000,16.46000,16.34000,7105100,0.027500,16.28000,16.40000,15.97000,0.021250
25785,2002-05-02,F,FORD MOTOR CO DEL,,,16.03000,16.39000,16.10000,12494500,-0.014688,16.00000,16.20000,16.28000,-0.014688
25785,2002-05-03,F,FORD MOTOR CO DEL,,,15.76000,16.19000,16.09000,8516700,-0.000621,15.99000,16.20000,16.02000,-0.000621
25785,2002-05-06,F,FORD MOTOR CO DEL,,,15.91000,16.23000,15.93000,6008900,-0.009944,15.85000,16.05000,16.00000,-0.009944
25785,2002-05-07,F,FORD MOTOR CO DEL,,,15.60000,16.24000,15.64000,7443900,-0.018205,15.55000,15.73000,15.80000,-0.018205
25785,2002-05-08,F,FORD MOTOR CO DEL,,,15.79000,16.21000,16.00000,8218400,0.023018,15.95000,16.10000,15.80000,0.023018
25785,2002-05-09,F,FORD MOTOR CO DEL,,,15.75000,16.10000,15.94000,7139500,-0.003750,15.87000,16.04000,15.83000,-0.003750
25785,2002-05-10,F,FORD MOTOR CO DEL,,,15.74000,16.15000,15.83000,5255500,-0.006901,15.82000,15.83000,16.06000,-0.006901
25785,2002-05-13,F,FORD MOTOR CO DEL,,,15.84000,16.22000,16.19000,5420400,0.022742,16.17000,16.19000,15.90000,0.022742
25785,2002-05-14,F,FORD MOTOR CO DEL,,,16.25000,16.56000,16.49000,11760100,0.018530,16.33000,16.50000,16.41000,0.018530
25785,2002-05-15,F,FORD MOTOR CO DEL,,,16.43000,16.82000,16.64000,8393600,0.009096,16.60000,16.62000,16.46000,0.009096
25785,2002-05-16,F,FORD MOTOR CO DEL,,,16.55000,16.85000,16.58000,7697200,-0.003606,16.52000,16.68000,16.65000,-0.003606
25785,2002-05-17,F,FORD MOTOR CO DEL,,,16.55000,16.79000,16.72000,4514400,0.008444,16.66000,16.80000,16.58000,0.008444
25785,2002-05-20,F,FORD MOTOR CO DEL,,,16.50000,16.88000,16.73000,5309600,0.000598,16.61000,16.70000,16.80000,0.000598
25785,2002-05-21,F,FORD MOTOR CO DEL,,,17.21000,17.70000,17.58000,21984900,0.050807,17.55000,17.62000,17.21000,0.050807
25785,2002-05-22,F,FORD MOTOR CO DEL,,,17.62000,18.23000,18.19000,14684900,0.034699,18.18000,18.20000,17.65000,0.034699
25785,2002-05-23,F,FORD MOTOR CO DEL,,,17.70000,18.17000,18.08000,7937400,-0.006047,18.05000,18.06000,18.15000,-0.006047
25785,2002-05-24,F,FORD MOTOR CO DEL,,,17.66000,18.18000,17.74000,4666000,-0.018805,17.70000,17.74000,18.18000,-0.018805
25785,2002-05-28,F,FORD MOTOR CO DEL,,,17.55000,17.96000,17.59000,5722100,-0.008455,17.55000,17.60000,17.85000,-0.008455
25785,2002-05-29,F,FORD MOTOR CO DEL,,,17.49000,17.79000,17.73000,6571500,0.007959,17.70000,17.80000,17.78000,0.007959
25785,2002-05-30,F,FORD MOTOR CO DEL,,,17.51000,17.74000,17.59000,7656300,-0.007896,17.51000,17.62000,17.65000,-0.007896
25785,2002-05-31,F,FORD MOTOR CO DEL,,,17.47000,17.84000,17.65000,6567500,0.003411,17.55000,17.68000,17.56000,0.003411
25785,2002-06-03,F,FORD MOTOR CO DEL,,,17.20000,17.84000,17.31000,6706400,-0.019263,17.20000,17.22000,17.70000,-0.019263
25785,2002-06-04,F,FORD MOTOR CO DEL,,,16.60000,17.25000,16.92000,10195300,-0.022530,16.73000,16.97000,17.25000,-0.022530
25785,2002-06-05,F,FORD MOTOR CO DEL,,,16.75000,17.08000,16.95000,6148600,0.001773,16.91000,16.98000,16.97000,0.001773
25785,2002-06-06,F,FORD MOTOR CO DEL,,,16.56000,17.11000,16.75000,5800700,-0.011799,16.67000,16.80000,17.00000,-0.011799
25785,2002-06-07,F,FORD MOTOR CO DEL,,,16.41000,16.70000,16.55000,6679500,-0.011940,16.41000,16.60000,16.70000,-0.011940
25785,2002-06-10,F,FORD MOTOR CO DEL,,,16.55000,16.96000,16.79000,4035600,0.014502,16.66000,16.87000,16.70000,0.014502
25785,2002-06-11,F,FORD MOTOR CO DEL,,,16.77000,17.36000,16.82000,6146800,0.001787,16.80000,16.82000,16.89000,0.001787
25785,2002-06-12,F,FORD MOTOR CO DEL,,,16.50000,16.93000,16.68000,6595700,-0.008323,16.68000,16.70000,16.82000,-0.008323
25785,2002-06-13,F,FORD MOTOR CO DEL,,,16.31000,16.77000,16.48000,6010000,-0.011990,16.30000,16.53000,16.55000,-0.011990
25785,2002-06-14,F,FORD MOTOR CO DEL,,,15.62000,16.19000,15.89000,10048100,-0.035801,15.88000,15.89000,16.14000,-0.035801
25785,2002-06-17,F,FORD MOTOR CO DEL,,,16.02000,16.40000,16.36000,7173000,0.029578,16.25000,16.41000,16.07000,0.029578
25785,2002-06-18,F,FORD MOTOR CO DEL,,,16.22000,17.05000,16.92000,5920600,0.034230,16.82000,17.00000,16.35000,0.034230
25785,2002-06-19,F,FORD MOTOR CO DEL,,,16.46000,16.98000,16.48000,6754800,-0.026005,16.45000,16.59000,16.79000,-0.026005
25785,2002-06-20,F,FORD MOTOR CO DEL,,,15.69000,16.04000,15.73000,8487300,-0.045510,15.65000,15.80000,16.03000,-0.045510
25785,2002-06-21,F,FORD MOTOR CO DEL,,,15.36000,15.68000,15.52000,10006300,-0.013350,15.50000,15.62000,15.41000,-0.013350
25785,2002-06-24,F,FORD MOTOR CO DEL,,,15.38100,15.92000,15.85000,8378100,0.021263,15.68000,15.96000,15.51000,0.021263
25785,2002-06-25,F,FORD MOTOR CO DEL,,,15.91000,16.54000,16.05000,8308700,0.012618,15.93000,16.14000,16.00000,0.012618
25785,2002-06-26,F,FORD MOTOR CO DEL,,,15.52000,15.94000,15.75000,7475700,-0.018692,15.74000,15.76000,15.62000,-0.018692
25785,2002-06-27,F,FORD MOTOR CO DEL,,,15.25000,16.00000,15.77000,11881700,0.001270,15.75000,15.89000,15.77000,0.001270
25785,2002-06-28,F,FORD MOTOR CO DEL,,,15.77000,16.48000,16.00000,7058600,0.014585,15.89000,16.05000,15.84000,0.014585
25785,2002-07-01,F,FORD MOTOR CO DEL,,,15.50000,16.24000,15.52000,6957500,-0.030000,15.51000,15.53000,16.00000,-0.030000
25785,2002-07-02,F,FORD MOTOR CO DEL,,,15.25000,15.99000,15.76000,10598700,0.015464,15.65000,15.90000,15.53000,0.015464
25785,2002-07-03,F,FORD MOTOR CO DEL,,,15.00000,15.62000,15.30000,9156300,-0.029188,15.26000,15.40000,15.44000,-0.029188
25785,2002-07-05,F,FORD MOTOR CO DEL,,,15.40000,15.74000,15.69000,3731000,0.025490,15.53000,15.67000,15.40000,0.025490
25785,2002-07-08,F,FORD MOTOR CO DEL,,,15.03000,15.67000,15.15000,7476100,-0.034417,15.14000,15.35000,15.57000,-0.034417
25785,2002-07-09,F,FORD MOTOR CO DEL,,,15.06000,15.48000,15.11000,6800400,-0.002640,15.07000,15.20000,15.26000,-0.002640
25785,2002-07-10,F,FORD MOTOR CO DEL,,,13.95000,15.03000,13.99000,17840000,-0.074123,13.90000,14.02000,15.02000,-0.074123
25785,2002-07-11,F,FORD MOTOR CO DEL,,,12.94000,13.76000,13.18000,20487400,-0.057898,13.17000,13.19000,13.75000,-0.057898
25785,2002-07-12,F,FORD MOTOR CO DEL,,,12.51000,13.38000,12.61000,18109100,-0.043247,12.60000,12.62000,13.20000,-0.043247
25785,2002-07-15,F,FORD MOTOR CO DEL,,,12.21000,12.97000,12.80000,11812700,0.015067,12.88000,12.93000,12.60000,0.015067
25785,2002-07-16,F,FORD MOTOR CO DEL,,,12.26000,17.50000,12.50000,10309200,-0.023438,12.53000,12.63000,12.80000,-0.023438
25785,2002-07-17,F,FORD MOTOR CO DEL,,,12.33000,13.51000,12.52000,13321400,0.001600,12.55000,12.70000,13.48000,0.001600
25785,2002-07-18,F,FORD MOTOR CO DEL,,,12.45000,13.15000,12.81000,9636100,0.023163,12.75000,12.91000,13.15000,0.023163
25785,2002-07-19,F,FORD MOTOR CO DEL,,,12.23000,12.99000,12.39000,9290400,-0.032787,12.27000,12.49000,12.81000,-0.032787
25785,2002-07-22,F,FORD MOTOR CO DEL,,,11.95000,12.91000,12.27000,13732600,-0.009685,12.15000,12.24000,12.45000,-0.009685
25785,2002-07-23,F,FORD MOTOR CO DEL,,,12.01000,12.46000,12.10000,12161500,-0.013855,12.11000,12.16000,12.36000,-0.013855
25785,2002-07-24,F,FORD MOTOR CO DEL,,,11.52000,12.85000,12.64000,12548500,0.044628,12.54000,12.65000,12.00000,0.044628
25785,2002-07-25,F,FORD MOTOR CO DEL,,,12.11000,12.80000,12.56000,11765500,-0.006329,12.55000,12.56000,12.49000,-0.006329
25785,2002-07-26,F,FORD MOTOR CO DEL,,,12.27000,12.74000,12.60000,6009400,0.003185,12.59000,12.65000,12.50000,0.003185
25785,2002-07-29,F,FORD MOTOR CO DEL,,,12.74000,13.30000,13.13000,9472700,0.042063,13.07000,13.15000,12.95000,0.042063
25785,2002-07-30,F,FORD MOTOR CO DEL,,,13.01000,13.36000,13.20000,7128500,0.005331,13.19000,13.20000,13.17000,0.005331
25785,2002-07-31,F,FORD MOTOR CO DEL,,,13.05000,13.47000,13.47000,6921600,0.028030,13.40000,13.41000,13.28000,0.020455
25785,2002-08-01,F,FORD MOTOR CO DEL,,,13.01000,13.52000,13.05000,7331700,-0.031180,13.03000,13.07000,13.37000,-0.031180
25785,2002-08-02,F,FORD MOTOR CO DEL,,,12.20000,13.10000,12.45000,7755600,-0.045977,12.32000,12.54000,13.10000,-0.045977
25785,2002-08-05,F,FORD MOTOR CO DEL,,,11.66000,12.55000,11.76000,13162400,-0.055422,11.75000,11.80000,12.45000,-0.055422
25785,2002-08-06,F,FORD MOTOR CO DEL,,,12.00000,12.40000,12.16000,6449000,0.034014,12.12000,12.25000,12.08000,0.034014
25785,2002-08-07,F,FORD MOTOR CO DEL,,,11.98000,12.37000,12.28000,7189700,0.009868,12.20000,12.27000,12.36000,0.009868
25785,2002-08-08,F,FORD MOTOR CO DEL,,,11.65000,12.28000,11.92000,12212700,-0.029316,11.86000,11.96000,12.28000,-0.029316
25785,2002-08-09,F,FORD MOTOR CO DEL,,,11.61000,11.99000,11.84000,10075000,-0.006711,11.75000,11.95000,11.98000,-0.006711
25785,2002-08-12,F,FORD MOTOR CO DEL,,,11.55000,11.97000,11.64000,8458700,-0.016892,11.60000,11.66000,11.80000,-0.016892
25785,2002-08-13,F,FORD MOTOR CO DEL,,,11.29000,11.85000,11.44000,8940600,-0.017182,11.35000,11.48000,11.64000,-0.017182
25785,2002-08-14,F,FORD MOTOR CO DEL,,,10.65000,11.51000,11.35000,19461800,-0.007867,11.30000,11.36000,11.44000,-0.007867
25785,2002-08-15,F,FORD MOTOR CO DEL,,,10.98000,11.81000,11.61000,9998200,0.022907,11.56000,11.69000,11.50000,0.022907
25785,2002-08-16,F,FORD MOTOR CO DEL,,,11.35000,11.66000,11.39000,7081500,-0.018949,11.37000,11.49000,11.60000,-0.018949
25785,2002-08-19,F,FORD MOTOR CO DEL,,,11.41000,12.20000,12.13000,10927900,0.064969,12.00000,12.10000,11.58000,0.064969
25785,2002-08-20,F,FORD MOTOR CO DEL,,,11.81100,12.23000,11.91000,8973800,-0.018137,11.80000,12.00000,12.03000,-0.018137
25785,2002-08-21,F,FORD MOTOR CO DEL,,,11.85000,12.22000,11.95000,12795900,0.003359,11.92000,12.00000,12.00000,0.003359
25785,2002-08-22,F,FORD MOTOR CO DEL,,,11.89000,12.24000,12.17000,7632700,0.018410,12.07000,12.20000,12.03000,0.018410
25785,2002-08-23,F,FORD MOTOR CO DEL,,,11.73000,12.13000,11.78000,6839100,-0.032046,11.77000,11.79000,12.09000,-0.032046
25785,2002-08-26,F,FORD MOTOR CO DEL,,,11.82000,12.19000,12.08000,5801900,0.025467,11.98000,12.10000,11.88000,0.025467
25785,2002-08-27,F,FORD MOTOR CO DEL,,,11.79000,12.42000,11.89000,9054800,-0.015728,11.80000,11.96000,12.27000,-0.015728
25785,2002-08-28,F,FORD MOTOR CO DEL,,,11.54000,11.92000,11.63000,8888500,-0.021867,11.54000,11.57000,11.89000,-0.021867
25785,2002-08-29,F,FORD MOTOR CO DEL,,,11.52000,11.80000,11.63000,6655400,0.000000,11.62000,11.65000,11.56000,0.000000
25785,2002-08-30,F,FORD MOTOR CO DEL,,,11.55000,11.88000,11.77000,5241400,0.012038,11.66000,11.85000,11.63000,0.012038
25785,2002-09-03,F,FORD MOTOR CO DEL,,,10.93000,11.51000,10.94000,14112600,-0.070518,10.90000,11.04000,11.50000,-0.070518
25785,2002-09-04,F,FORD MOTOR CO DEL,,,10.62000,11.11000,11.05000,12194600,0.010055,10.91000,11.10000,10.99000,0.010055
25785,2002-09-05,F,FORD MOTOR CO DEL,,,10.49000,10.96000,10.69000,13578000,-0.032579,10.58000,10.70000,10.95000,-0.032579
25785,2002-09-06,F,FORD MOTOR CO DEL,,,10.16000,11.00000,10.20000,16488200,-0.045837,10.19000,10.20000,11.00000,-0.045837
25785,2002-09-09,F,FORD MOTOR CO DEL,,,10.16000,11.00000,10.80000,11910200,0.058824,10.86000,10.90000,10.20000,0.058824
25785,2002-09-10,F,FORD MOTOR CO DEL,,,10.70000,11.22000,10.90000,13688300,0.009259,10.89000,10.91000,11.20000,0.009259
25785,2002-09-11,F,FORD MOTOR CO DEL,,,10.73000,11.45000,11.16000,9069400,0.023853,11.08000,11.16000,11.45000,0.023853
25785,2002-09-12,F,FORD MOTOR CO DEL,,,10.75000,11.10000,10.89000,9529400,-0.024194,10.85000,10.92000,11.10000,-0.024194
25785,2002-09-13,F,FORD MOTOR CO DEL,,,10.43000,10.92000,10.65000,9091400,-0.022039,10.55000,10.70000,10.90000,-0.022039
25785,2002-09-16,F,FORD MOTOR CO DEL,,,10.55000,10.82000,10.69000,8379600,0.003756,10.61000,10.71000,10.65000,0.003756
25785,2002-09-17,F,FORD MOTOR CO DEL,,,10.36000,11.01000,10.47000,11091500,-0.020580,10.37000,10.47000,10.90000,-0.020580
25785,2002-09-18,F,FORD MOTOR CO DEL,,,9.92000,10.45000,10.26000,14141600,-0.020057,10.25000,10.26000,10.30000,-0.020057
25785,2002-09-19,F,FORD MOTOR CO DEL,,,9.71000,10.13000,9.87000,11642600,-0.038012,9.81000,9.94000,10.00000,-0.038012
25785,2002-09-20,F,FORD MOTOR CO DEL,,,9.53000,9.97000,9.77000,13940500,-0.010132,9.72000,9.81000,9.87000,-0.010132
25785,2002-09-23,F,FORD MOTOR CO DEL,,,9.48000,9.79000,9.66000,8739500,-0.011259,9.56000,9.72000,9.79000,-0.011259
25785,2002-09-24,F,FORD MOTOR CO DEL,,,9.24000,9.63000,9.34000,10987700,-0.033126,9.27000,9.44000,9.37000,-0.033126
25785,2002-09-25,F,FORD MOTOR CO DEL,,,9.60000,10.15000,9.97000,14334600,0.067452,9.88000,9.97000,9.60000,0.067452
25785,2002-09-26,F,FORD MOTOR CO DEL,,,9.88000,10.26000,10.11000,11439900,0.014042,10.01000,10.19000,10.07000,0.014042
25785,2002-09-27,F,FORD MOTOR CO DEL,,,9.50000,9.98000,9.63000,8270800,-0.047478,9.59000,9.70000,9.82000,-0.047478
25785,2002-09-30,F,FORD MOTOR CO DEL,,,9.40000,9.97000,9.80000,13142400,0.017653,9.64000,9.82000,9.63000,0.017653
25785,2002-10-01,F,FORD MOTOR CO DEL,,,9.34000,9.99000,9.90000,13381300,0.010204,9.89000,9.94000,9.68000,0.010204
25785,2002-10-02,F,FORD MOTOR CO DEL,,,9.25000,9.78000,9.33000,11536400,-0.057576,9.26000,9.35000,9.78000,-0.057576
25785,2002-10-03,F,FORD MOTOR CO DEL,,,9.02000,9.33000,9.16000,9938300,-0.018221,9.10000,9.13000,9.30000,-0.018221
25785,2002-10-04,F,FORD MOTOR CO DEL,,,8.50000,9.23000,8.66000,18245200,-0.054585,8.64000,8.67000,9.16000,-0.054585
25785,2002-10-07,F,FORD MOTOR CO DEL,,,8.40000,8.75000,8.50000,10377600,-0.018476,8.49000,8.50000,8.66000,-0.018476
25785,2002-10-08,F,FORD MOTOR CO DEL,,,7.51000,8.51000,7.75000,29213100,-0.088235,7.75000,7.76000,8.50000,-0.088235
25785,2002-10-09,F,FORD MOTOR CO DEL,,,6.90000,7.54000,7.15000,47825800,-0.077419,7.15000,7.20000,7.53000,-0.077419
25785,2002-10-10,F,FORD MOTOR CO DEL,,,7.10000,7.74000,7.60000,26603600,0.062937,7.60000,7.60000,7.30000,0.062937
25785,2002-10-11,F,FORD MOTOR CO DEL,,,7.94000,8.75000,8.32000,27098600,0.094737,8.31000,8.32000,8.00000,0.094737
25785,2002-10-14,F,FORD MOTOR CO DEL,,,7.61100,8.33000,7.93000,17419100,-0.046875,7.96000,7.97000,8.33000,-0.046875
25785,2002-10-15,F,FORD MOTOR CO DEL,,,8.35000,8.87000,8.87000,21841900,0.118537,8.80000,8.81000,8.70000,0.118537
25785,2002-10-16,F,FORD MOTOR CO DEL,,,8.02000,9.07000,8.26000,27451400,-0.068771,8.25000,8.26000,8.97000,-0.068771
25785,2002-10-17,F,FORD MOTOR CO DEL,,,8.44000,8.95000,8.49000,15249900,0.027845,8.48000,8.49000,8.76000,0.027845
25785,2002-10-18,F,FORD MOTOR CO DEL,,,8.00000,8.49000,8.26000,11670000,-0.027091,8.25000,8.26000,8.49000,-0.027091
25785,2002-10-21,F,FORD MOTOR CO DEL,,,8.25000,9.55000,9.55000,22307100,0.156174,9.51000,9.54000,8.48000,0.156174
25785,2002-10-22,F,FORD MOTOR CO DEL,,,9.26000,9.97000,9.40000,19052400,-0.015707,9.50000,9.51000,9.54000,-0.015707
25785,2002-10-23,F,FORD MOTOR CO DEL,,,8.87400,9.40000,9.17000,14888000,-0.024468,9.15000,9.19000,9.37000,-0.024468
25785,2002-10-24,F,FORD MOTOR CO DEL,,,8.75000,9.39000,8.86000,10672000,-0.033806,8.76000,8.80000,9.10000,-0.033806
25785,2002-10-25,F,FORD MOTOR CO DEL,,,8.39000,8.84000,8.72000,9608200,-0.015801,8.71000,8.72000,8.50000,-0.015801
25785,2002-10-28,F,FORD MOTOR CO DEL,,,8.75000,9.08000,8.78000,8066500,0.006881,8.76000,8.80000,8.82000,0.006881
25785,2002-10-29,F,FORD MOTOR CO DEL,,,8.35000,8.85000,8.35000,10894500,-0.048975,8.44000,8.55000,8.78000,-0.048975
25785,2002-10-30,F,FORD MOTOR CO DEL,,,8.26000,8.54000,8.42000,7416300,0.020359,8.35000,8.45000,8.40000,0.008383
25785,2002-10-31,F,FORD MOTOR CO DEL,,,8.37000,8.64000,8.46000,9332500,0.004751,8.40000,8.46000,8.55000,0.004751
25785,2002-11-01,F,FORD MOTOR CO DEL,,,8.31000,8.59000,8.43000,8035000,-0.003546,8.43000,8.44000,8.43000,-0.003546
25785,2002-11-04,F,FORD MOTOR CO DEL,,,8.51000,8.97000,8.56000,9089500,0.015421,8.56000,8.62000,8.71000,0.015421
25785,2002-11-05,F,FORD MOTOR CO DEL,,,8.56000,8.98000,8.90000,10710100,0.039720,8.89000,8.90000,8.57000,0.039720
25785,2002-11-06,F,FORD MOTOR CO DEL,,,8.96000,9.49900,9.35000,14891500,0.050562,9.36000,9.41000,8.99000,0.050562
25785,2002-11-07,F,FORD MOTOR CO DEL,,,8.75000,9.30000,8.80000,12567700,-0.058824,8.78000,8.82000,9.26000,-0.058824
25785,2002-11-08,F,FORD MOTOR CO DEL,,,8.50000,9.05000,8.74000,7892700,-0.006818,8.65000,8.70000,8.88000,-0.006818
25785,2002-11-11,F,FORD MOTOR CO DEL,,,8.44000,8.69000,8.50000,6267900,-0.027460,8.48000,8.50000,8.68000,-0.027460
25785,2002-11-12,F,FORD MOTOR CO DEL,,,8.51000,8.76000,8.63000,7439900,0.015294,8.60000,8.66000,8.60000,0.015294
25785,2002-11-13,F,FORD MOTOR CO DEL,,,8.41000,8.70000,8.52000,14083200,-0.012746,8.51000,8.55000,8.64000,-0.012746
25785,2002-11-14,F,FORD MOTOR CO DEL,,,8.67000,8.95000,8.80000,8025100,0.032864,8.83000,8.84000,8.72000,0.032864
25785,2002-11-15,F,FORD MOTOR CO DEL,,,8.53000,8.90000,8.65000,8757200,-0.017046,8.62000,8.70000,8.60000,-0.017046
25785,2002-11-18,F,FORD MOTOR CO DEL,,,8.70000,8.89000,8.80000,6880300,0.017341,8.79000,8.83000,8.78000,0.017341
25785,2002-11-19,F,FORD MOTOR CO DEL,,,8.51000,8.77000,8.55000,9559400,-0.028409,8.56000,8.58000,8.76000,-0.028409
25785,2002-11-20,F,FORD MOTOR CO DEL,,,8.55000,9.02000,8.93000,8629800,0.044444,8.96000,8.98000,8.58000,0.044444
25785,2002-11-21,F,FORD MOTOR CO DEL,,,8.98000,10.43000,10.32000,32467700,0.155655,10.29000,10.32000,9.00000,0.155655
25785,2002-11-22,F,FORD MOTOR CO DEL,,,9.79000,10.44000,10.21000,15013900,-0.010659,10.19000,10.21000,9.80000,-0.010659
25785,2002-11-25,F,FORD MOTOR CO DEL,,,10.35000,10.89000,10.88000,16358200,0.065622,10.86000,10.87000,10.38000,0.065622
25785,2002-11-26,F,FORD MOTOR CO DEL,,,10.72000,11.40000,10.82000,21852000,-0.005515,10.81000,10.89000,10.88000,-0.005515
25785,2002-11-27,F,FORD MOTOR CO DEL,,,10.88000,11.21000,11.03000,9900100,0.019409,11.01000,11.04000,11.05000,0.019409
25785,2002-11-29,F,FORD MOTOR CO DEL,,,11.11000,11.50000,11.38000,7650000,0.031732,11.36000,11.38000,11.13000,0.031732
25785,2002-12-02,F,FORD MOTOR CO DEL,,,11.36000,11.91000,11.45000,12193000,0.006151,11.42000,11.48000,11.65000,0.006151
25785,2002-12-03,F,FORD MOTOR CO DEL,,,9.91000,11.45000,9.96000,29233900,-0.130131,9.95000,9.96000,11.45000,-0.130131
25785,2002-12-04,F,FORD MOTOR CO DEL,,,9.70000,10.46000,10.15000,19457600,0.019076,10.14000,10.15000,9.96000,0.019076
25785,2002-12-05,F,FORD MOTOR CO DEL,,,9.93000,10.38000,10.02000,11825400,-0.012808,9.97000,10.03000,10.36000,-0.012808
25785,2002-12-06,F,FORD MOTOR CO DEL,,,9.65000,9.91000,9.88000,11901000,-0.013972,9.85000,9.91000,9.87000,-0.013972
25785,2002-12-09,F,FORD MOTOR CO DEL,,,9.33000,9.84000,9.45000,8615900,-0.043522,9.42000,9.45000,9.56000,-0.043522
25785,2002-12-10,F,FORD MOTOR CO DEL,,,9.45000,9.75000,9.62000,5554700,0.017989,9.58000,9.59000,9.64000,0.017989
25785,2002-12-11,F,FORD MOTOR CO DEL,,,9.50000,9.94000,9.68000,7737000,0.006237,9.66000,9.77000,9.62000,0.006237
25785,2002-12-12,F,FORD MOTOR CO DEL,,,9.58000,9.95000,9.85000,6634200,0.017562,9.81000,9.90000,9.58000,0.017562
25785,2002-12-13,F,FORD MOTOR CO DEL,,,9.64000,9.82000,9.70000,6052500,-0.015228,9.68000,9.69000,9.77000,-0.015228
25785,2002-12-16,F,FORD MOTOR CO DEL,,,9.69000,9.94000,9.94000,5672500,0.024742,9.90000,9.92000,9.70000,0.024742
25785,2002-12-17,F,FORD MOTOR CO DEL,,,9.72000,10.03000,9.88000,7140500,-0.006036,9.88000,9.90000,9.77000,-0.006036
25785,2002-12-18,F,FORD MOTOR CO DEL,,,9.63000,9.88000,9.71000,7513900,-0.017206,9.66000,9.80000,9.82000,-0.017206
25785,2002-12-19,F,FORD MOTOR CO DEL,,,9.61000,9.92000,9.78000,8413700,0.007209,9.76000,9.83000,9.61000,0.007209
25785,2002-12-20,F,FORD MOTOR CO DEL,,,9.74000,9.94000,9.78000,9584700,0.000000,9.79000,9.80000,9.82000,0.000000
25785,2002-12-23,F,FORD MOTOR CO DEL,,,9.60000,9.85000,9.63000,5316900,-0.015337,9.65000,9.66000,9.78000,-0.015337
25785,2002-12-24,F,FORD MOTOR CO DEL,,,9.52000,9.73000,9.60000,2599000,-0.003115,9.56000,9.64000,9.69000,-0.003115
25785,2002-12-26,F,FORD MOTOR CO DEL,,,9.63000,9.85000,9.79000,4364000,0.019792,9.71000,9.81000,9.65000,0.019792
25785,2002-12-27,F,FORD MOTOR CO DEL,,,9.53000,9.80000,9.58000,3873300,-0.021450,9.55000,9.65000,9.74000,-0.021450
25785,2002-12-30,F,FORD MOTOR CO DEL,,,9.46000,9.67000,9.60000,5935400,0.002088,9.56000,9.58000,9.58000,0.002088
25785,2002-12-31,F,FORD MOTOR CO DEL,,,9.30000,9.57000,9.30000,7257400,-0.031250,9.33000,9.35000,9.50000,-0.031250
25785,2003-01-02,F,FORD MOTOR CO DEL,,,9.47000,9.95000,9.94000,10137700,0.068817,9.89000,9.94000,9.50000,0.068817
25785,2003-01-03,F,FORD MOTOR CO DEL,,,9.67000,9.97000,9.68000,8436000,-0.026157,9.67000,9.75000,9.88000,-0.026157
25785,2003-01-06,F,FORD MOTOR CO DEL,,,9.68000,10.15000,10.07000,11028800,0.040289,10.07000,10.08000,9.70000,0.040289
25785,2003-01-07,F,FORD MOTOR CO DEL,,,9.95000,10.25000,10.13000,8407000,0.005958,10.06000,10.10000,10.07000,0.005958
25785,2003-01-08,F,FORD MOTOR CO DEL,,,9.94000,10.20000,10.01000,9246600,-0.011846,9.97000,10.04000,10.13000,-0.011846
25785,2003-01-09,F,FORD MOTOR CO DEL,,,10.02000,10.30000,10.23000,7114100,0.021978,10.21000,10.23000,10.02000,0.021978
25785,2003-01-10,F,FORD MOTOR CO DEL,,,9.96000,10.80000,10.50000,18239600,0.026393,10.35000,10.40000,10.11000,0.026393
25785,2003-01-13,F,FORD MOTOR CO DEL,,,10.42000,10.73000,10.58000,8319900,0.007619,10.54000,10.56000,10.68000,0.007619
25785,2003-01-14,F,FORD MOTOR CO DEL,,,10.38000,10.58000,10.53000,6848000,-0.004726,10.53000,10.58000,10.42000,-0.004726
25785,2003-01-15,F,FORD MOTOR CO DEL,,,10.22000,10.58000,10.30000,6810600,-0.021842,10.26000,10.34000,10.52000,-0.021842
25785,2003-01-16,F,FORD MOTOR CO DEL,,,10.32000,10.55000,10.43000,7156800,0.012621,10.38000,10.42000,10.46000,0.012621
25785,2003-01-17,F,FORD MOTOR CO DEL,,,10.04000,10.36000,10.16000,8473200,-0.025887,10.13000,10.20000,10.35000,-0.025887
25785,2003-01-21,F,FORD MOTOR CO DEL,,,9.98000,10.38000,10.14000,9742500,-0.001968,10.10000,10.13000,10.30000,-0.001968
25785,2003-01-22,F,FORD MOTOR CO DEL,,,9.70000,10.09000,9.74000,9299500,-0.039448,9.71000,9.76000,10.07000,-0.039448
25785,2003-01-23,F,FORD MOTOR CO DEL,,,9.75000,10.04000,10.01000,9601500,0.027721,10.00000,10.02000,9.82000,0.027721
25785,2003-01-24,F,FORD MOTOR CO DEL,,,9.72000,10.00000,9.75000,6333400,-0.025974,9.75000,9.76000,10.00000,-0.025974
25785,2003-01-27,F,FORD MOTOR CO DEL,,,9.39000,9.73000,9.47000,8565000,-0.028718,9.46000,9.49000,9.56000,-0.028718
25785,2003-01-28,F,FORD MOTOR CO DEL,,,9.47000,9.66000,9.57000,7213000,0.010560,9.57000,9.59000,9.51000,0.010560
25785,2003-01-29,F,FORD MOTOR CO DEL,,,9.28000,9.48000,9.39000,5682100,-0.008359,9.39000,9.48000,9.40000,-0.018809
25785,2003-01-30,F,FORD MOTOR CO DEL,,,8.96000,9.45000,9.01000,8541900,-0.040469,9.00000,9.04000,9.39000,-0.040469
25785,2003-01-31,F,FORD MOTOR CO DEL,,,8.92000,9.22000,9.11000,6400800,0.011099,9.10000,9.13000,8.93000,0.011099
25785,2003-02-03,F,FORD MOTOR CO DEL,,,9.11000,9.31000,9.20000,5077500,0.009879,9.17000,9.19000,9.11000,0.009879
25785,2003-02-04,F,FORD MOTOR CO DEL,,,8.96000,9.20000,9.01000,7343300,-0.020652,9.00000,9.04000,9.20000,-0.020652
25785,2003-02-05,F,FORD MOTOR CO DEL,,,8.58000,9.24000,9.09000,5889400,0.008879,9.06000,9.08000,9.18000,0.008879
25785,2003-02-06,F,FORD MOTOR CO DEL,,,8.90000,9.05000,8.99000,4755500,-0.011001,8.96000,8.99000,9.00000,-0.011001
25785,2003-02-07,F,FORD MOTOR CO DEL,,,8.76000,9.11000,8.80000,5346000,-0.021135,8.78000,8.80000,9.08000,-0.021135
25785,2003-02-10,F,FORD MOTOR CO DEL,,,8.69000,8.95000,8.95000,5903700,0.017045,8.85000,8.94000,8.81000,0.017045
25785,2003-02-11,F,FORD MOTOR CO DEL,,,8.78000,9.04000,8.85000,6826100,-0.011173,8.87000,8.88000,9.02000,-0.011173
25785,2003-02-12,F,FORD MOTOR CO DEL,,,8.62000,8.85000,8.75000,7379100,-0.011299,8.70000,8.79000,8.75000,-0.011299
25785,2003-02-13,F,FORD MOTOR CO DEL,,,8.36000,8.70000,8.44000,8461900,-0.035429,8.43000,8.45000,8.65000,-0.035429
25785,2003-02-14,F,FORD MOTOR CO DEL,,,8.40000,8.78000,8.69000,5868800,0.029621,8.67000,8.72000,8.50000,0.029621
25785,2003-02-18,F,FORD MOTOR CO DEL,,,8.69000,9.08000,8.93000,5959700,0.027618,8.93000,9.00000,8.70000,0.027618
25785,2003-02-19,F,FORD MOTOR CO DEL,,,8.75000,8.96000,8.82000,5849300,-0.012318,8.75000,8.85000,8.95000,-0.012318
25785,2003-02-20,F,FORD MOTOR CO DEL,,,8.61000,8.85000,8.65000,4516200,-0.019274,8.65000,8.66000,8.80000,-0.019274
25785,2003-02-21,F,FORD MOTOR CO DEL,,,8.25000,8.57000,8.44000,11904500,-0.024277,8.42000,8.46000,8.57000,-0.024277
25785,2003-02-24,F,FORD MOTOR CO DEL,,,8.25000,8.45000,8.29000,7219700,-0.017772,8.26000,8.29000,8.45000,-0.017772
25785,2003-02-25,F,FORD MOTOR CO DEL,,,8.00000,8.23000,8.08000,15336600,-0.025332,8.12000,8.14000,8.20000,-0.025332
25785,2003-02-26,F,FORD MOTOR CO DEL,,,8.04000,8.22000,8.11000,10026600,0.003713,8.09000,8.11000,8.22000,0.003713
25785,2003-02-27,F,FORD MOTOR CO DEL,,,8.11000,8.33000,8.33000,8245100,0.027127,8.30000,8.31000,8.18000,0.027127
25785,2003-02-28,F,FORD MOTOR CO DEL,,,8.24000,8.44000,8.32000,6198400,-0.001201,8.28000,8.31000,8.38000,-0.001201
25785,2003-03-03,F,FORD MOTOR CO DEL,,,8.02000,8.42000,8.07000,10279900,-0.030048,8.07000,8.08000,8.38000,-0.030048
25785,2003-03-04,F,FORD MOTOR CO DEL,,,7.66000,8.00000,7.74000,18522700,-0.040892,7.72000,7.73000,8.00000,-0.040892
25785,2003-03-05,F,FORD MOTOR CO DEL,,,7.64000,7.80000,7.76000,9986200,0.002584,7.75000,7.77000,7.74000,0.002584
25785,2003-03-06,F,FORD MOTOR CO DEL,,,7.42000,7.75000,7.45000,11409500,-0.039949,7.44000,7.45000,7.70000,-0.039949
25785,2003-03-07,F,FORD MOTOR CO DEL,,,7.11000,7.40000,7.22000,24310900,-0.030872,7.22000,7.23000,7.20000,-0.030872
25785,2003-03-10,F,FORD MOTOR CO DEL,,,6.97000,7.29000,6.99000,16230300,-0.031856,6.98000,6.99000,7.29000,-0.031856
25785,2003-03-11,F,FORD MOTOR CO DEL,,,6.58000,7.22000,6.60000,27664100,-0.055794,6.60000,6.61000,7.00000,-0.055794
25785,2003-03-12,F,FORD MOTOR CO DEL,,,6.76000,7.13000,7.08000,24384200,0.072727,7.10000,7.11000,6.84000,0.072727
25785,2003-03-13,F,FORD MOTOR CO DEL,,,6.93000,7.39000,7.13000,23137800,0.007062,7.12000,7.13000,7.35000,0.007062
25785,2003-03-14,F,FORD MOTOR CO DEL,,,6.71000,7.13000,6.76000,27352100,-0.051893,6.80000,6.81000,7.13000,-0.051893
25785,2003-03-17,F,FORD MOTOR CO DEL,,,6.60000,7.25000,7.19000,24554900,0.063609,7.19000,7.20000,6.70000,0.063609
25785,2003-03-18,F,FORD MOTOR CO DEL,,,7.25000,7.60000,7.55000,19533700,0.050070,7.54000,7.55000,7.39000,0.050070
25785,2003-03-19,F,FORD MOTOR CO DEL,,,7.40000,7.70000,7.63000,17871200,0.010596,7.59000,7.60000,7.50000,0.010596
25785,2003-03-20,F,FORD MOTOR CO DEL,,,7.28000,7.66000,7.50000,10667500,-0.017038,7.53000,7.54000,7.56000,-0.017038
25785,2003-03-21,F,FORD MOTOR CO DEL,,,7.64000,8.03000,8.02000,17371500,0.069333,7.99000,8.00000,7.78000,0.069333
25785,2003-03-24,F,FORD MOTOR CO DEL,,,7.46000,7.76000,7.56000,12919100,-0.057357,7.55000,7.56000,7.75000,-0.057357
25785,2003-03-25,F,FORD MOTOR CO DEL,,,7.53000,7.68000,7.63000,9248500,0.009259,7.62000,7.63000,7.65000,0.009259
25785,2003-03-26,F,FORD MOTOR CO DEL,,,7.55000,7.73000,7.65000,7208800,0.002621,7.63000,7.65000,7.65000,0.002621
25785,2003-03-27,F,FORD MOTOR CO DEL,,,7.46000,7.59000,7.58000,6875900,-0.009150,7.55000,7.57000,7.58000,-0.009150
25785,2003-03-28,F,FORD MOTOR CO DEL,,,7.32000,7.50000,7.41000,6124700,-0.022427,7.39000,7.41000,7.48000,-0.022427
25785,2003-03-31,F,FORD MOTOR CO DEL,,,7.20000,7.60000,7.52000,13134700,0.014845,7.50000,7.51000,7.30000,0.014845
25785,2003-04-01,F,FORD MOTOR CO DEL,,,7.30000,7.55000,7.48000,15967000,-0.005319,7.47000,7.48000,7.30000,-0.005319
25785,2003-04-02,F,FORD MOTOR CO DEL,,,7.62000,7.99000,7.75000,16822000,0.036096,7.75000,7.76000,7.75000,0.036096
25785,2003-04-03,F,FORD MOTOR CO DEL,,,7.77000,7.96000,7.88000,10528000,0.016774,7.85000,7.86000,7.93000,0.016774
25785,2003-04-04,F,FORD MOTOR CO DEL,,,7.83000,8.01000,7.89000,6037600,0.001269,7.85000,7.92000,8.00000,0.001269
25785,2003-04-07,F,FORD MOTOR CO DEL,,,8.00000,8.38000,8.05000,12637800,0.020279,8.02000,8.03000,8.33000,0.020279
25785,2003-04-08,F,FORD MOTOR CO DEL,,,7.88000,8.12000,7.90000,8909200,-0.018634,7.88000,7.91000,8.05000,-0.018634
25785,2003-04-09,F,FORD MOTOR CO DEL,,,7.79000,8.05000,7.94000,9605300,0.005063,7.93000,7.94000,8.05000,0.005063
25785,2003-04-10,F,FORD MOTOR CO DEL,,,7.85000,8.04000,7.90000,5692000,-0.005038,7.89000,7.93000,7.98000,-0.005038
25785,2003-04-11,F,FORD MOTOR CO DEL,,,7.97000,8.18000,8.10000,9170700,0.025316,8.07000,8.09000,7.98000,0.025316
25785,2003-04-14,F,FORD MOTOR CO DEL,,,8.12000,8.50000,8.49000,12911100,0.048148,8.49000,8.50000,8.14000,0.048148
25785,2003-04-15,F,FORD MOTOR CO DEL,,,7.88000,8.40000,8.35000,10302100,-0.016490,8.34000,8.35000,7.88000,-0.016490
25785,2003-04-16,F,FORD MOTOR CO DEL,,,9.00000,9.60000,9.23000,36082300,0.105389,9.22000,9.23000,9.00000,0.105389
25785,2003-04-17,F,FORD MOTOR CO DEL,,,9.22000,9.50000,9.41000,16787000,0.019502,9.40000,9.41000,9.23000,0.019502
25785,2003-04-21,F,FORD MOTOR CO DEL,,,9.51000,9.92000,9.92000,18288800,0.054198,9.88000,9.90000,9.68000,0.054198
25785,2003-04-22,F,FORD MOTOR CO DEL,,,9.52000,10.41000,10.32000,23712100,0.040323,10.32000,10.33000,9.52000,0.040323
25785,2003-04-23,F,FORD MOTOR CO DEL,,,10.36000,10.97900,10.86000,28997100,0.052326,10.84000,10.89000,10.42000,0.052326
25785,2003-04-24,F,FORD MOTOR CO DEL,,,10.30000,10.75000,10.50000,16671000,-0.033149,10.49000,10.50000,10.72000,-0.033149
25785,2003-04-25,F,FORD MOTOR CO DEL,,,9.76000,10.39000,9.96000,22050600,-0.051429,9.94000,9.99000,10.03000,-0.051429
25785,2003-04-28,F,FORD MOTOR CO DEL,,,9.95000,10.17000,10.16000,12290500,0.020080,10.05000,10.16000,9.97000,0.020080
25785,2003-04-29,F,FORD MOTOR CO DEL,,,10.13000,10.40000,10.32000,16723100,0.015748,10.31000,10.32000,10.17000,0.015748
25785,2003-04-30,F,FORD MOTOR CO DEL,,,10.05000,10.40000,10.30000,16035100,0.007752,10.29000,10.31000,10.25000,-0.001938
25785,2003-05-01,F,FORD MOTOR CO DEL,,,9.85000,10.32000,9.98000,18082900,-0.031068,9.96000,9.99000,10.32000,-0.031068
25785,2003-05-02,F,FORD MOTOR CO DEL,,,9.56000,10.11000,10.04000,12717000,0.006012,10.03000,10.06000,9.56000,0.006012
25785,2003-05-05,F,FORD MOTOR CO DEL,,,10.00000,10.10000,10.05000,12940800,0.000996,10.01000,10.08000,10.05000,0.000996
25785,2003-05-06,F,FORD MOTOR CO DEL,,,10.00000,10.10800,10.03000,11987500,-0.001990,10.02000,10.03000,10.06000,-0.001990
25785,2003-05-07,F,FORD MOTOR CO DEL,,,9.88000,10.08000,10.00000,11165100,-0.002991,10.00000,10.03000,9.95000,-0.002991
25785,2003-05-08,F,FORD MOTOR CO DEL,,,9.89000,10.00000,9.92000,5776100,-0.008000,9.91000,9.92000,9.95000,-0.008000
25785,2003-05-09,F,FORD MOTOR CO DEL,,,9.79000,9.96000,9.89000,10544600,-0.003024,9.87000,9.89000,9.90000,-0.003024
25785,2003-05-12,F,FORD MOTOR CO DEL,,,9.80000,10.10000,10.04000,6382500,0.015167,10.00000,10.07000,9.93000,0.015167
25785,2003-05-13,F,FORD MOTOR CO DEL,,,10.04000,10.14000,10.14000,7840700,0.009960,10.06000,10.14000,10.05000,0.009960
25785,2003-05-14,F,FORD MOTOR CO DEL,,,9.97000,10.25000,10.02000,7956400,-0.011834,10.00000,10.02000,10.16000,-0.011834
25785,2003-05-15,F,FORD MOTOR CO DEL,,,9.92000,10.16000,9.96000,12891000,-0.005988,9.95000,9.96000,10.02000,-0.005988
25785,2003-05-16,F,FORD MOTOR CO DEL,,,9.88000,10.07000,10.02000,10225700,0.006024,10.01000,10.02000,9.89000,0.006024
25785,2003-05-19,F,FORD MOTOR CO DEL,,,9.80000,9.95000,9.82000,8820800,-0.019960,9.81000,9.82000,9.92000,-0.019960
25785,2003-05-20,F,FORD MOTOR CO DEL,,,9.50000,9.96000,9.62000,9763200,-0.020367,9.63000,9.68000,9.88000,-0.020367
25785,2003-05-21,F,FORD MOTOR CO DEL,,,9.45000,9.67000,9.67000,7114500,0.005198,9.64000,9.66000,9.55000,0.005198
25785,2003-05-22,F,FORD MOTOR CO DEL,,,9.72000,9.84000,9.72000,6969500,0.005171,9.72000,9.73000,9.73000,0.005171
25785,2003-05-23,F,FORD MOTOR CO DEL,,,9.51000,9.75000,9.56000,6740600,-0.016461,9.55000,9.56000,9.71000,-0.016461
25785,2003-05-27,F,FORD MOTOR CO DEL,,,9.50000,10.17000,10.14000,13084500,0.060669,10.02000,10.14000,9.56000,0.060669
25785,2003-05-28,F,FORD MOTOR CO DEL,,,10.15000,10.55000,10.25000,16990600,0.010848,10.25000,10.27000,10.20000,0.010848
25785,2003-05-29,F,FORD MOTOR CO DEL,,,10.06000,10.30000,10.08000,11295500,-0.016585,10.07000,10.08000,10.20000,-0.016585
25785,2003-05-30,F,FORD MOTOR CO DEL,,,10.10000,10.55000,10.50000,13543600,0.041667,10.49000,10.50000,10.15000,0.041667
25785,2003-06-02,F,FORD MOTOR CO DEL,,,10.62000,11.19000,11.07000,24795700,0.054286,11.04000,11.07000,10.65000,0.054286
25785,2003-06-03,F,FORD MOTOR CO DEL,,,10.53000,11.03000,10.69000,16044200,-0.034327,10.71000,10.75000,10.92000,-0.034327
25785,2003-06-04,F,FORD MOTOR CO DEL,,,10.25000,10.70000,10.56000,15539900,-0.012161,10.55000,10.56000,10.70000,-0.012161
25785,2003-06-05,F,FORD MOTOR CO DEL,,,10.32000,10.62000,10.60000,11448900,0.003788,10.59000,10.60000,10.47000,0.003788
25785,2003-06-06,F,FORD MOTOR CO DEL,,,10.62000,11.20000,10.71000,13254400,0.010377,10.69000,10.70000,10.80000,0.010377
25785,2003-06-09,F,FORD MOTOR CO DEL,,,10.45000,10.72000,10.52000,6517700,-0.017740,10.51000,10.53000,10.71000,-0.017740
25785,2003-06-10,F,FORD MOTOR CO DEL,,,10.60000,11.00000,11.00000,9018600,0.045627,10.98000,10.99000,10.62000,0.045627
25785,2003-06-11,F,FORD MOTOR CO DEL,,,10.79000,11.34000,11.33000,14542800,0.030000,11.30000,11.32000,10.92000,0.030000
25785,2003-06-12,F,FORD MOTOR CO DEL,,,11.10000,11.51000,11.27000,10432700,-0.005296,11.26000,11.33000,11.35000,-0.005296
25785,2003-06-13,F,FORD MOTOR CO DEL,,,10.78000,11.27000,10.97000,11737700,-0.026619,10.96000,10.97000,11.27000,-0.026619
25785,2003-06-16,F,FORD MOTOR CO DEL,,,11.00000,11.23000,11.23000,9535600,0.023701,11.21000,11.22000,11.05000,0.023701
25785,2003-06-17,F,FORD MOTOR CO DEL,,,11.30000,11.71000,11.68000,13702400,0.040071,11.58000,11.67000,11.35000,0.040071
25785,2003-06-18,F,FORD MOTOR CO DEL,,,11.46000,11.60000,11.52000,16875900,-0.013699,11.52000,11.53000,11.52000,-0.013699
25785,2003-06-19,F,FORD MOTOR CO DEL,,,11.28000,11.55000,11.28000,9321000,-0.020833,11.29000,11.30000,11.47000,-0.020833
25785,2003-06-20,F,FORD MOTOR CO DEL,,,11.43000,11.61000,11.52000,12145400,0.021277,11.51000,11.52000,11.48000,0.021277
25785,2003-06-23,F,FORD MOTOR CO DEL,,,11.25000,11.62000,11.30000,8717700,-0.019097,11.30000,11.31000,11.60000,-0.019097
25785,2003-06-24,F,FORD MOTOR CO DEL,,,11.17000,11.45000,11.35000,9548900,0.004425,11.36000,11.37000,11.20000,0.004425
25785,2003-06-25,F,FORD MOTOR CO DEL,,,11.12000,11.51000,11.21000,6183800,-0.012335,11.17000,11.27000,11.40000,-0.012335
25785,2003-06-26,F,FORD MOTOR CO DEL,,,11.10000,11.40000,11.23000,11035400,0.001784,11.23000,11.26000,11.12000,0.001784
25785,2003-06-27,F,FORD MOTOR CO DEL,,,11.02000,11.27000,11.03000,5544600,-0.017809,11.02000,11.02000,11.23000,-0.017809
25785,2003-06-30,F,FORD MOTOR CO DEL,,,10.97000,11.21000,10.99000,10120400,-0.003626,10.99000,11.00000,11.03000,-0.003626
25785,2003-07-01,F,FORD MOTOR CO DEL,,,10.55000,10.90000,10.82000,10697800,-0.015469,10.81000,10.86000,10.90000,-0.015469
25785,2003-07-02,F,FORD MOTOR CO DEL,,,10.75000,10.99000,10.87000,12916700,0.004621,10.88000,10.89000,10.82000,0.004621
25785,2003-07-03,F,FORD MOTOR CO DEL,,,10.71000,11.02000,10.87000,3906900,0.000000,10.87000,10.88000,10.87000,0.000000
25785,2003-07-07,F,FORD MOTOR CO DEL,,,10.95000,11.28000,11.19000,7993700,0.029439,11.15000,11.18000,11.00000,0.029439
25785,2003-07-08,F,FORD MOTOR CO DEL,,,11.15000,11.41000,11.16000,12436000,-0.002681,11.16000,11.17000,11.25000,-0.002681
25785,2003-07-09,F,FORD MOTOR CO DEL,,,11.05000,11.23000,11.12000,6300100,-0.003584,11.11000,11.20000,11.07000,-0.003584
25785,2003-07-10,F,FORD MOTOR CO DEL,,,10.95000,11.20000,11.13000,7742400,0.000899,11.11000,11.13000,11.12000,0.000899
25785,2003-07-11,F,FORD MOTOR CO DEL,,,11.16000,11.33000,11.29000,7169900,0.014376,11.29000,11.30000,11.18000,0.014376
25785,2003-07-14,F,FORD MOTOR CO DEL,,,11.27000,11.50000,11.31000,7259900,0.001772,11.31000,11.32000,11.45000,0.001772
25785,2003-07-15,F,FORD MOTOR CO DEL,,,11.32000,11.65000,11.64000,11617500,0.029178,11.60000,11.61000,11.35000,0.029178
25785,2003-07-16,F,FORD MOTOR CO DEL,,,10.94000,11.36000,10.99000,16418100,-0.055842,10.99000,11.00000,11.36000,-0.055842
25785,2003-07-17,F,FORD MOTOR CO DEL,,,10.65000,10.94000,10.83000,10345500,-0.014559,10.77000,10.84000,10.93000,-0.014559
25785,2003-07-18,F,FORD MOTOR CO DEL,,,10.77000,11.00000,10.99000,5760300,0.014774,10.91000,10.93000,10.90000,0.014774
25785,2003-07-21,F,FORD MOTOR CO DEL,,,10.50000,10.90000,10.55000,9202300,-0.040036,10.55000,10.66000,10.83000,-0.040036
25785,2003-07-22,F,FORD MOTOR CO DEL,,,10.43000,10.80000,10.58000,9564300,0.002844,10.57000,10.58000,10.80000,0.002844
25785,2003-07-23,F,FORD MOTOR CO DEL,,,10.45000,10.66000,10.59000,4425100,0.000945,10.59000,10.60000,10.64000,0.000945
25785,2003-07-24,F,FORD MOTOR CO DEL,,,10.62000,10.87000,10.68000,6987300,0.008499,10.65000,10.66000,10.80000,0.008499
25785,2003-07-25,F,FORD MOTOR CO DEL,,,10.67000,10.99000,10.97000,6628700,0.027154,10.94000,10.95000,10.87000,0.027154
25785,2003-07-28,F,FORD MOTOR CO DEL,,,10.80000,10.99000,10.85000,7831700,-0.010939,10.82000,10.85000,10.97000,-0.010939
25785,2003-07-29,F,FORD MOTOR CO DEL,,,10.56000,10.89000,10.83000,11035100,-0.001843,10.81000,10.84000,10.84000,-0.001843
25785,2003-07-30,F,FORD MOTOR CO DEL,,,10.60000,10.79000,10.65000,7316700,-0.007387,10.63000,10.64000,10.78000,-0.016621
25785,2003-07-31,F,FORD MOTOR CO DEL,,,10.74000,11.15000,11.06000,14698000,0.038498,11.05000,11.06000,10.74000,0.038498
25785,2003-08-01,F,FORD MOTOR CO DEL,,,10.77000,11.50000,10.90000,10450000,-0.014467,10.89000,10.90000,11.08000,-0.014467
25785,2003-08-04,F,FORD MOTOR CO DEL,,,10.70000,11.20000,10.84000,5397100,-0.005505,10.83000,10.84000,10.90000,-0.005505
25785,2003-08-05,F,FORD MOTOR CO DEL,,,10.52000,10.84000,10.52000,7470000,-0.029520,10.55000,10.56000,10.71000,-0.029520
25785,2003-08-06,F,FORD MOTOR CO DEL,,,10.45000,10.73000,10.65000,11450000,0.012357,10.58000,10.67000,10.60000,0.012357
25785,2003-08-07,F,FORD MOTOR CO DEL,,,10.54000,10.74000,10.72000,4685300,0.006573,10.71000,10.72000,10.63000,0.006573
25785,2003-08-08,F,FORD MOTOR CO DEL,,,10.65000,10.83000,10.71000,4976000,-0.000933,10.72000,10.74000,10.80000,-0.000933
25785,2003-08-11,F,FORD MOTOR CO DEL,,,10.60000,10.80000,10.71000,3400400,0.000000,10.68000,10.69000,10.61000,0.000000
25785,2003-08-12,F,FORD MOTOR CO DEL,,,10.63000,10.78000,10.73000,4724200,0.001867,10.73000,10.74000,10.69000,0.001867
25785,2003-08-13,F,FORD MOTOR CO DEL,,,10.57000,10.89000,10.81000,8330900,0.007456,10.81000,10.82000,10.76000,0.007456
25785,2003-08-14,F,FORD MOTOR CO DEL,,,10.55000,10.87000,10.76000,9374400,-0.004625,10.75000,10.76000,10.59000,-0.004625
25785,2003-08-15,F,FORD MOTOR CO DEL,,,10.61000,10.85000,10.77000,4575500,0.000929,10.76000,10.77000,10.76000,0.000929
25785,2003-08-18,F,FORD MOTOR CO DEL,,,10.75000,10.97000,10.90000,4645400,0.012070,10.91000,10.92000,10.76000,0.012070
25785,2003-08-19,F,FORD MOTOR CO DEL,,,10.88000,11.14000,11.07000,7874800,0.015596,11.04000,11.07000,10.91000,0.015596
25785,2003-08-20,F,FORD MOTOR CO DEL,,,10.95000,11.25000,11.22000,7236400,0.013550,11.20000,11.21000,11.07000,0.013550
25785,2003-08-21,F,FORD MOTOR CO DEL,,,11.20000,11.49000,11.41000,14256400,0.016934,11.42000,11.43000,11.21000,0.016934
25785,2003-08-22,F,FORD MOTOR CO DEL,,,11.19000,11.53000,11.23000,8228000,-0.015776,11.20000,11.22000,11.41000,-0.015776
25785,2003-08-25,F,FORD MOTOR CO DEL,,,10.99000,11.20000,11.08000,4829900,-0.013357,11.07000,11.08000,11.16000,-0.013357
25785,2003-08-26,F,FORD MOTOR CO DEL,,,11.04000,11.43000,11.41000,7468700,0.029783,11.39000,11.40000,11.04000,0.029783
25785,2003-08-27,F,FORD MOTOR CO DEL,,,11.40000,11.68000,11.64000,9365000,0.020158,11.65000,11.66000,11.41000,0.020158
25785,2003-08-28,F,FORD MOTOR CO DEL,,,11.20000,11.58000,11.44000,8004600,-0.017182,11.44000,11.44000,11.41000,-0.017182
25785,2003-08-29,F,FORD MOTOR CO DEL,,,11.38000,11.66000,11.56000,6872300,0.010490,11.54000,11.55000,11.45000,0.010490
25785,2003-09-02,F,FORD MOTOR CO DEL,,,11.58000,12.31000,12.31000,17573700,0.064879,12.29000,12.30000,11.73000,0.064879
25785,2003-09-03,F,FORD MOTOR CO DEL,,,11.64000,12.53000,11.94000,22793500,-0.030057,11.92000,11.93000,12.45000,-0.030057
25785,2003-09-04,F,FORD MOTOR CO DEL,,,11.74000,12.01000,11.87000,9949100,-0.005863,11.86000,11.86000,11.82000,-0.005863
25785,2003-09-05,F,FORD MOTOR CO DEL,,,11.61000,11.87000,11.73000,9193700,-0.011794,11.73000,11.74000,11.81000,-0.011794
25785,2003-09-08,F,FORD MOTOR CO DEL,,,11.70000,11.87000,11.83000,6075100,0.008525,11.81000,11.83000,11.71000,0.008525
25785,2003-09-09,F,FORD MOTOR CO DEL,,,11.57000,11.75000,11.63000,7125600,-0.016906,11.62000,11.63000,11.66000,-0.016906
25785,2003-09-10,F,FORD MOTOR CO DEL,,,11.31000,11.63000,11.38000,7993500,-0.021496,11.36000,11.40000,11.63000,-0.021496
25785,2003-09-11,F,FORD MOTOR CO DEL,,,11.21000,11.55000,11.44000,5013300,0.005272,11.41000,11.43000,11.21000,0.005272
25785,2003-09-12,F,FORD MOTOR CO DEL,,,11.28000,11.65000,11.60000,7751700,0.013986,11.60000,11.61000,11.44000,0.013986
25785,2003-09-15,F,FORD MOTOR CO DEL,,,11.36000,11.60000,11.37000,8374500,-0.019828,11.36000,11.37000,11.52000,-0.019828
25785,2003-09-16,F,FORD MOTOR CO DEL,,,11.41000,11.65000,11.63000,13052700,0.022867,11.62000,11.63000,11.43000,0.022867
25785,2003-09-17,F,FORD MOTOR CO DEL,,,11.45000,11.67000,11.49000,3964300,-0.012038,11.48000,11.49000,11.57000,-0.012038
25785,2003-09-18,F,FORD MOTOR CO DEL,,,11.49000,11.75000,11.73000,10493700,0.020888,11.72000,11.73000,11.55000,0.020888
25785,2003-09-19,F,FORD MOTOR CO DEL,,,11.49000,11.68000,11.51000,6301100,-0.018755,11.51000,11.52000,11.55000,-0.018755
25785,2003-09-22,F,FORD MOTOR CO DEL,,,11.40000,11.58000,11.47000,7483400,-0.003475,11.47000,11.48000,11.54000,-0.003475
25785,2003-09-23,F,FORD MOTOR CO DEL,,,11.44000,11.57000,11.52000,6052300,0.004359,11.53000,11.54000,11.47000,0.004359
25785,2003-09-24,F,FORD MOTOR CO DEL,,,11.23000,11.53000,11.26000,6266500,-0.022569,11.23000,11.24000,11.48000,-0.022569
25785,2003-09-25,F,FORD MOTOR CO DEL,,,11.02000,11.30000,11.15000,6756900,-0.009769,11.15000,11.16000,11.23000,-0.009769
25785,2003-09-26,F,FORD MOTOR CO DEL,,,10.92000,11.13000,11.00000,8553400,-0.013453,10.96000,10.97000,11.09000,-0.013453
25785,2003-09-29,F,FORD MOTOR CO DEL,,,10.68000,11.06000,10.93000,6142400,-0.006364,10.91000,10.92000,11.00000,-0.006364
25785,2003-09-30,F,FORD MOTOR CO DEL,,,10.65000,10.90000,10.77000,9154700,-0.014639,10.76000,10.78000,10.90000,-0.014639
25785,2003-10-01,F,FORD MOTOR CO DEL,,,10.41000,11.30000,11.10000,14459400,0.030641,11.09000,11.10000,10.77000,0.030641
25785,2003-10-02,F,FORD MOTOR CO DEL,,,10.95000,11.29000,11.02000,9346000,-0.007207,11.02000,11.03000,11.28000,-0.007207
25785,2003-10-03,F,FORD MOTOR CO DEL,,,11.02000,11.58000,11.41000,16636600,0.035390,11.40000,11.41000,11.02000,0.035390
25785,2003-10-06,F,FORD MOTOR CO DEL,,,11.29000,11.44000,11.39000,4792400,-0.001753,11.38000,11.39000,11.37000,-0.001753
25785,2003-10-07,F,FORD MOTOR CO DEL,,,11.15000,11.45000,11.42000,7547700,0.002634,11.41000,11.42000,11.25000,0.002634
25785,2003-10-08,F,FORD MOTOR CO DEL,,,11.32000,11.50000,11.50000,5086100,0.007005,11.48000,11.49000,11.35000,0.007005
25785,2003-10-09,F,FORD MOTOR CO DEL,,,11.50000,11.96000,11.71000,14362400,0.018261,11.70000,11.71000,11.50000,0.018261
25785,2003-10-10,F,FORD MOTOR CO DEL,,,11.65000,11.90000,11.70000,6448300,-0.000854,11.71000,11.72000,11.71000,-0.000854
25785,2003-10-13,F,FORD MOTOR CO DEL,,,11.71000,12.00000,11.97000,6290700,0.023077,11.94000,11.95000,11.80000,0.023077
25785,2003-10-14,F,FORD MOTOR CO DEL,,,11.78000,11.95000,11.95000,5761400,-0.001671,11.92000,11.93000,11.92000,-0.001671
25785,2003-10-15,F,FORD MOTOR CO DEL,,,11.96000,12.21000,12.14000,10394700,0.015900,12.12000,12.13000,12.00000,0.015900
25785,2003-10-16,F,FORD MOTOR CO DEL,,,12.14000,12.45000,12.34000,22625500,0.016474,12.29000,12.30000,12.25000,0.016474
25785,2003-10-17,F,FORD MOTOR CO DEL,,,12.05000,12.39000,12.13000,9235100,-0.017018,12.10000,12.11000,12.34000,-0.017018
25785,2003-10-20,F,FORD MOTOR CO DEL,,,12.13000,12.45000,12.39000,7716600,0.021434,12.38000,12.40000,12.19000,0.021434
25785,2003-10-21,F,FORD MOTOR CO DEL,,,12.14000,12.39000,12.17000,13106200,-0.017756,12.16000,12.18000,12.39000,-0.017756
25785,2003-10-22,F,FORD MOTOR CO DEL,,,11.37000,12.17000,11.85000,20233000,-0.026294,11.85000,11.86000,12.17000,-0.026294
25785,2003-10-23,F,FORD MOTOR CO DEL,,,11.56000,12.13000,12.09000,10865800,0.020253,12.07000,12.09000,11.68000,0.020253
25785,2003-10-24,F,FORD MOTOR CO DEL,,,11.67000,12.02000,11.90000,8902900,-0.015716,11.89000,11.90000,12.01000,-0.015716
25785,2003-10-27,F,FORD MOTOR CO DEL,,,11.95000,12.14000,12.02000,6744400,0.010084,12.02000,12.03000,12.00000,0.010084
25785,2003-10-28,F,FORD MOTOR CO DEL,,,12.02000,12.40000,12.40000,14600500,0.031614,12.39000,12.40000,12.15000,0.031614
25785,2003-10-29,F,FORD MOTOR CO DEL,,,12.21000,12.45000,12.43000,8229300,0.010484,12.42000,12.43000,12.25000,0.002419
25785,2003-10-30,F,FORD MOTOR CO DEL,,,12.13000,12.51000,12.15000,13085300,-0.022526,12.13000,12.15000,12.49000,-0.022526
25785,2003-10-31,F,FORD MOTOR CO DEL,,,12.13000,12.31000,12.13000,6490400,-0.001646,12.13000,12.14000,12.18000,-0.001646
25785,2003-11-03,F,FORD MOTOR CO DEL,,,12.13000,12.34000,12.22000,11005210,0.007420,12.23000,12.24000,12.23000,0.007420
25785,2003-11-04,F,FORD MOTOR CO DEL,,,12.16000,12.37000,12.32000,7246910,0.008183,12.31000,12.32000,12.18000,0.008183
25785,2003-11-05,F,FORD MOTOR CO DEL,,,12.06000,12.33000,12.17000,7969700,-0.012175,12.17000,12.18000,12.22000,-0.012175
25785,2003-11-06,F,FORD MOTOR CO DEL,,,11.96000,12.21000,12.11000,9835400,-0.004930,12.11000,12.12000,12.20000,-0.004930
25785,2003-11-07,F,FORD MOTOR CO DEL,,,12.11000,12.28000,12.19000,8889500,0.006606,12.21000,12.22000,12.23000,0.006606
25785,2003-11-10,F,FORD MOTOR CO DEL,,,12.18000,12.26000,12.22000,9338200,0.002461,12.21000,12.23000,12.23000,0.002461
25785,2003-11-11,F,FORD MOTOR CO DEL,,,12.12000,12.40000,12.31000,9057600,0.007365,12.30000,12.31000,12.12000,0.007365
25785,2003-11-12,F,FORD MOTOR CO DEL,,,12.50000,13.11000,13.06000,35578100,0.060926,13.06000,13.07000,12.55000,0.060926
25785,2003-11-13,F,FORD MOTOR CO DEL,,,12.90000,13.31000,13.14000,31344100,0.006126,13.13000,13.14000,12.90000,0.006126
25785,2003-11-14,F,FORD MOTOR CO DEL,,,12.89000,13.14000,12.96000,14800900,-0.013699,12.95000,12.96000,13.09000,-0.013699
25785,2003-11-17,F,FORD MOTOR CO DEL,,,12.59000,12.79000,12.71000,11111400,-0.019290,12.70000,12.71000,12.75000,-0.019290
25785,2003-11-18,F,FORD MOTOR CO DEL,,,12.61000,12.91000,12.61000,7355200,-0.007868,12.63000,12.64000,12.76000,-0.007868
25785,2003-11-19,F,FORD MOTOR CO DEL,,,12.45000,12.64000,12.58000,8560800,-0.002379,12.58000,12.59000,12.61000,-0.002379
25785,2003-11-20,F,FORD MOTOR CO DEL,,,12.17000,12.59000,12.42000,5749200,-0.012719,12.41000,12.42000,12.47000,-0.012719
25785,2003-11-21,F,FORD MOTOR CO DEL,,,12.30000,12.49000,12.35000,6486700,-0.005636,12.34000,12.35000,12.42000,-0.005636
25785,2003-11-24,F,FORD MOTOR CO DEL,,,12.38000,12.70000,12.63000,9113300,0.022672,12.64000,12.65000,12.40000,0.022672
25785,2003-11-25,F,FORD MOTOR CO DEL,,,12.61000,13.05000,13.00000,14017100,0.029295,13.00000,13.01000,12.68000,0.029295
25785,2003-11-26,F,FORD MOTOR CO DEL,,,12.78000,13.04000,12.92000,7165800,-0.006154,12.90000,12.91000,12.95000,-0.006154
25785,2003-11-28,F,FORD MOTOR CO DEL,,,12.93000,13.22000,13.20000,5477800,0.021672,13.20000,13.20000,12.94000,0.021672
25785,2003-12-01,F,FORD MOTOR CO DEL,,,12.95000,13.29000,13.12000,8685300,-0.006061,13.09000,13.10000,13.29000,-0.006061
25785,2003-12-02,F,FORD MOTOR CO DEL,,,12.90000,13.13000,12.92000,15461000,-0.015244,12.91000,12.92000,13.05000,-0.015244
25785,2003-12-03,F,FORD MOTOR CO DEL,,,12.97000,13.28000,13.18000,10548400,0.020124,13.17000,13.18000,13.01000,0.020124
25785,2003-12-04,F,FORD MOTOR CO DEL,,,13.00000,13.32000,13.10000,11481200,-0.006070,13.09000,13.10000,13.20000,-0.006070
25785,2003-12-05,F,FORD MOTOR CO DEL,,,12.82000,13.05000,12.97000,5389500,-0.009924,12.96000,12.97000,13.00000,-0.009924
25785,2003-12-08,F,FORD MOTOR CO DEL,,,12.90000,13.22000,13.22000,7966400,0.019275,13.18000,13.20000,12.90000,0.019275
25785,2003-12-09,F,FORD MOTOR CO DEL,,,13.25000,13.65000,13.51000,13994200,0.021936,13.50000,13.51000,13.25000,0.021936
25785,2003-12-10,F,FORD MOTOR CO DEL,,,13.22000,13.54000,13.33000,7384800,-0.013323,13.32000,13.34000,13.51000,-0.013323
25785,2003-12-11,F,FORD MOTOR CO DEL,,,13.35000,13.75000,13.74000,7369200,0.030758,13.68000,13.70000,13.38000,0.030758
25785,2003-12-12,F,FORD MOTOR CO DEL,,,13.62000,13.79000,13.72000,10475700,-0.001456,13.73000,13.75000,13.75000,-0.001456
25785,2003-12-15,F,FORD MOTOR CO DEL,,,14.05000,14.36000,14.28000,18368100,0.040816,14.27000,14.29000,14.05000,0.040816
25785,2003-12-16,F,FORD MOTOR CO DEL,,,14.24000,14.49000,14.35000,14988100,0.004902,14.35000,14.36000,14.29000,0.004902
25785,2003-12-17,F,FORD MOTOR CO DEL,,,14.21000,14.70000,14.67000,10951500,0.022300,14.66000,14.67000,14.30000,0.022300
25785,2003-12-18,F,FORD MOTOR CO DEL,,,14.65000,14.95000,14.92000,10089600,0.017042,14.90000,14.92000,14.67000,0.017042
25785,2003-12-19,F,FORD MOTOR CO DEL,,,14.93000,15.38000,15.24000,14583800,0.021448,15.20000,15.21000,14.98000,0.021448
25785,2003-12-22,F,FORD MOTOR CO DEL,,,15.32000,16.95000,16.79000,33983200,0.101706,16.79000,16.80000,15.32000,0.101706
25785,2003-12-23,F,FORD MOTOR CO DEL,,,16.00000,17.33000,16.17000,34599700,-0.036927,16.16000,16.17000,16.52000,-0.036927
25785,2003-12-24,F,FORD MOTOR CO DEL,,,16.11000,16.41000,16.20000,10130400,0.001855,16.19000,16.20000,16.17000,0.001855
25785,2003-12-26,F,FORD MOTOR CO DEL,,,16.16000,16.38000,16.18000,4526000,-0.001235,16.17000,16.19000,16.20000,-0.001235
25785,2003-12-29,F,FORD MOTOR CO DEL,,,16.01000,16.24000,16.16000,10946500,-0.001236,16.15000,16.16000,16.20000,-0.001236
25785,2003-12-30,F,FORD MOTOR CO DEL,,,15.87000,16.17000,15.99000,10653900,-0.010520,15.98000,15.99000,16.15000,-0.010520
25785,2003-12-31,F,FORD MOTOR CO DEL,,,15.89000,16.06000,16.00000,7702900,0.000625,15.99000,16.00000,15.99000,0.000625
25785,2004-01-02,F,FORD MOTOR CO DEL,,,16.03000,16.15000,16.08000,9031300,0.005000,16.05000,16.06000,16.10000,0.005000
25785,2004-01-05,F,FORD MOTOR CO DEL,,,16.33000,16.65000,16.59000,20074800,0.031716,16.64000,16.65000,16.37000,0.031716
25785,2004-01-06,F,FORD MOTOR CO DEL,,,16.39000,16.73000,16.54000,16761000,-0.003014,16.53000,16.54000,16.72000,-0.003014
25785,2004-01-07,F,FORD MOTOR CO DEL,,,16.45000,17.02000,16.99000,13801900,0.027207,16.98000,16.98000,16.58000,0.027207
25785,2004-01-08,F,FORD MOTOR CO DEL,,,17.00000,17.34000,17.10000,16306200,0.006474,17.10000,17.11000,17.15000,0.006474
25785,2004-01-09,F,FORD MOTOR CO DEL,,,16.49000,16.75000,16.56000,14558700,-0.031579,16.56000,16.56000,16.49000,-0.031579
25785,2004-01-12,F,FORD MOTOR CO DEL,,,16.12000,16.55000,16.41000,12287200,-0.009058,16.41000,16.41000,16.52000,-0.009058
25785,2004-01-13,F,FORD MOTOR CO DEL,,,16.16000,16.45000,16.28000,12776300,-0.007922,16.26000,16.29000,16.22000,-0.007922
25785,2004-01-14,F,FORD MOTOR CO DEL,,,15.75000,16.28000,16.18000,10014500,-0.006143,16.17000,16.18000,16.18000,-0.006143
25785,2004-01-15,F,FORD MOTOR CO DEL,,,15.87000,16.23000,16.05000,11452600,-0.008035,16.09000,16.10000,16.18000,-0.008035
25785,2004-01-16,F,FORD MOTOR CO DEL,,,16.07000,16.23000,16.13000,6303800,0.004984,16.12000,16.13000,16.11000,0.004984
25785,2004-01-20,F,FORD MOTOR CO DEL,,,16.15000,16.40000,16.21000,9506000,0.004960,16.20000,16.21000,16.25000,0.004960
25785,2004-01-21,F,FORD MOTOR CO DEL,,,16.15000,16.46000,16.44000,8593900,0.014189,16.43000,16.44000,16.21000,0.014189
25785,2004-01-22,F,FORD MOTOR CO DEL,,,16.15000,16.45000,16.43000,9550100,-0.000608,16.42000,16.43000,16.44000,-0.000608
25785,2004-01-23,F,FORD MOTOR CO DEL,,,15.62000,16.38000,15.83000,12937300,-0.036519,15.82000,15.83000,16.35000,-0.036519
25785,2004-01-26,F,FORD MOTOR CO DEL,,,15.52000,15.98000,15.96000,10603200,0.008212,15.96000,15.97000,15.83000,0.008212
25785,2004-01-27,F,FORD MOTOR CO DEL,,,15.83000,16.35000,15.94000,8540800,-0.001253,15.93000,15.95000,15.85000,-0.001253
25785,2004-01-28,F,FORD MOTOR CO DEL,,,15.50000,16.01000,15.58000,10232100,-0.016311,15.57000,15.58000,16.01000,-0.022585
25785,2004-01-29,F,FORD MOTOR CO DEL,,,14.51000,15.55000,14.84000,26095500,-0.047497,14.83000,14.84000,15.20000,-0.047497
25785,2004-01-30,F,FORD MOTOR CO DEL,,,14.33000,14.65000,14.54000,16973400,-0.020216,14.52000,14.53000,14.40000,-0.020216
25785,2004-02-02,F,FORD MOTOR CO DEL,,,13.88000,14.30000,13.95000,27284700,-0.040578,13.95000,13.95000,14.10000,-0.040578
25785,2004-02-03,F,FORD MOTOR CO DEL,,,13.62000,13.93000,13.72000,23423600,-0.016487,13.72000,13.73000,13.89000,-0.016487
25785,2004-02-04,F,FORD MOTOR CO DEL,,,13.41000,14.02000,13.89000,24675300,0.012391,13.87000,13.89000,13.56100,0.012391
25785,2004-02-05,F,FORD MOTOR CO DEL,,,13.80000,14.19000,14.15000,11892000,0.018718,14.15000,14.16000,14.00000,0.018718
25785,2004-02-06,F,FORD MOTOR CO DEL,,,13.99000,14.29000,14.28000,15169000,0.009187,14.28000,14.29000,14.20000,0.009187
25785,2004-02-09,F,FORD MOTOR CO DEL,,,14.03000,14.30000,14.16000,6205400,-0.008403,14.15000,14.16000,14.11000,-0.008403
25785,2004-02-10,F,FORD MOTOR CO DEL,,,14.09000,14.46000,14.39000,10003300,0.016243,14.39000,14.40000,14.10000,0.016243
25785,2004-02-11,F,FORD MOTOR CO DEL,,,14.25000,14.72000,14.64000,11188500,0.017373,14.63000,14.64000,14.46000,0.017373
25785,2004-02-12,F,FORD MOTOR CO DEL,,,14.50000,14.77000,14.55000,9556700,-0.006148,14.54000,14.55000,14.69000,-0.006148
25785,2004-02-13,F,FORD MOTOR CO DEL,,,14.30000,14.64000,14.36000,5221300,-0.013058,14.36000,14.37000,14.49000,-0.013058
25785,2004-02-17,F,FORD MOTOR CO DEL,,,14.37000,14.70000,14.58000,5548200,0.015320,14.56000,14.57000,14.40000,0.015320
25785,2004-02-18,F,FORD MOTOR CO DEL,,,14.39000,14.59000,14.39000,5815500,-0.013032,14.41000,14.42000,14.53000,-0.013032
25785,2004-02-19,F,FORD MOTOR CO DEL,,,14.44000,14.64000,14.45000,7416200,0.004170,14.45000,14.48000,14.45000,0.004170
25785,2004-02-20,F,FORD MOTOR CO DEL,,,13.99000,14.48000,14.17000,8942000,-0.019377,14.16000,14.17000,14.46000,-0.019377
25785,2004-02-23,F,FORD MOTOR CO DEL,,,13.93000,14.17000,13.98000,8090500,-0.013409,13.97000,13.98000,14.17000,-0.013409
25785,2004-02-24,F,FORD MOTOR CO DEL,,,13.38500,13.93000,13.59000,13110200,-0.027897,13.58000,13.59000,13.93000,-0.027897
25785,2004-02-25,F,FORD MOTOR CO DEL,,,13.43000,13.70200,13.66000,12862000,0.005151,13.65000,13.66000,13.59000,0.005151
25785,2004-02-26,F,FORD MOTOR CO DEL,,,13.35000,13.68000,13.66000,8889100,0.000000,13.64000,13.65000,13.57000,0.000000
25785,2004-02-27,F,FORD MOTOR CO DEL,,,13.30000,13.95000,13.75000,10553000,0.006589,13.76000,13.77000,13.62000,0.006589
25785,2004-03-01,F,FORD MOTOR CO DEL,,,13.78000,14.08000,13.99000,8525100,0.017455,13.98000,13.99000,13.88000,0.017455
25785,2004-03-02,F,FORD MOTOR CO DEL,,,13.90000,14.28000,14.12000,8506400,0.009292,14.12000,14.13000,13.99000,0.009292
25785,2004-03-03,F,FORD MOTOR CO DEL,,,13.80000,14.11000,13.88000,7074500,-0.016997,13.88000,13.88000,14.11000,-0.016997
25785,2004-03-04,F,FORD MOTOR CO DEL,,,13.61000,13.98000,13.69000,8580700,-0.013689,13.68000,13.69000,13.84000,-0.013689
25785,2004-03-05,F,FORD MOTOR CO DEL,,,13.45000,14.14000,14.10000,18099900,0.029949,14.08000,14.09000,13.64000,0.029949
25785,2004-03-08,F,FORD MOTOR CO DEL,,,13.70000,14.26000,13.70000,10127400,-0.028369,13.69000,13.70000,14.03000,-0.028369
25785,2004-03-09,F,FORD MOTOR CO DEL,,,13.51000,13.85000,13.53000,7548400,-0.012409,13.53000,13.54000,13.72000,-0.012409
25785,2004-03-10,F,FORD MOTOR CO DEL,,,13.09000,13.62000,13.19000,10987100,-0.025129,13.18000,13.19000,13.61000,-0.025129
25785,2004-03-11,F,FORD MOTOR CO DEL,,,12.92000,13.20000,13.02000,11928300,-0.012888,13.02000,13.03000,13.00000,-0.012888
25785,2004-03-12,F,FORD MOTOR CO DEL,,,13.04000,13.44000,13.29000,9578400,0.020737,13.28000,13.29000,13.04000,0.020737
25785,2004-03-15,F,FORD MOTOR CO DEL,,,13.00000,13.29000,13.02000,8764000,-0.020316,13.03000,13.04000,13.27000,-0.020316
25785,2004-03-16,F,FORD MOTOR CO DEL,,,13.00000,13.24000,13.08000,6435800,0.004608,13.09000,13.10000,13.16000,0.004608
25785,2004-03-17,F,FORD MOTOR CO DEL,,,13.16000,13.44000,13.37000,10552200,0.022171,13.37000,13.38000,13.22000,0.022171
25785,2004-03-18,F,FORD MOTOR CO DEL,,,13.22000,13.37000,13.32000,6668800,-0.003740,13.30000,13.31000,13.37000,-0.003740
25785,2004-03-19,F,FORD MOTOR CO DEL,,,13.05000,13.35000,13.06000,6996300,-0.019519,13.06000,13.07000,13.31000,-0.019519
25785,2004-03-22,F,FORD MOTOR CO DEL,,,12.76000,13.01000,12.91000,10996100,-0.011485,12.92000,12.94000,12.98000,-0.011485
25785,2004-03-23,F,FORD MOTOR CO DEL,,,12.81000,13.15000,12.89000,9556000,-0.001549,12.89000,12.90000,13.00000,-0.001549
25785,2004-03-24,F,FORD MOTOR CO DEL,,,12.75000,13.00000,12.99000,10919400,0.007758,12.99000,13.00000,12.84000,0.007758
25785,2004-03-25,F,FORD MOTOR CO DEL,,,12.96000,13.24000,13.18000,14703900,0.014627,13.17000,13.18000,13.04000,0.014627
25785,2004-03-26,F,FORD MOTOR CO DEL,,,13.05000,13.70000,13.28000,11359800,0.007587,13.27000,13.28000,13.13000,0.007587
25785,2004-03-29,F,FORD MOTOR CO DEL,,,13.35000,13.60000,13.41000,7295300,0.009789,13.40000,13.41000,13.35000,0.009789
25785,2004-03-30,F,FORD MOTOR CO DEL,,,13.38000,13.67000,13.65000,7223400,0.017897,13.64000,13.65000,13.55000,0.017897
25785,2004-03-31,F,FORD MOTOR CO DEL,,,13.45000,13.71000,13.57000,5591200,-0.005861,13.56000,13.57000,13.70000,-0.005861
25785,2004-04-01,F,FORD MOTOR CO DEL,,,13.41000,13.73000,13.42000,7822400,-0.011054,13.46000,13.47000,13.52000,-0.011054
25785,2004-04-02,F,FORD MOTOR CO DEL,,,13.45000,13.75000,13.66000,11572200,0.017884,13.65000,13.66000,13.72000,0.017884
25785,2004-04-05,F,FORD MOTOR CO DEL,,,13.63000,14.08000,14.07000,12554300,0.030015,14.04000,14.05000,13.63000,0.030015
25785,2004-04-06,F,FORD MOTOR CO DEL,,,13.88000,14.03000,14.00000,5745400,-0.004975,14.00000,14.01000,14.00000,-0.004975
25785,2004-04-07,F,FORD MOTOR CO DEL,,,13.65000,13.96400,13.67000,6477700,-0.023571,13.67000,13.68000,13.93000,-0.023571
25785,2004-04-08,F,FORD MOTOR CO DEL,,,13.50000,13.85000,13.59000,4668800,-0.005852,13.58000,13.59000,13.77000,-0.005852
25785,2004-04-12,F,FORD MOTOR CO DEL,,,13.59000,13.78000,13.69000,5345000,0.007358,13.69000,13.70000,13.62000,0.007358
25785,2004-04-13,F,FORD MOTOR CO DEL,,,13.32000,13.79000,13.41000,9043800,-0.020453,13.41000,13.43000,13.72000,-0.020453
25785,2004-04-14,F,FORD MOTOR CO DEL,,,13.18000,13.49000,13.24000,9776300,-0.012677,13.24000,13.25000,13.29000,-0.012677
25785,2004-04-15,F,FORD MOTOR CO DEL,,,13.00000,13.28000,13.12000,6974100,-0.009063,13.13000,13.14000,13.25000,-0.009063
25785,2004-04-16,F,FORD MOTOR CO DEL,,,13.13000,13.39000,13.34000,5156700,0.016768,13.32000,13.33000,13.20000,0.016768
25785,2004-04-19,F,FORD MOTOR CO DEL,,,13.17000,13.45000,13.35000,5161900,0.000750,13.30000,13.31000,13.35000,0.000750
25785,2004-04-20,F,FORD MOTOR CO DEL,,,13.53000,14.10000,13.56000,19127200,0.015730,13.56000,13.57000,13.85000,0.015730
25785,2004-04-21,F,FORD MOTOR CO DEL,,,14.40000,15.13000,14.94000,45610600,0.101770,14.94000,14.95000,14.65000,0.101770
25785,2004-04-22,F,FORD MOTOR CO DEL,,,14.90000,15.90000,15.77000,31270900,0.055556,15.78000,15.79000,14.94000,0.055556
25785,2004-04-23,F,FORD MOTOR CO DEL,,,15.50000,15.95000,15.70000,14722200,-0.004439,15.71000,15.72000,15.80000,-0.004439
25785,2004-04-26,F,FORD MOTOR CO DEL,,,15.68000,16.10000,15.69000,14005200,-0.000637,15.68000,15.69000,15.85000,-0.000637
25785,2004-04-27,F,FORD MOTOR CO DEL,,,15.66000,16.23000,16.03000,17183200,0.021670,16.03000,16.04000,15.79000,0.021670
25785,2004-04-28,F,FORD MOTOR CO DEL,,,15.44000,15.94000,15.50000,13686400,-0.026825,15.49000,15.50000,15.94000,-0.033063
25785,2004-04-29,F,FORD MOTOR CO DEL,,,15.17000,15.83000,15.37000,11200700,-0.008387,15.35000,15.37000,15.55000,-0.008387
25785,2004-04-30,F,FORD MOTOR CO DEL,,,15.30000,15.64000,15.36000,10751900,-0.000651,15.35000,15.36000,15.47000,-0.000651
25785,2004-05-03,F,FORD MOTOR CO DEL,,,14.90000,15.43000,15.27000,14901100,-0.005859,15.25000,15.26000,15.20000,-0.005859
25785,2004-05-04,F,FORD MOTOR CO DEL,,,15.05000,15.65000,15.41000,9618100,0.009168,15.39000,15.41000,15.15000,0.009168
25785,2004-05-05,F,FORD MOTOR CO DEL,,,15.03000,15.40000,15.12000,10676400,-0.018819,15.12000,15.13000,15.31000,-0.018819
25785,2004-05-06,F,FORD MOTOR CO DEL,,,14.68000,15.00000,14.89000,11172600,-0.015212,14.88000,14.89000,15.00000,-0.015212
25785,2004-05-07,F,FORD MOTOR CO DEL,,,14.21000,14.76000,14.40000,17362300,-0.032908,14.31000,14.34000,14.65000,-0.032908
25785,2004-05-10,F,FORD MOTOR CO DEL,,,13.89000,14.25000,14.01000,16016700,-0.027083,14.03000,14.04000,14.25000,-0.027083
25785,2004-05-11,F,FORD MOTOR CO DEL,,,14.01000,14.54000,14.38000,11029800,0.026410,14.39000,14.40000,14.01000,0.026410
25785,2004-05-12,F,FORD MOTOR CO DEL,,,13.92000,14.49000,14.49000,10134400,0.007649,14.45000,14.48000,14.30000,0.007649
25785,2004-05-13,F,FORD MOTOR CO DEL,,,14.19000,14.49000,14.41000,8641800,-0.005521,14.43000,14.44000,14.35000,-0.005521
25785,2004-05-14,F,FORD MOTOR CO DEL,,,14.34000,14.76000,14.70000,10290300,0.020125,14.69000,14.70000,14.48000,0.020125
25785,2004-05-17,F,FORD MOTOR CO DEL,,,14.11000,14.50000,14.27000,11284200,-0.029252,14.26000,14.27000,14.23000,-0.029252
25785,2004-05-18,F,FORD MOTOR CO DEL,,,14.20000,14.54000,14.45000,9254300,0.012614,14.44000,14.45000,14.32000,0.012614
25785,2004-05-19,F,FORD MOTOR CO DEL,,,14.05000,14.88000,14.08000,15754800,-0.025606,14.05000,14.07000,14.69000,-0.025606
25785,2004-05-20,F,FORD MOTOR CO DEL,,,13.90000,14.24000,14.18000,14447900,0.007102,14.17000,14.18000,14.08000,0.007102
25785,2004-05-21,F,FORD MOTOR CO DEL,,,14.02000,14.33000,14.24000,10912500,0.004231,14.22000,14.23000,14.29000,0.004231
25785,2004-05-24,F,FORD MOTOR CO DEL,,,14.25000,14.64000,14.29000,7593700,0.003511,14.31000,14.32000,14.47000,0.003511
25785,2004-05-25,F,FORD MOTOR CO DEL,,,14.16000,14.80000,14.68000,10781700,0.027292,14.67000,14.68000,14.30000,0.027292
25785,2004-05-26,F,FORD MOTOR CO DEL,,,14.67000,15.14000,15.02000,11994000,0.023161,15.02000,15.03000,14.68000,0.023161
25785,2004-05-27,F,FORD MOTOR CO DEL,,,14.93000,15.35000,15.04000,9024200,0.001332,15.03000,15.04000,15.20000,0.001332
25785,2004-05-28,F,FORD MOTOR CO DEL,,,14.78000,15.03000,14.85000,9733300,-0.012633,14.85000,14.86000,15.03000,-0.012633
25785,2004-06-01,F,FORD MOTOR CO DEL,,,14.71000,15.09000,15.04000,8984500,0.012795,15.04000,15.05000,14.86000,0.012795
25785,2004-06-02,F,FORD MOTOR CO DEL,,,14.77000,15.20000,14.89000,10748000,-0.009973,14.88000,14.89000,15.20000,-0.009973
25785,2004-06-03,F,FORD MOTOR CO DEL,,,14.66000,15.00000,14.75000,8249000,-0.009402,14.75000,14.76000,14.88000,-0.009402
25785,2004-06-04,F,FORD MOTOR CO DEL,,,14.77000,15.00000,14.91000,5566900,0.010847,14.90000,14.92000,14.77000,0.010847
25785,2004-06-07,F,FORD MOTOR CO DEL,,,14.95000,15.28000,15.20000,12419600,0.019450,15.19000,15.20000,14.98000,0.019450
25785,2004-06-08,F,FORD MOTOR CO DEL,,,15.13000,15.48000,15.42000,9584000,0.014474,15.38000,15.39000,15.20000,0.014474
25785,2004-06-09,F,FORD MOTOR CO DEL,,,15.18000,15.55000,15.40000,7185000,-0.001297,15.36000,15.37000,15.35000,-0.001297
25785,2004-06-10,F,FORD MOTOR CO DEL,,,15.47000,15.65000,15.58000,8305000,0.011688,15.57000,15.58000,15.54000,0.011688
25785,2004-06-14,F,FORD MOTOR CO DEL,,,15.18000,15.54000,15.22000,7418700,-0.023107,15.19000,15.20000,15.54000,-0.023107
25785,2004-06-15,F,FORD MOTOR CO DEL,,,15.28000,15.53000,15.41000,6820300,0.012484,15.41000,15.42000,15.28000,0.012484
25785,2004-06-16,F,FORD MOTOR CO DEL,,,15.27000,15.91000,15.63000,10480300,0.014276,15.60000,15.63000,15.46000,0.014276
25785,2004-06-17,F,FORD MOTOR CO DEL,,,15.41000,15.75000,15.64000,9764600,0.000640,15.62000,15.63000,15.75000,0.000640
25785,2004-06-18,F,FORD MOTOR CO DEL,,,15.55000,15.96000,15.89000,11043200,0.015985,15.88000,15.89000,15.64000,0.015985
25785,2004-06-21,F,FORD MOTOR CO DEL,,,15.61000,16.00000,15.65000,6842800,-0.015104,15.65000,15.66000,15.95000,-0.015104
25785,2004-06-22,F,FORD MOTOR CO DEL,,,15.60000,16.00000,16.00000,11898100,0.022364,15.99000,15.99000,15.65000,0.022364
25785,2004-06-23,F,FORD MOTOR CO DEL,,,15.96000,16.48000,16.36000,16771800,0.022500,16.35000,16.36000,16.00000,0.022500
25785,2004-06-24,F,FORD MOTOR CO DEL,,,16.13000,16.44000,16.15000,14262700,-0.012836,16.16000,16.17000,16.36000,-0.012836
25785,2004-06-25,F,FORD MOTOR CO DEL,,,15.85000,16.25000,15.85000,10273200,-0.018576,15.87000,15.88000,16.15000,-0.018576
25785,2004-06-28,F,FORD MOTOR CO DEL,,,15.53000,16.10000,15.65000,11350100,-0.012618,15.65000,15.66000,16.00000,-0.012618
25785,2004-06-29,F,FORD MOTOR CO DEL,,,15.48000,15.93000,15.87000,10632700,0.014058,15.87000,15.88000,15.64000,0.014058
25785,2004-06-30,F,FORD MOTOR CO DEL,,,15.53000,15.97000,15.65000,7564000,-0.013863,15.65000,15.66000,15.97000,-0.013863
25785,2004-07-01,F,FORD MOTOR CO DEL,,,14.95000,15.77000,15.02000,17259700,-0.040256,15.02000,15.03000,15.65000,-0.040256
25785,2004-07-02,F,FORD MOTOR CO DEL,,,14.86000,15.11000,14.95000,9992400,-0.004660,14.94000,14.95000,15.03000,-0.004660
25785,2004-07-06,F,FORD MOTOR CO DEL,,,14.61000,15.02000,14.96000,10643100,0.000669,14.96000,14.97000,14.80000,0.000669
25785,2004-07-07,F,FORD MOTOR CO DEL,,,14.80000,15.07000,14.96000,7660400,0.000000,14.96000,14.97000,14.86000,0.000000
25785,2004-07-08,F,FORD MOTOR CO DEL,,,14.75000,15.06000,14.77000,7916600,-0.012701,14.75000,14.76000,14.90000,-0.012701
25785,2004-07-09,F,FORD MOTOR CO DEL,,,14.80000,15.26000,15.16000,10234600,0.026405,15.15000,15.16000,14.97000,0.026405
25785,2004-07-12,F,FORD MOTOR CO DEL,,,14.98000,15.16000,15.15000,5305900,-0.000660,15.14000,15.15000,15.01000,-0.000660
25785,2004-07-13,F,FORD MOTOR CO DEL,,,15.09000,15.37000,15.15000,5819000,0.000000,15.15000,15.16000,15.30000,0.000000
25785,2004-07-14,F,FORD MOTOR CO DEL,,,14.98000,15.32000,15.10000,8511100,-0.003300,15.09000,15.10000,15.05000,-0.003300
25785,2004-07-15,F,FORD MOTOR CO DEL,,,15.00000,15.18000,15.03000,4309600,-0.004636,15.02000,15.03000,15.10000,-0.004636
25785,2004-07-16,F,FORD MOTOR CO DEL,,,14.83000,15.22000,14.85000,7232800,-0.011976,14.84000,14.85000,15.20000,-0.011976
25785,2004-07-19,F,FORD MOTOR CO DEL,,,14.84000,15.16000,14.98000,6705200,0.008754,14.98000,14.99000,14.85000,0.008754
25785,2004-07-20,F,FORD MOTOR CO DEL,,,14.30000,14.97000,14.60000,21662900,-0.025367,14.59000,14.60000,14.97000,-0.025367
25785,2004-07-21,F,FORD MOTOR CO DEL,,,14.50000,14.75000,14.53000,9187500,-0.004795,14.52000,14.53000,14.70000,-0.004795
25785,2004-07-22,F,FORD MOTOR CO DEL,,,14.35000,14.73000,14.65000,8885800,0.008259,14.62000,14.63000,14.51000,0.008259
25785,2004-07-23,F,FORD MOTOR CO DEL,,,14.47000,14.70000,14.67000,5590700,0.001365,14.67000,14.68000,14.65000,0.001365
25785,2004-07-26,F,FORD MOTOR CO DEL,,,14.50000,14.78000,14.74000,6866300,0.004772,14.73000,14.74000,14.63000,0.004772
25785,2004-07-27,F,FORD MOTOR CO DEL,,,14.70000,14.92000,14.88000,5080600,0.009498,14.87000,14.89000,14.77000,0.009498
25785,2004-07-28,F,FORD MOTOR CO DEL,,,14.78000,15.22000,15.19000,8339700,0.027554,15.18000,15.19000,14.78000,0.020833
25785,2004-07-29,F,FORD MOTOR CO DEL,,,14.75000,15.10000,14.95000,10618800,-0.015800,14.95000,14.96000,15.09000,-0.015800
25785,2004-07-30,F,FORD MOTOR CO DEL,,,14.62000,14.90000,14.72000,7782800,-0.015385,14.72000,14.73000,14.90000,-0.015385
25785,2004-08-02,F,FORD MOTOR CO DEL,,,14.64000,15.10000,15.05000,8276100,0.022418,15.04000,15.05000,14.65000,0.022418
25785,2004-08-03,F,FORD MOTOR CO DEL,,,14.65000,15.03000,14.71000,8619000,-0.022591,14.70000,14.71000,15.00000,-0.022591
25785,2004-08-04,F,FORD MOTOR CO DEL,,,14.44000,14.81000,14.69000,7256500,-0.001360,14.68000,14.69000,14.65000,-0.001360
25785,2004-08-05,F,FORD MOTOR CO DEL,,,14.20000,14.69000,14.20000,10726900,-0.033356,14.20000,14.21000,14.69000,-0.033356
25785,2004-08-06,F,FORD MOTOR CO DEL,,,13.90000,14.24000,14.07000,9156900,-0.009155,14.06000,14.07000,14.00000,-0.009155
25785,2004-08-09,F,FORD MOTOR CO DEL,,,13.91000,14.22000,14.08000,6744600,0.000711,14.08000,14.09000,14.06000,0.000711
25785,2004-08-10,F,FORD MOTOR CO DEL,,,14.04000,14.40000,14.32000,6817000,0.017045,14.30000,14.31000,14.08000,0.017045
25785,2004-08-11,F,FORD MOTOR CO DEL,,,14.02000,14.33000,14.23000,8282400,-0.006285,14.23000,14.24000,14.25000,-0.006285
25785,2004-08-12,F,FORD MOTOR CO DEL,,,13.77000,14.14000,13.86000,8494400,-0.026001,13.85000,13.87000,14.13000,-0.026001
25785,2004-08-13,F,FORD MOTOR CO DEL,,,13.70000,13.99000,13.80000,5993700,-0.004329,13.79000,13.80000,13.96000,-0.004329
25785,2004-08-16,F,FORD MOTOR CO DEL,,,13.73000,14.10000,14.06000,7243500,0.018841,14.05000,14.06000,13.80000,0.018841
25785,2004-08-17,F,FORD MOTOR CO DEL,,,14.08000,14.30000,14.15000,5931000,0.006401,14.14000,14.15000,14.09000,0.006401
25785,2004-08-18,F,FORD MOTOR CO DEL,,,13.92000,14.33000,14.30000,4447600,0.010601,14.29000,14.30000,14.05000,0.010601
25785,2004-08-19,F,FORD MOTOR CO DEL,,,13.89000,14.27000,14.00000,7770700,-0.020979,14.02000,14.03000,14.16000,-0.020979
25785,2004-08-20,F,FORD MOTOR CO DEL,,,13.61000,14.16000,14.11000,12393900,0.007857,14.10000,14.11000,14.00000,0.007857
25785,2004-08-23,F,FORD MOTOR CO DEL,,,14.03000,14.19000,14.04000,4347200,-0.004961,14.03000,14.04000,14.06000,-0.004961
25785,2004-08-24,F,FORD MOTOR CO DEL,,,13.79000,14.11000,13.91000,5411600,-0.009259,13.90000,13.91000,14.04000,-0.009259
25785,2004-08-25,F,FORD MOTOR CO DEL,,,13.80000,14.08000,13.96000,5691600,0.003595,13.96000,13.97000,13.87000,0.003595
25785,2004-08-26,F,FORD MOTOR CO DEL,,,13.87000,14.08000,13.97000,3347400,0.000716,13.96000,13.98000,13.97000,0.000716
25785,2004-08-27,F,FORD MOTOR CO DEL,,,13.98000,14.18000,14.12000,6334100,0.010737,14.12000,14.14000,14.02000,0.010737
25785,2004-08-30,F,FORD MOTOR CO DEL,,,13.92000,14.09000,13.96000,3863200,-0.011331,13.95000,13.96000,14.08000,-0.011331
25785,2004-08-31,F,FORD MOTOR CO DEL,,,13.89000,14.15000,14.11000,6921200,0.010745,14.10000,14.09000,14.05000,0.010745
25785,2004-09-01,F,FORD MOTOR CO DEL,,,13.86000,14.13000,13.90000,11151600,-0.014883,13.89000,13.90000,14.12000,-0.014883
25785,2004-09-02,F,FORD MOTOR CO DEL,,,13.90000,14.40000,14.36000,10017300,0.033094,14.36000,14.37000,13.93000,0.033094
25785,2004-09-03,F,FORD MOTOR CO DEL,,,14.04000,14.44000,14.21000,4831900,-0.010446,14.21000,14.22000,14.28000,-0.010446
25785,2004-09-07,F,FORD MOTOR CO DEL,,,14.29000,14.68000,14.56000,7703900,0.024631,14.54000,14.55000,14.30000,0.024631
25785,2004-09-08,F,FORD MOTOR CO DEL,,,14.23000,14.61000,14.25000,8332000,-0.021291,14.25000,14.26000,14.50000,-0.021291
25785,2004-09-09,F,FORD MOTOR CO DEL,,,14.07000,14.24000,14.17000,6564000,-0.005614,14.16000,14.17000,14.15000,-0.005614
25785,2004-09-10,F,FORD MOTOR CO DEL,,,13.84000,14.17000,13.96000,12614800,-0.014820,13.96000,13.97000,14.00000,-0.014820
25785,2004-09-13,F,FORD MOTOR CO DEL,,,14.00000,14.11000,14.10000,6513100,0.010029,14.09000,14.09000,14.10000,0.010029
25785,2004-09-14,F,FORD MOTOR CO DEL,,,13.92000,14.05000,13.98000,5865200,-0.008511,13.97000,13.98000,14.03000,-0.008511
25785,2004-09-15,F,FORD MOTOR CO DEL,,,13.78000,13.97000,13.81000,6219700,-0.012160,13.80000,13.81000,13.90000,-0.012160
25785,2004-09-16,F,FORD MOTOR CO DEL,,,13.79140,14.03000,13.95000,6640000,0.010138,13.94000,13.95000,13.85000,0.010138
25785,2004-09-17,F,FORD MOTOR CO DEL,,,14.16000,14.45000,14.22000,11487300,0.019355,14.21000,14.22000,14.35000,0.019355
25785,2004-09-20,F,FORD MOTOR CO DEL,,,14.09000,14.25000,14.13000,5838900,-0.006329,14.12000,14.13000,14.20000,-0.006329
25785,2004-09-21,F,FORD MOTOR CO DEL,,,14.09000,14.29000,14.23000,6083900,0.007077,14.23000,14.24000,14.10000,0.007077
25785,2004-09-22,F,FORD MOTOR CO DEL,,,13.94000,14.11000,14.00000,9593300,-0.016163,13.99000,14.00000,14.00000,-0.016163
25785,2004-09-23,F,FORD MOTOR CO DEL,,,13.80000,13.98000,13.80000,8050900,-0.014286,13.80000,13.81000,13.93000,-0.014286
25785,2004-09-24,F,FORD MOTOR CO DEL,,,13.76000,13.88000,13.80000,5888200,0.000000,13.77000,13.78000,13.81000,0.000000
25785,2004-09-27,F,FORD MOTOR CO DEL,,,13.65000,13.93000,13.89000,6135700,0.006522,13.88000,13.89000,13.88000,0.006522
25785,2004-09-28,F,FORD MOTOR CO DEL,,,13.76000,13.95000,13.92000,5944100,0.002160,13.92000,13.93000,13.89000,0.002160
25785,2004-09-29,F,FORD MOTOR CO DEL,,,13.74000,13.90000,13.86000,7460700,-0.004310,13.85000,13.86000,13.87000,-0.004310
25785,2004-09-30,F,FORD MOTOR CO DEL,,,13.79000,14.06000,14.05000,8273900,0.013709,14.05000,14.06000,13.86000,0.013709
25785,2004-10-01,F,FORD MOTOR CO DEL,,,13.96000,14.24000,14.19000,11791000,0.009964,14.19000,14.20000,14.10000,0.009964
25785,2004-10-04,F,FORD MOTOR CO DEL,,,14.08000,14.32000,14.15000,9357500,-0.002819,14.14000,14.15000,14.26000,-0.002819
25785,2004-10-05,F,FORD MOTOR CO DEL,,,14.08000,14.19000,14.16000,5888500,0.000707,14.15000,14.16000,14.08000,0.000707
25785,2004-10-06,F,FORD MOTOR CO DEL,,,14.02000,14.22000,14.18000,10110500,0.001412,14.17000,14.18000,14.10000,0.001412
25785,2004-10-07,F,FORD MOTOR CO DEL,,,13.83000,14.17000,13.86000,8916200,-0.022567,13.85000,13.86000,14.13000,-0.022567
25785,2004-10-08,F,FORD MOTOR CO DEL,,,13.85000,14.03000,13.95000,6709100,0.006494,13.95000,13.96000,13.86000,0.006494
25785,2004-10-11,F,FORD MOTOR CO DEL,,,13.94000,14.04000,13.95000,3653700,0.000000,13.94000,13.95000,13.98000,0.000000
25785,2004-10-12,F,FORD MOTOR CO DEL,,,13.77000,13.95000,13.82000,11007700,-0.009319,13.82000,13.83000,13.80000,-0.009319
25785,2004-10-13,F,FORD MOTOR CO DEL,,,13.56000,14.05000,13.69000,11954500,-0.009407,13.69000,13.70000,13.88000,-0.009407
25785,2004-10-14,F,FORD MOTOR CO DEL,,,12.98000,13.50000,13.12000,25834300,-0.041636,13.12000,13.13000,13.38000,-0.041636
25785,2004-10-15,F,FORD MOTOR CO DEL,,,13.07000,13.34000,13.25000,12140800,0.009909,13.28000,13.30000,13.15000,0.009909
25785,2004-10-18,F,FORD MOTOR CO DEL,,,13.24000,13.50000,13.39000,9004900,0.010566,13.38000,13.39000,13.30000,0.010566
25785,2004-10-19,F,FORD MOTOR CO DEL,,,12.81000,13.46000,12.93000,20965300,-0.034354,12.93000,12.94000,13.46000,-0.034354
25785,2004-10-20,F,FORD MOTOR CO DEL,,,12.75000,12.94000,12.90000,12700800,-0.002320,12.89000,12.90000,12.94000,-0.002320
25785,2004-10-21,F,FORD MOTOR CO DEL,,,12.85000,13.15000,13.06000,8111100,0.012403,13.05000,13.06000,12.95000,0.012403
25785,2004-10-22,F,FORD MOTOR CO DEL,,,12.95000,13.17000,12.97000,7107000,-0.006891,12.96000,12.97000,13.14000,-0.006891
25785,2004-10-25,F,FORD MOTOR CO DEL,,,12.61000,12.93000,12.70000,11641100,-0.020817,12.70000,12.71000,12.90000,-0.020817
25785,2004-10-26,F,FORD MOTOR CO DEL,,,12.70000,12.96000,12.85000,12429900,0.011811,12.85000,12.86000,12.79000,0.011811
25785,2004-10-27,F,FORD MOTOR CO DEL,,,12.85000,13.32000,13.14000,10527100,0.022568,13.13000,13.15000,12.88000,0.022568
25785,2004-10-28,F,FORD MOTOR CO DEL,,,13.03000,13.28000,13.16000,7271600,0.009132,13.14000,13.15000,13.04000,0.001522
25785,2004-10-29,F,FORD MOTOR CO DEL,,,12.92000,13.19000,13.03000,8423100,-0.009878,13.01000,13.05000,13.16000,-0.009878
25785,2004-11-01,F,FORD MOTOR CO DEL,,,13.03000,13.23000,13.23000,5607700,0.015349,13.21000,13.23000,13.13000,0.015349
25785,2004-11-02,F,FORD MOTOR CO DEL,,,12.88000,13.52000,13.24000,7222600,0.000756,13.19000,13.24000,12.88000,0.000756
25785,2004-11-03,F,FORD MOTOR CO DEL,,,13.18000,13.52000,13.25000,7665200,0.000755,13.25000,13.26000,13.48000,0.000755
25785,2004-11-04,F,FORD MOTOR CO DEL,,,13.24000,13.78000,13.78000,10744600,0.040000,13.74000,13.76000,13.25000,0.040000
25785,2004-11-05,F,FORD MOTOR CO DEL,,,13.75000,13.88000,13.81000,8068000,0.002177,13.77000,13.82000,13.86000,0.002177
25785,2004-11-08,F,FORD MOTOR CO DEL,,,13.77000,13.90000,13.77000,6458900,-0.002896,13.77000,13.78000,13.85000,-0.002896
25785,2004-11-09,F,FORD MOTOR CO DEL,,,13.91000,14.15000,14.08000,11781400,0.022513,14.08000,14.09000,13.97000,0.022513
25785,2004-11-10,F,FORD MOTOR CO DEL,,,13.86000,14.15000,13.91000,9597400,-0.012074,13.91000,13.92000,14.00000,-0.012074
25785,2004-11-11,F,FORD MOTOR CO DEL,,,13.97000,14.25000,14.25000,7274200,0.024443,14.22000,14.22000,13.99000,0.024443
25785,2004-11-12,F,FORD MOTOR CO DEL,,,14.18000,14.33000,14.23000,6354200,-0.001404,14.20000,14.21000,14.30000,-0.001404
25785,2004-11-15,F,FORD MOTOR CO DEL,,,14.17000,14.45000,14.35000,9943200,0.008433,14.34000,14.35000,14.22000,0.008433
25785,2004-11-16,F,FORD MOTOR CO DEL,,,14.14000,14.29000,14.21000,5051100,-0.009756,14.21000,14.22000,14.28000,-0.009756
25785,2004-11-17,F,FORD MOTOR CO DEL,,,14.22000,14.38000,14.31000,6639600,0.007037,14.30000,14.31000,14.24000,0.007037
25785,2004-11-18,F,FORD MOTOR CO DEL,,,14.25000,14.41000,14.34000,5512300,0.002096,14.34000,14.36000,14.31000,0.002096
25785,2004-11-19,F,FORD MOTOR CO DEL,,,14.03000,14.40000,14.15000,7443400,-0.013250,14.14000,14.16000,14.39000,-0.013250
25785,2004-11-22,F,FORD MOTOR CO DEL,,,13.94000,14.15000,14.09000,6615200,-0.004240,14.08000,14.09000,14.07000,-0.004240
25785,2004-11-23,F,FORD MOTOR CO DEL,,,13.98000,14.12000,14.09000,6604900,0.000000,14.08000,14.09000,14.09000,0.000000
25785,2004-11-24,F,FORD MOTOR CO DEL,,,13.95000,14.10000,14.08000,6455500,-0.000710,14.08000,14.09000,14.04000,-0.000710
25785,2004-11-26,F,FORD MOTOR CO DEL,,,14.02000,14.30000,14.25000,3225700,0.012074,14.25000,14.25000,14.10000,0.012074
25785,2004-11-29,F,FORD MOTOR CO DEL,,,14.08000,14.37000,14.23000,6936600,-0.001404,14.22000,14.23000,14.35000,-0.001404
25785,2004-11-30,F,FORD MOTOR CO DEL,,,14.11000,14.27000,14.18000,5872000,-0.003514,14.15000,14.18000,14.16000,-0.003514
25785,2004-12-01,F,FORD MOTOR CO DEL,,,13.59000,14.27000,14.14000,11359600,-0.002821,14.13000,14.14000,14.16000,-0.002821
25785,2004-12-02,F,FORD MOTOR CO DEL,,,14.06000,14.25000,14.23000,10260900,0.006365,14.20000,14.21000,14.14000,0.006365
25785,2004-12-03,F,FORD MOTOR CO DEL,,,14.17000,14.43000,14.31000,9134100,0.005622,14.30000,14.31000,14.23000,0.005622
25785,2004-12-06,F,FORD MOTOR CO DEL,,,14.19000,14.33000,14.27000,6081100,-0.002795,14.26000,14.29000,14.20000,-0.002795
25785,2004-12-07,F,FORD MOTOR CO DEL,,,14.17000,14.34000,14.23000,8074700,-0.002803,14.26000,14.27000,14.22000,-0.002803
25785,2004-12-08,F,FORD MOTOR CO DEL,,,14.19000,14.32000,14.21000,6837700,-0.001405,14.20000,14.21000,14.24000,-0.001405
25785,2004-12-09,F,FORD MOTOR CO DEL,,,14.10000,14.27000,14.24000,7135300,0.002111,14.22000,14.25000,14.17000,0.002111
25785,2004-12-10,F,FORD MOTOR CO DEL,,,14.12000,14.40000,14.22000,7368900,-0.001404,14.20000,14.23000,14.28000,-0.001404
25785,2004-12-13,F,FORD MOTOR CO DEL,,,14.15000,14.28000,14.23000,5936500,0.000703,14.22000,14.23000,14.25000,0.000703
25785,2004-12-14,F,FORD MOTOR CO DEL,,,14.22000,14.39000,14.32000,7521800,0.006325,14.29000,14.35000,14.27000,0.006325
25785,2004-12-15,F,FORD MOTOR CO DEL,,,14.19000,14.49000,14.29000,8973000,-0.002095,14.28000,14.30000,14.39000,-0.002095
25785,2004-12-16,F,FORD MOTOR CO DEL,,,14.19000,14.33000,14.22000,4677800,-0.004899,14.22000,14.25000,14.27000,-0.004899
25785,2004-12-17,F,FORD MOTOR CO DEL,,,14.09000,14.35000,14.34000,9204000,0.008439,14.29000,14.34000,14.09000,0.008439
25785,2004-12-20,F,FORD MOTOR CO DEL,,,14.31000,14.75000,14.66000,10671700,0.022315,14.65000,14.66000,14.31000,0.022315
25785,2004-12-21,F,FORD MOTOR CO DEL,,,14.59000,14.80000,14.71000,8553200,0.003411,14.70000,14.71000,14.62000,0.003411
25785,2004-12-22,F,FORD MOTOR CO DEL,,,14.70000,15.00000,14.83000,8389600,0.008158,14.83000,14.85000,14.71000,0.008158
25785,2004-12-23,F,FORD MOTOR CO DEL,,,14.72000,14.89000,14.80000,3640800,-0.002023,14.82000,14.83000,14.83000,-0.002023
25785,2004-12-27,F,FORD MOTOR CO DEL,,,14.70000,14.97000,14.74000,3173300,-0.004054,14.75000,14.76000,14.80000,-0.004054
25785,2004-12-28,F,FORD MOTOR CO DEL,,,14.74000,14.94000,14.88000,3429900,0.009498,14.86000,14.87000,14.84000,0.009498
25785,2004-12-29,F,FORD MOTOR CO DEL,,,14.73000,14.88000,14.74000,3653700,-0.009409,14.76000,14.78000,14.77000,-0.009409
25785,2004-12-30,F,FORD MOTOR CO DEL,,,14.71000,14.87000,14.80000,3273700,0.004071,14.77000,14.82000,14.87000,0.004071
25785,2004-12-31,F,FORD MOTOR CO DEL,,,14.59000,14.80000,14.64000,3664200,-0.010811,14.64000,14.66000,14.75000,-0.010811
25785,2005-01-03,F,FORD MOTOR CO DEL,,,14.51000,14.75000,14.71000,9854900,0.004781,14.67000,14.71000,14.66000,0.004781
25785,2005-01-04,F,FORD MOTOR CO DEL,,,14.59000,14.75000,14.66000,9035400,-0.003399,14.63000,14.64000,14.71000,-0.003399
25785,2005-01-05,F,FORD MOTOR CO DEL,,,14.42000,14.66000,14.43000,11376200,-0.015689,14.43000,14.44000,14.63000,-0.015689
25785,2005-01-06,F,FORD MOTOR CO DEL,,,14.37000,14.52000,14.45000,6672600,0.001386,14.44000,14.47000,14.40000,0.001386
25785,2005-01-07,F,FORD MOTOR CO DEL,,,14.45000,14.65000,14.65000,11452600,0.013841,14.63000,14.64000,14.48000,0.013841
25785,2005-01-10,F,FORD MOTOR CO DEL,,,14.48000,14.59000,14.55000,10040000,-0.006826,14.54000,14.55000,14.49000,-0.006826
25785,2005-01-11,F,FORD MOTOR CO DEL,,,14.35000,14.55000,14.43000,10200100,-0.008247,14.43000,14.45000,14.55000,-0.008247
25785,2005-01-12,F,FORD MOTOR CO DEL,,,14.24000,14.45000,14.32000,15451200,-0.007623,14.31000,14.33000,14.43000,-0.007623
25785,2005-01-13,F,FORD MOTOR CO DEL,,,14.04000,14.34000,14.08000,11036900,-0.016760,14.07000,14.08000,14.34000,-0.016760
25785,2005-01-14,F,FORD MOTOR CO DEL,,,14.01000,14.15000,14.06000,9362700,-0.001420,14.06000,14.08000,14.04000,-0.001420
25785,2005-01-18,F,FORD MOTOR CO DEL,,,13.91000,14.15000,14.08000,10296700,0.001422,14.06000,14.07000,13.96000,0.001422
25785,2005-01-19,F,FORD MOTOR CO DEL,,,13.92000,14.27000,13.93000,6560200,-0.010653,13.92000,13.97000,14.08000,-0.010653
25785,2005-01-20,F,FORD MOTOR CO DEL,,,13.40000,13.75000,13.46000,14966700,-0.033740,13.45000,13.46000,13.55000,-0.033740
25785,2005-01-21,F,FORD MOTOR CO DEL,,,13.10000,13.46000,13.11000,12370200,-0.026003,13.11000,13.12000,13.46000,-0.026003
25785,2005-01-24,F,FORD MOTOR CO DEL,,,13.05000,13.30000,13.07000,10804800,-0.003051,13.06000,13.08000,13.12000,-0.003051
25785,2005-01-25,F,FORD MOTOR CO DEL,,,13.07000,13.42000,13.23000,11581200,0.012242,13.22000,13.23000,13.07000,0.012242
25785,2005-01-26,F,FORD MOTOR CO DEL,,,13.17000,13.36000,13.35000,6957100,0.016629,13.34000,13.36000,13.28000,0.009070
25785,2005-01-27,F,FORD MOTOR CO DEL,,,13.17000,13.31000,13.19000,6295200,-0.011985,13.20000,13.21000,13.26000,-0.011985
25785,2005-01-28,F,FORD MOTOR CO DEL,,,13.04000,13.25000,13.14000,9262100,-0.003791,13.14000,13.15000,13.15000,-0.003791
25785,2005-01-31,F,FORD MOTOR CO DEL,,,13.11000,13.29000,13.17000,6977300,0.002283,13.15000,13.17000,13.25000,0.002283
25785,2005-02-01,F,FORD MOTOR CO DEL,,,13.01000,13.28000,13.08000,9250700,-0.006834,13.08000,13.09000,13.27000,-0.006834
25785,2005-02-02,F,FORD MOTOR CO DEL,,,13.08000,13.38000,13.27000,7074200,0.014526,13.27000,13.28000,13.18000,0.014526
25785,2005-02-03,F,FORD MOTOR CO DEL,,,13.06000,13.25000,13.11000,8963300,-0.012057,13.11000,13.12000,13.17000,-0.012057
25785,2005-02-04,F,FORD MOTOR CO DEL,,,13.15000,13.26000,13.22000,7186000,0.008391,13.20000,13.24000,13.21000,0.008391
25785,2005-02-07,F,FORD MOTOR CO DEL,,,13.24000,13.54000,13.42000,9010200,0.015129,13.40000,13.41000,13.29000,0.015129
25785,2005-02-08,F,FORD MOTOR CO DEL,,,13.15000,13.44000,13.16000,9652400,-0.019374,13.16000,13.18000,13.24000,-0.019374
25785,2005-02-09,F,FORD MOTOR CO DEL,,,13.04000,13.19000,13.12000,8400800,-0.003040,13.11000,13.12000,13.10000,-0.003040
25785,2005-02-10,F,FORD MOTOR CO DEL,,,13.06000,13.21000,13.10000,7250200,-0.001524,13.09000,13.10000,13.11000,-0.001524
25785,2005-02-11,F,FORD MOTOR CO DEL,,,13.04000,13.19000,13.06000,8418300,-0.003053,13.06000,13.07000,13.09000,-0.003053
25785,2005-02-14,F,FORD MOTOR CO DEL,,,13.04000,13.20000,13.10000,6266800,0.003063,13.10000,13.11000,13.12000,0.003063
25785,2005-02-15,F,FORD MOTOR CO DEL,,,13.06000,13.18000,13.16000,5585100,0.004580,13.15000,13.16000,13.06000,0.004580
25785,2005-02-16,F,FORD MOTOR CO DEL,,,13.05000,13.30000,13.25000,8143600,0.006839,13.25000,13.26000,13.10000,0.006839
25785,2005-02-17,F,FORD MOTOR CO DEL,,,13.00000,13.25000,13.00000,6868200,-0.018868,13.00000,13.01000,13.19000,-0.018868
25785,2005-02-18,F,FORD MOTOR CO DEL,,,12.77000,13.01000,12.96000,9274800,-0.003077,12.95000,12.97000,13.01000,-0.003077
25785,2005-02-22,F,FORD MOTOR CO DEL,,,12.71000,12.90000,12.76000,10741200,-0.015432,12.76000,12.78000,12.76000,-0.015432
25785,2005-02-23,F,FORD MOTOR CO DEL,,,12.73000,12.93000,12.81000,7916800,0.003919,12.81000,12.82000,12.76000,0.003919
25785,2005-02-24,F,FORD MOTOR CO DEL,,,12.75000,12.88000,12.80000,5234600,-0.000781,12.79000,12.80000,12.83000,-0.000781
25785,2005-02-25,F,FORD MOTOR CO DEL,,,12.80000,13.02000,13.00000,5376500,0.015625,12.99000,13.00000,12.85000,0.015625
25785,2005-02-28,F,FORD MOTOR CO DEL,,,12.49000,12.67000,12.65000,16898800,-0.026923,12.64000,12.65000,12.60000,-0.026923
25785,2005-03-01,F,FORD MOTOR CO DEL,,,12.53000,12.67000,12.67000,11681300,0.001581,12.66000,12.67000,12.57000,0.001581
25785,2005-03-02,F,FORD MOTOR CO DEL,,,12.45000,12.73000,12.47000,12021700,-0.015785,12.47000,12.48000,12.56000,-0.015785
25785,2005-03-03,F,FORD MOTOR CO DEL,,,12.44000,12.55000,12.50000,7830900,0.002406,12.49000,12.50000,12.46000,0.002406
25785,2005-03-04,F,FORD MOTOR CO DEL,,,12.38000,12.61000,12.40000,7352600,-0.008000,12.39000,12.40000,12.50000,-0.008000
25785,2005-03-07,F,FORD MOTOR CO DEL,,,12.32000,12.58000,12.52000,9975600,0.009677,12.51000,12.54000,12.33000,0.009677
25785,2005-03-08,F,FORD MOTOR CO DEL,,,12.40000,12.55000,12.45000,7163900,-0.005591,12.44000,12.46000,12.43000,-0.005591
25785,2005-03-09,F,FORD MOTOR CO DEL,,,12.28000,12.44000,12.34000,11106000,-0.008835,12.34000,12.35000,12.41000,-0.008835
25785,2005-03-10,F,FORD MOTOR CO DEL,,,12.32000,12.51000,12.37000,7869000,0.002431,12.35000,12.36000,12.32000,0.002431
25785,2005-03-11,F,FORD MOTOR CO DEL,,,12.37000,12.60000,12.39000,5273100,0.001617,12.38000,12.45000,12.55000,0.001617
25785,2005-03-14,F,FORD MOTOR CO DEL,,,12.30000,12.42000,12.39000,5400400,0.000000,12.38000,12.40000,12.39000,0.000000
25785,2005-03-15,F,FORD MOTOR CO DEL,,,12.20000,12.47000,12.23000,8218200,-0.012914,12.22000,12.23000,12.44000,-0.012914
25785,2005-03-16,F,FORD MOTOR CO DEL,,,11.40000,12.02000,11.91000,29505600,-0.026165,11.90000,11.91000,11.82000,-0.026165
25785,2005-03-17,F,FORD MOTOR CO DEL,,,11.54000,11.92000,11.67000,18745900,-0.020151,11.67000,11.70000,11.72000,-0.020151
25785,2005-03-18,F,FORD MOTOR CO DEL,,,11.26000,11.68000,11.39000,17484400,-0.023993,11.36000,11.41000,11.67000,-0.023993
25785,2005-03-21,F,FORD MOTOR CO DEL,,,11.10000,11.60000,11.51000,15454400,0.010536,11.50000,11.51000,11.37000,0.010536
25785,2005-03-22,F,FORD MOTOR CO DEL,,,11.15000,11.63000,11.17000,11722400,-0.029540,11.17000,11.18000,11.40000,-0.029540
25785,2005-03-23,F,FORD MOTOR CO DEL,,,10.94000,11.27000,10.99000,18428300,-0.016115,10.98000,10.99000,11.17000,-0.016115
25785,2005-03-24,F,FORD MOTOR CO DEL,,,10.95000,11.54000,11.29000,12897800,0.027298,11.29000,11.30000,10.98000,0.027298
25785,2005-03-28,F,FORD MOTOR CO DEL,,,11.18000,11.35000,11.22000,6599500,-0.006200,11.22000,11.23000,11.24000,-0.006200
25785,2005-03-29,F,FORD MOTOR CO DEL,,,11.22000,11.41000,11.27000,8069100,0.004456,11.26000,11.28000,11.26000,0.004456
25785,2005-03-30,F,FORD MOTOR CO DEL,,,11.25000,11.52000,11.44000,10335300,0.015084,11.43000,11.44000,11.25000,0.015084
25785,2005-03-31,F,FORD MOTOR CO DEL,,,11.31000,11.53000,11.33000,6895700,-0.009615,11.31000,11.33000,11.42000,-0.009615
25785,2005-04-01,F,FORD MOTOR CO DEL,,,11.10000,11.69000,11.18000,12415300,-0.013239,11.17000,11.18000,11.65000,-0.013239
25785,2005-04-04,F,FORD MOTOR CO DEL,,,10.95000,11.23000,11.09000,9371900,-0.008050,11.07000,11.09000,11.12000,-0.008050
25785,2005-04-05,F,FORD MOTOR CO DEL,,,11.01000,11.20000,11.10000,6034700,0.000902,11.10000,11.12000,11.01000,0.000902
25785,2005-04-06,F,FORD MOTOR CO DEL,,,11.10000,11.36000,11.11000,7079000,0.000901,11.10000,11.11000,11.15000,0.000901
25785,2005-04-07,F,FORD MOTOR CO DEL,,,10.96000,11.31000,11.30000,11632300,0.017102,11.29000,11.30000,11.02000,0.017102
25785,2005-04-08,F,FORD MOTOR CO DEL,,,10.97000,11.28000,11.03000,10020000,-0.023894,11.02000,11.04000,11.12000,-0.023894
25785,2005-04-11,F,FORD MOTOR CO DEL,,,10.09000,10.49000,10.44000,40722000,-0.053490,10.45000,10.46000,10.30000,-0.053490
25785,2005-04-12,F,FORD MOTOR CO DEL,,,9.93000,10.40000,10.06000,29808600,-0.036398,10.07000,10.08000,10.26000,-0.036398
25785,2005-04-13,F,FORD MOTOR CO DEL,,,9.97000,10.08000,10.05000,16558200,-0.000994,10.04000,10.05000,10.05000,-0.000994
25785,2005-04-14,F,FORD MOTOR CO DEL,,,9.65000,10.05000,9.75000,22250300,-0.029851,9.74000,9.75000,10.02000,-0.029851
25785,2005-04-15,F,FORD MOTOR CO DEL,,,9.47000,9.73000,9.50000,23096100,-0.025641,9.49000,9.50000,9.67000,-0.025641
25785,2005-04-18,F,FORD MOTOR CO DEL,,,9.28000,9.51000,9.34000,20188200,-0.016842,9.32000,9.33000,9.49000,-0.016842
25785,2005-04-19,F,FORD MOTOR CO DEL,,,9.14000,9.47000,9.28000,18779100,-0.006424,9.28000,9.30000,9.33000,-0.006424
25785,2005-04-20,F,FORD MOTOR CO DEL,,,9.16900,9.70000,9.34000,21695700,0.006466,9.35000,9.36000,9.48000,0.006466
25785,2005-04-21,F,FORD MOTOR CO DEL,,,9.50000,9.86000,9.82000,19687100,0.051392,9.81000,9.83000,9.50000,0.051392
25785,2005-04-22,F,FORD MOTOR CO DEL,,,9.69000,9.98000,9.89000,15439000,0.007128,9.88000,9.89000,9.83000,0.007128
25785,2005-04-25,F,FORD MOTOR CO DEL,,,9.75000,10.39000,9.79000,10067300,-0.010111,9.81000,9.82000,10.12000,-0.010111
25785,2005-04-26,F,FORD MOTOR CO DEL,,,9.56000,9.78000,9.57000,12754800,-0.022472,9.58000,9.59000,9.69000,-0.022472
25785,2005-04-27,F,FORD MOTOR CO DEL,,,9.31000,9.58000,9.44000,11226200,-0.013584,9.45000,9.48000,9.58000,-0.013584
25785,2005-04-28,F,FORD MOTOR CO DEL,,,9.10000,9.35000,9.14000,11258300,-0.021186,9.13000,9.14000,9.27000,-0.031780
25785,2005-04-29,F,FORD MOTOR CO DEL,,,9.07000,9.24000,9.11000,9017600,-0.003282,9.11000,9.12000,9.21000,-0.003282
25785,2005-05-02,F,FORD MOTOR CO DEL,,,9.07000,9.25000,9.22000,7684500,0.012075,9.23000,9.24000,9.16000,0.012075
25785,2005-05-03,F,FORD MOTOR CO DEL,,,9.25000,9.49000,9.47000,12268700,0.027115,9.46000,9.46000,9.27000,0.027115
25785,2005-05-04,F,FORD MOTOR CO DEL,,,9.77000,10.45000,10.16000,44174600,0.072862,10.17000,10.18000,9.85000,0.072862
25785,2005-05-05,F,FORD MOTOR CO DEL,,,9.46000,10.22000,9.70000,32817600,-0.045276,9.70000,9.71000,10.15000,-0.045276
25785,2005-05-06,F,FORD MOTOR CO DEL,,,9.63000,9.87000,9.76000,19503900,0.006186,9.75000,9.76000,9.71000,0.006186
25785,2005-05-09,F,FORD MOTOR CO DEL,,,9.76000,10.08000,9.95000,15056500,0.019467,9.94000,9.95000,9.76000,0.019467
25785,2005-05-10,F,FORD MOTOR CO DEL,,,9.67000,9.93000,9.78000,14652300,-0.017085,9.78000,9.78000,9.90000,-0.017085
25785,2005-05-11,F,FORD MOTOR CO DEL,,,9.44000,9.85000,9.64000,13921200,-0.014315,9.64000,9.65000,9.85000,-0.014315
25785,2005-05-12,F,FORD MOTOR CO DEL,,,9.27000,9.77000,9.35000,22707800,-0.030083,9.34000,9.35000,9.77000,-0.030083
25785,2005-05-13,F,FORD MOTOR CO DEL,,,9.23000,9.47000,9.30000,10342300,-0.005348,9.28000,9.30000,9.39000,-0.005348
25785,2005-05-16,F,FORD MOTOR CO DEL,,,9.31000,9.51000,9.41000,9855700,0.011828,9.39000,9.41000,9.35000,0.011828
25785,2005-05-17,F,FORD MOTOR CO DEL,,,9.26000,9.48000,9.31000,12594900,-0.010627,9.31000,9.32000,9.41000,-0.010627
25785,2005-05-18,F,FORD MOTOR CO DEL,,,9.39000,9.98000,9.92000,22641400,0.065521,9.91000,9.92000,9.60000,0.065521
25785,2005-05-19,F,FORD MOTOR CO DEL,,,9.78000,10.07000,10.01000,19570000,0.009073,9.99000,10.01000,9.90000,0.009073
25785,2005-05-20,F,FORD MOTOR CO DEL,,,9.88000,10.06000,10.00000,14376100,-0.000999,9.99000,10.00000,9.95000,-0.000999
25785,2005-05-23,F,FORD MOTOR CO DEL,,,10.05000,10.27000,10.17000,14459200,0.017000,10.16000,10.18000,10.07000,0.017000
25785,2005-05-24,F,FORD MOTOR CO DEL,,,9.85000,10.14000,9.98000,13168400,-0.018682,9.99000,10.00000,10.13000,-0.018682
25785,2005-05-25,F,FORD MOTOR CO DEL,,,9.79000,9.98000,9.96000,13340000,-0.002004,9.96000,9.97000,9.95000,-0.002004
25785,2005-05-26,F,FORD MOTOR CO DEL,,,9.96000,10.07000,10.03000,10885100,0.007028,10.03000,10.04000,10.05000,0.007028
25785,2005-05-27,F,FORD MOTOR CO DEL,,,10.03000,10.26000,10.07000,10987900,0.003988,10.06000,10.09000,10.09000,0.003988
25785,2005-05-31,F,FORD MOTOR CO DEL,,,9.98000,10.10000,9.98000,8858400,-0.008937,9.99000,10.00000,10.07000,-0.008937
25785,2005-06-01,F,FORD MOTOR CO DEL,,,9.87400,10.13000,9.92000,14013700,-0.006012,9.92000,9.93000,10.04000,-0.006012
25785,2005-06-02,F,FORD MOTOR CO DEL,,,9.97000,10.32000,10.27000,19833500,0.035282,10.26000,10.27000,10.00000,0.035282
25785,2005-06-03,F,FORD MOTOR CO DEL,,,9.90000,10.25000,9.90000,17859800,-0.036027,9.95000,9.97000,10.25000,-0.036027
25785,2005-06-06,F,FORD MOTOR CO DEL,,,9.85000,9.99000,9.96000,6463000,0.006061,9.95000,9.96000,9.91000,0.006061
25785,2005-06-07,F,FORD MOTOR CO DEL,,,9.96000,10.14000,10.06000,7381600,0.010040,10.05000,10.06000,9.96000,0.010040
25785,2005-06-08,F,FORD MOTOR CO DEL,,,10.08000,10.27000,10.09000,10328500,0.002982,10.08000,10.09000,10.14000,0.002982
25785,2005-06-09,F,FORD MOTOR CO DEL,,,9.96000,10.10000,10.02000,9099000,-0.006938,10.02000,10.03000,10.09000,-0.006938
25785,2005-06-10,F,FORD MOTOR CO DEL,,,10.03000,11.03000,10.33000,27944700,0.030938,10.33000,10.34000,10.03000,0.030938
25785,2005-06-13,F,FORD MOTOR CO DEL,,,10.21000,10.74000,10.52000,17664200,0.018393,10.53000,10.53000,10.34000,0.018393
25785,2005-06-14,F,FORD MOTOR CO DEL,,,10.60000,11.24000,10.82000,25162000,0.028517,10.81000,10.82000,10.69000,0.028517
25785,2005-06-15,F,FORD MOTOR CO DEL,,,10.92000,11.19000,11.16000,18048300,0.031423,11.15000,11.16000,10.97000,0.031423
25785,2005-06-16,F,FORD MOTOR CO DEL,,,11.27000,11.44000,11.37000,18134400,0.018817,11.35000,11.36000,11.31000,0.018817
25785,2005-06-17,F,FORD MOTOR CO DEL,,,11.11000,11.37000,11.28000,18267200,-0.007916,11.27000,11.28000,11.37000,-0.007916
25785,2005-06-20,F,FORD MOTOR CO DEL,,,11.04000,11.48000,11.11000,12236000,-0.015071,11.10000,11.11000,11.30000,-0.015071
25785,2005-06-21,F,FORD MOTOR CO DEL,,,11.10000,11.24000,11.17000,10652600,0.005401,11.18000,11.19000,11.17000,0.005401
25785,2005-06-22,F,FORD MOTOR CO DEL,,,10.56000,10.91000,10.68000,29048800,-0.043867,10.68000,10.69000,10.84000,-0.043867
25785,2005-06-23,F,FORD MOTOR CO DEL,,,10.28000,10.76000,10.40000,14564400,-0.026217,10.40000,10.41000,10.60000,-0.026217
25785,2005-06-24,F,FORD MOTOR CO DEL,,,10.16000,10.36000,10.21000,9971800,-0.018269,10.22000,10.25000,10.31000,-0.018269
25785,2005-06-27,F,FORD MOTOR CO DEL,,,10.09000,10.33000,10.12000,9096800,-0.008815,10.12000,10.13000,10.17000,-0.008815
25785,2005-06-28,F,FORD MOTOR CO DEL,,,10.12000,10.46000,10.40000,6835800,0.027668,10.39000,10.40000,10.12000,0.027668
25785,2005-06-29,F,FORD MOTOR CO DEL,,,10.31000,10.52000,10.41000,8050600,0.000962,10.42000,10.43000,10.44000,0.000962
25785,2005-06-30,F,FORD MOTOR CO DEL,,,10.23000,10.55000,10.24000,8881200,-0.016330,10.24000,10.25000,10.42000,-0.016330
25785,2005-07-01,F,FORD MOTOR CO DEL,,,10.22000,10.53000,10.31000,9819700,0.006836,10.31000,10.32000,10.22000,0.006836
25785,2005-07-05,F,FORD MOTOR CO DEL,,,10.22000,10.45000,10.40000,7492900,0.008729,10.40000,10.41000,10.32000,0.008729
25785,2005-07-06,F,FORD MOTOR CO DEL,,,10.30000,10.42000,10.35000,7499000,-0.004808,10.33000,10.35000,10.41000,-0.004808
25785,2005-07-07,F,FORD MOTOR CO DEL,,,10.12000,10.28000,10.27000,10027800,-0.007729,10.27000,10.28000,10.16000,-0.007729
25785,2005-07-08,F,FORD MOTOR CO DEL,,,10.21000,10.49000,10.42000,8415200,0.014606,10.41000,10.41000,10.32000,0.014606
25785,2005-07-11,F,FORD MOTOR CO DEL,,,10.48000,10.78000,10.71000,10060900,0.027831,10.70000,10.71000,10.55000,0.027831
25785,2005-07-12,F,FORD MOTOR CO DEL,,,10.57000,10.80000,10.78000,11820600,0.006536,10.77000,10.78000,10.59000,0.006536
25785,2005-07-13,F,FORD MOTOR CO DEL,,,10.66000,10.75000,10.69000,7938000,-0.008349,10.69000,10.70000,10.71000,-0.008349
25785,2005-07-14,F,FORD MOTOR CO DEL,,,10.75000,11.02000,10.89000,10998500,0.018709,10.86000,10.88000,10.75000,0.018709
25785,2005-07-15,F,FORD MOTOR CO DEL,,,10.81000,11.00000,11.00000,9197600,0.010101,10.96000,10.99000,10.94000,0.010101
25785,2005-07-18,F,FORD MOTOR CO DEL,,,10.79000,11.19000,10.93000,11477100,-0.006364,10.93000,10.95000,11.02000,-0.006364
25785,2005-07-19,F,FORD MOTOR CO DEL,,,10.78000,11.04000,10.84000,14244600,-0.008234,10.86000,10.89000,10.94000,-0.008234
25785,2005-07-20,F,FORD MOTOR CO DEL,,,10.50000,11.01000,10.93000,17354200,0.008303,10.92000,10.93000,10.70000,0.008303
25785,2005-07-21,F,FORD MOTOR CO DEL,,,10.58000,10.93000,10.64000,12844700,-0.026532,10.63000,10.64000,10.90000,-0.026532
25785,2005-07-22,F,FORD MOTOR CO DEL,,,10.60000,10.79000,10.72000,8326600,0.007519,10.70000,10.72000,10.64000,0.007519
25785,2005-07-25,F,FORD MOTOR CO DEL,,,10.58000,10.92000,10.61000,10656600,-0.010261,10.59000,10.60000,10.80000,-0.010261
25785,2005-07-26,F,FORD MOTOR CO DEL,,,10.60000,10.88000,10.86000,11804800,0.023563,10.85000,10.86000,10.61000,0.023563
25785,2005-07-27,F,FORD MOTOR CO DEL,,,10.76000,10.96000,10.88000,5970600,0.001842,10.88000,10.89000,10.90000,0.001842
25785,2005-07-28,F,FORD MOTOR CO DEL,,,10.75000,10.97000,10.90000,7810300,0.001838,10.90000,10.91000,10.85000,0.001838
25785,2005-07-29,F,FORD MOTOR CO DEL,,,10.66000,10.90000,10.74000,8590300,-0.005505,10.76000,10.77000,10.81000,-0.014679
25785,2005-08-01,F,FORD MOTOR CO DEL,,,10.72000,11.00000,10.85000,10732900,0.010242,10.84000,10.85000,10.72000,0.010242
25785,2005-08-02,F,FORD MOTOR CO DEL,,,10.82000,11.04000,10.88000,13464100,0.002765,10.87000,10.88000,10.90000,0.002765
25785,2005-08-03,F,FORD MOTOR CO DEL,,,10.70000,10.85000,10.75000,8057400,-0.011949,10.76000,10.77000,10.81000,-0.011949
25785,2005-08-04,F,FORD MOTOR CO DEL,,,10.60000,10.83000,10.64000,8473300,-0.010233,10.65000,10.66000,10.74000,-0.010233
25785,2005-08-05,F,FORD MOTOR CO DEL,,,10.26000,10.66000,10.36000,12975500,-0.026316,10.35000,10.37000,10.65000,-0.026316
25785,2005-08-08,F,FORD MOTOR CO DEL,,,10.30000,10.49000,10.37000,11011700,0.000965,10.36000,10.37000,10.36000,0.000965
25785,2005-08-09,F,FORD MOTOR CO DEL,,,10.40000,10.58000,10.44000,8041200,0.006750,10.42000,10.45000,10.47000,0.006750
25785,2005-08-10,F,FORD MOTOR CO DEL,,,10.39000,10.62000,10.40000,11680100,-0.003831,10.41000,10.42000,10.50000,-0.003831
25785,2005-08-11,F,FORD MOTOR CO DEL,,,10.35000,10.48000,10.36000,7069500,-0.003846,10.35000,10.36000,10.40000,-0.003846
25785,2005-08-12,F,FORD MOTOR CO DEL,,,10.07000,10.35000,10.14000,10100200,-0.021235,10.14000,10.15000,10.31000,-0.021235
25785,2005-08-15,F,FORD MOTOR CO DEL,,,10.08000,10.30000,10.15000,7244100,0.000986,10.15000,10.16000,10.09000,0.000986
25785,2005-08-16,F,FORD MOTOR CO DEL,,,10.03000,10.18900,10.06000,7420100,-0.008867,10.04000,10.06000,10.16000,-0.008867
25785,2005-08-17,F,FORD MOTOR CO DEL,,,9.93000,10.06000,9.93000,10449300,-0.012922,9.93000,9.94000,10.01000,-0.012922
25785,2005-08-18,F,FORD MOTOR CO DEL,,,9.74000,9.94000,9.76000,11410400,-0.017120,9.76000,9.77000,9.91000,-0.017120
25785,2005-08-19,F,FORD MOTOR CO DEL,,,9.73000,9.83000,9.76000,10368500,0.000000,9.75000,9.76000,9.80000,0.000000
25785,2005-08-22,F,FORD MOTOR CO DEL,,,9.73000,9.86000,9.76000,7567700,0.000000,9.76000,9.77000,9.78000,0.000000
25785,2005-08-23,F,FORD MOTOR CO DEL,,,9.74000,9.86000,9.80000,10845000,0.004098,9.80000,9.80000,9.76000,0.004098
25785,2005-08-24,F,FORD MOTOR CO DEL,,,9.82000,10.08000,9.92000,21531700,0.012245,9.92000,9.94000,9.85000,0.012245
25785,2005-08-25,F,FORD MOTOR CO DEL,,,9.78000,9.90000,9.82000,7441000,-0.010081,9.82000,9.84000,9.90000,-0.010081
25785,2005-08-26,F,FORD MOTOR CO DEL,,,9.72000,9.83000,9.77000,9066400,-0.005092,9.77000,9.78000,9.79000,-0.005092
25785,2005-08-29,F,FORD MOTOR CO DEL,,,9.64000,9.93000,9.77000,8058800,0.000000,9.78000,9.79000,9.71000,0.000000
25785,2005-08-30,F,FORD MOTOR CO DEL,,,9.66000,9.79900,9.75000,11349400,-0.002047,9.74000,9.75000,9.75000,-0.002047
25785,2005-08-31,F,FORD MOTOR CO DEL,,,9.71000,9.97000,9.97000,12731900,0.022564,9.92000,9.93000,9.82000,0.022564
25785,2005-09-01,F,FORD MOTOR CO DEL,,,9.65000,9.97000,9.73000,16647000,-0.024072,9.73000,9.74000,9.97000,-0.024072
25785,2005-09-02,F,FORD MOTOR CO DEL,,,9.70000,9.89000,9.86000,9754900,0.013361,9.85000,9.86000,9.79000,0.013361
25785,2005-09-06,F,FORD MOTOR CO DEL,,,9.80000,10.02000,9.96000,15241800,0.010142,9.93000,9.97000,9.86000,0.010142
25785,2005-09-07,F,FORD MOTOR CO DEL,,,9.88000,10.17000,10.13000,17952800,0.017068,10.12000,10.13000,9.89000,0.017068
25785,2005-09-08,F,FORD MOTOR CO DEL,,,9.87000,10.20000,9.92000,10240500,-0.020731,9.94000,9.95000,10.20000,-0.020731
25785,2005-09-09,F,FORD MOTOR CO DEL,,,9.86000,9.99000,9.90000,6863300,-0.002016,9.90000,9.92000,9.92000,-0.002016
25785,2005-09-12,F,FORD MOTOR CO DEL,,,9.86000,10.04000,9.92000,7131600,0.002020,9.90000,9.91000,9.91000,0.002020
25785,2005-09-13,F,FORD MOTOR CO DEL,,,9.78000,10.09000,9.82000,11167900,-0.010081,9.82000,9.87000,10.09000,-0.010081
25785,2005-09-14,F,FORD MOTOR CO DEL,,,9.89000,10.04000,9.96000,12258200,0.014257,9.95000,9.96000,9.95000,0.014257
25785,2005-09-15,F,FORD MOTOR CO DEL,,,9.74000,9.99000,9.86000,11927200,-0.010040,9.85000,9.86000,9.96000,-0.010040
25785,2005-09-16,F,FORD MOTOR CO DEL,,,9.76000,9.94000,9.93000,12981700,0.007099,9.91000,9.93000,9.90000,0.007099
25785,2005-09-19,F,FORD MOTOR CO DEL,,,9.69000,9.92000,9.71000,9677000,-0.022155,9.71000,9.72000,9.88000,-0.022155
25785,2005-09-20,F,FORD MOTOR CO DEL,,,9.71000,9.87000,9.76000,11618400,0.005149,9.74000,9.78000,9.71000,0.005149
25785,2005-09-21,F,FORD MOTOR CO DEL,,,9.55000,9.82000,9.66000,15628500,-0.010246,9.64000,9.66000,9.72000,-0.010246
25785,2005-09-22,F,FORD MOTOR CO DEL,,,9.64000,9.84000,9.72000,10651100,0.006211,9.72000,9.73000,9.66000,0.006211
25785,2005-09-23,F,FORD MOTOR CO DEL,,,9.72000,9.84000,9.79000,8757700,0.007202,9.79000,9.80000,9.73000,0.007202
25785,2005-09-26,F,FORD MOTOR CO DEL,,,9.80000,9.98000,9.96000,12729500,0.017365,9.95000,9.96000,9.80000,0.017365
25785,2005-09-27,F,FORD MOTOR CO DEL,,,9.84000,9.97000,9.85000,8153100,-0.011044,9.84000,9.85000,9.96000,-0.011044
25785,2005-09-28,F,FORD MOTOR CO DEL,,,9.86000,10.01000,9.95000,7927200,0.010152,9.95000,9.96000,9.91000,0.010152
25785,2005-09-29,F,FORD MOTOR CO DEL,,,9.81000,10.04000,9.86000,9625800,-0.009045,9.86000,9.88000,10.00000,-0.009045
25785,2005-09-30,F,FORD MOTOR CO DEL,,,9.82000,9.99000,9.86000,7905800,0.000000,9.85000,9.86000,9.85000,0.000000
25785,2005-10-03,F,FORD MOTOR CO DEL,,,9.83000,10.00000,9.89000,8662800,0.003043,9.88000,9.89000,10.00000,0.003043
25785,2005-10-04,F,FORD MOTOR CO DEL,,,9.76000,9.90000,9.78000,16223800,-0.011122,9.78000,9.79000,9.90000,-0.011122
25785,2005-10-05,F,FORD MOTOR CO DEL,,,9.40000,9.76000,9.42000,17180600,-0.036810,9.41000,9.42000,9.75000,-0.036810
25785,2005-10-06,F,FORD MOTOR CO DEL,,,9.26000,9.50000,9.32000,12015100,-0.010616,9.31000,9.32000,9.47000,-0.010616
25785,2005-10-07,F,FORD MOTOR CO DEL,,,9.15000,9.37000,9.23000,13037800,-0.009657,9.22000,9.23000,9.32000,-0.009657
25785,2005-10-10,F,FORD MOTOR CO DEL,,,8.88000,9.20000,8.93000,20040800,-0.032503,8.93000,8.94000,9.20000,-0.032503
25785,2005-10-11,F,FORD MOTOR CO DEL,,,8.70000,8.95000,8.71000,20020600,-0.024636,8.71000,8.72000,8.84000,-0.024636
25785,2005-10-12,F,FORD MOTOR CO DEL,,,8.61000,8.84000,8.69000,26949900,-0.002296,8.69000,8.70000,8.75000,-0.002296
25785,2005-10-13,F,FORD MOTOR CO DEL,,,8.65000,9.00000,8.99000,20891200,0.034522,8.98000,9.00000,8.65000,0.034522
25785,2005-10-14,F,FORD MOTOR CO DEL,,,8.60000,8.89000,8.61000,31427600,-0.042269,8.61000,8.62000,8.75000,-0.042269
25785,2005-10-17,F,FORD MOTOR CO DEL,,,8.64000,9.25000,8.66000,27906400,0.005807,8.65000,8.66000,9.25000,0.005807
25785,2005-10-18,F,FORD MOTOR CO DEL,,,8.34000,8.62000,8.47000,29285300,-0.021940,8.46000,8.48000,8.61000,-0.021940
25785,2005-10-19,F,FORD MOTOR CO DEL,,,8.26000,8.54000,8.47000,23539900,0.000000,8.47000,8.48000,8.45000,0.000000
25785,2005-10-20,F,FORD MOTOR CO DEL,,,8.36000,8.56000,8.42000,17065300,-0.005903,8.42000,8.43000,8.47000,-0.005903
25785,2005-10-21,F,FORD MOTOR CO DEL,,,8.16000,8.46000,8.25000,15655300,-0.020190,8.26000,8.27000,8.43000,-0.020190
25785,2005-10-24,F,FORD MOTOR CO DEL,,,8.34000,8.64000,8.60000,19331500,0.042424,8.60000,8.60000,8.42000,0.042424
25785,2005-10-25,F,FORD MOTOR CO DEL,,,8.50000,8.66000,8.63000,14377400,0.003488,8.62000,8.65000,8.63000,0.003488
25785,2005-10-26,F,FORD MOTOR CO DEL,,,8.50000,8.64000,8.52000,17717400,-0.012746,8.52000,8.53000,8.60000,-0.012746
25785,2005-10-27,F,FORD MOTOR CO DEL,,,8.13000,8.50000,8.14000,16237200,-0.044601,8.13000,8.14000,8.50000,-0.044601
25785,2005-10-28,F,FORD MOTOR CO DEL,,,7.98000,8.22000,8.02000,22477500,-0.002457,8.01000,8.02000,8.08000,-0.014742
25785,2005-10-31,F,FORD MOTOR CO DEL,,,8.04000,8.43000,8.32000,29160000,0.037406,8.32000,8.33000,8.05000,0.037406
25785,2005-11-01,F,FORD MOTOR CO DEL,,,8.18000,8.45000,8.22000,16663100,-0.012019,8.22000,8.23000,8.33000,-0.012019
25785,2005-11-02,F,FORD MOTOR CO DEL,,,8.16000,8.32000,8.27000,9358300,0.006083,8.27000,8.28000,8.20000,0.006083
25785,2005-11-03,F,FORD MOTOR CO DEL,,,8.20000,8.39000,8.38000,14087300,0.013301,8.36000,8.38000,8.25000,0.013301
25785,2005-11-04,F,FORD MOTOR CO DEL,,,8.21000,8.49000,8.29000,9926500,-0.010740,8.30000,8.31000,8.45000,-0.010740
25785,2005-11-07,F,FORD MOTOR CO DEL,,,8.25000,8.39000,8.34000,7670600,0.006031,8.35000,8.36000,8.36000,0.006031
25785,2005-11-08,F,FORD MOTOR CO DEL,,,8.23000,8.47000,8.26000,7592400,-0.009592,8.25000,8.26000,8.35000,-0.009592
25785,2005-11-09,F,FORD MOTOR CO DEL,,,8.00000,8.23000,8.03000,16359500,-0.027845,8.03000,8.04000,8.21000,-0.027845
25785,2005-11-10,F,FORD MOTOR CO DEL,,,7.76000,8.04000,7.82000,25867100,-0.026152,7.83000,7.84000,8.03000,-0.026152
25785,2005-11-11,F,FORD MOTOR CO DEL,,,7.83000,8.05000,7.97000,20183100,0.019182,7.97000,7.98000,7.83000,0.019182
25785,2005-11-14,F,FORD MOTOR CO DEL,,,7.90000,8.05000,7.93000,11751100,-0.005019,7.92000,7.93000,8.05000,-0.005019
25785,2005-11-15,F,FORD MOTOR CO DEL,,,7.82000,7.98000,7.84000,12800700,-0.011349,7.83000,7.84000,7.95000,-0.011349
25785,2005-11-16,F,FORD MOTOR CO DEL,,,7.58000,7.86000,7.65000,17840000,-0.024235,7.65000,7.66000,7.82000,-0.024235
25785,2005-11-17,F,FORD MOTOR CO DEL,,,7.57000,7.86000,7.80000,24218400,0.019608,7.80000,7.81000,7.70000,0.019608
25785,2005-11-18,F,FORD MOTOR CO DEL,,,7.81000,8.42000,8.40000,37642900,0.076923,8.40000,8.41000,7.81000,0.076923
25785,2005-11-21,F,FORD MOTOR CO DEL,,,8.16000,8.53000,8.32000,26717000,-0.009524,8.30000,8.31000,8.50000,-0.009524
25785,2005-11-22,F,FORD MOTOR CO DEL,,,8.02000,8.36000,8.34000,16419100,0.002404,8.32000,8.33000,8.02000,0.002404
25785,2005-11-23,F,FORD MOTOR CO DEL,,,8.16000,8.53000,8.43000,16437100,0.010791,8.42000,8.43000,8.18000,0.010791
25785,2005-11-25,F,FORD MOTOR CO DEL,,,8.30000,8.45000,8.32000,10283900,-0.013049,8.32000,8.33000,8.45000,-0.013049
25785,2005-11-28,F,FORD MOTOR CO DEL,,,8.33000,8.51000,8.36000,17238900,0.004808,8.37000,8.38000,8.44000,0.004808
25785,2005-11-29,F,FORD MOTOR CO DEL,,,8.41000,8.57000,8.53000,18647900,0.020335,8.52000,8.55000,8.43000,0.020335
25785,2005-11-30,F,FORD MOTOR CO DEL,,,8.09000,8.52000,8.13000,25911000,-0.046893,8.14000,8.15000,8.48000,-0.046893
25785,2005-12-01,F,FORD MOTOR CO DEL,,,7.96000,8.30000,8.10000,29998000,-0.003690,8.11000,8.12000,8.24000,-0.003690
25785,2005-12-02,F,FORD MOTOR CO DEL,,,8.01000,8.20000,8.15000,13325000,0.006173,8.14000,8.15000,8.09000,0.006173
25785,2005-12-05,F,FORD MOTOR CO DEL,,,7.99000,8.11000,8.06000,17229800,-0.011043,8.06000,8.07000,8.10000,-0.011043
25785,2005-12-06,F,FORD MOTOR CO DEL,,,8.06000,8.16000,8.11000,11626300,0.006203,8.09000,8.10000,8.09000,0.006203
25785,2005-12-07,F,FORD MOTOR CO DEL,,,8.11000,8.29000,8.20000,19674300,0.011097,8.18000,8.19000,8.20000,0.011097
25785,2005-12-08,F,FORD MOTOR CO DEL,,,8.08000,8.25000,8.17000,11010700,-0.003659,8.16000,8.18000,8.15000,-0.003659
25785,2005-12-09,F,FORD MOTOR CO DEL,,,8.13000,8.27000,8.18000,10178700,0.001224,8.17000,8.18000,8.17000,0.001224
25785,2005-12-12,F,FORD MOTOR CO DEL,,,8.15000,8.29000,8.19000,12271800,0.001222,8.19000,8.21000,8.18000,0.001222
25785,2005-12-13,F,FORD MOTOR CO DEL,,,8.06000,8.19000,8.13000,13517700,-0.007326,8.10000,8.11000,8.13000,-0.007326
25785,2005-12-14,F,FORD MOTOR CO DEL,,,8.08000,8.22000,8.16000,16893900,0.003690,8.15000,8.16000,8.09000,0.003690
25785,2005-12-15,F,FORD MOTOR CO DEL,,,8.14000,8.37000,8.17000,19668600,0.001226,8.16000,8.18000,8.21000,0.001226
25785,2005-12-16,F,FORD MOTOR CO DEL,,,8.14000,8.31000,8.30000,31934300,0.015912,8.27000,8.29000,8.21000,0.015912
25785,2005-12-19,F,FORD MOTOR CO DEL,,,8.10000,8.41000,8.23000,23189300,-0.008434,8.22000,8.23000,8.30000,-0.008434
25785,2005-12-20,F,FORD MOTOR CO DEL,,,8.05000,8.25000,8.05000,11882200,-0.021871,8.05000,8.06000,8.16000,-0.021871
25785,2005-12-21,F,FORD MOTOR CO DEL,,,8.00000,8.25000,8.02000,16973100,-0.003727,8.02000,8.03000,8.05000,-0.003727
25785,2005-12-22,F,FORD MOTOR CO DEL,,,7.91000,8.15000,7.95000,20935600,-0.008728,7.94000,7.95000,8.04000,-0.008728
25785,2005-12-23,F,FORD MOTOR CO DEL,,,7.90000,8.00000,7.90000,11580600,-0.006289,7.90000,7.91000,7.93000,-0.006289
25785,2005-12-27,F,FORD MOTOR CO DEL,,,7.88000,7.96000,7.89000,10328400,-0.001266,7.88000,7.89000,7.91000,-0.001266
25785,2005-12-28,F,FORD MOTOR CO DEL,,,7.78000,7.90000,7.84000,12061900,-0.006337,7.84000,7.85000,7.89000,-0.006337
25785,2005-12-29,F,FORD MOTOR CO DEL,,,7.73000,7.85000,7.81000,16915400,-0.003827,7.82000,7.83000,7.81000,-0.003827
25785,2005-12-30,F,FORD MOTOR CO DEL,,,7.64000,7.89000,7.72000,20357300,-0.011524,7.71000,7.71000,7.75000,-0.011524
25785,2006-01-03,F,FORD MOTOR CO DEL,,,7.66000,7.83000,7.83000,16903600,0.014249,7.82000,7.83000,7.72000,0.014249
25785,2006-01-04,F,FORD MOTOR CO DEL,,,7.82000,8.08000,8.01000,35625500,0.022989,8.00000,8.01000,7.83000,0.022989
25785,2006-01-05,F,FORD MOTOR CO DEL,,,8.03000,8.40000,8.35000,31986600,0.042447,8.33000,8.34000,8.05000,0.042447
25785,2006-01-06,F,FORD MOTOR CO DEL,,,8.27000,8.66000,8.52000,40423300,0.020359,8.50000,8.52000,8.30000,0.020359
25785,2006-01-09,F,FORD MOTOR CO DEL,,,8.60000,8.86000,8.62000,28958100,0.011737,8.61000,8.62000,8.65000,0.011737
25785,2006-01-10,F,FORD MOTOR CO DEL,,,8.53000,8.91000,8.77000,27938300,0.017401,8.76000,8.78000,8.68000,0.017401
25785,2006-01-11,F,FORD MOTOR CO DEL,,,8.77000,8.96000,8.93000,30517900,0.018244,8.92000,8.93000,8.81000,0.018244
25785,2006-01-12,F,FORD MOTOR CO DEL,,,8.50000,8.87000,8.56000,30717300,-0.041433,8.54000,8.55000,8.86000,-0.041433
25785,2006-01-13,F,FORD MOTOR CO DEL,,,8.43000,8.64000,8.55000,24687700,-0.001168,8.54000,8.55000,8.56000,-0.001168
25785,2006-01-17,F,FORD MOTOR CO DEL,,,8.19000,8.58000,8.31000,19843800,-0.028070,8.30000,8.31000,8.55000,-0.028070
25785,2006-01-18,F,FORD MOTOR CO DEL,,,8.16000,8.32000,8.21000,17700300,-0.012034,8.20000,8.21000,8.31000,-0.012034
25785,2006-01-19,F,FORD MOTOR CO DEL,,,8.16000,8.37000,8.22000,19519000,0.001218,8.21000,8.22000,8.20000,0.001218
25785,2006-01-20,F,FORD MOTOR CO DEL,,,7.85000,8.30000,7.90000,40860500,-0.038929,7.86000,7.87000,8.30000,-0.038929
25785,2006-01-23,F,FORD MOTOR CO DEL,,,8.27000,8.59000,8.32000,65656800,0.053165,8.27000,8.28000,8.30000,0.053165
25785,2006-01-24,F,FORD MOTOR CO DEL,,,8.15000,8.42000,8.40000,31668000,0.009615,8.37000,8.40000,8.40000,0.009615
25785,2006-01-25,F,FORD MOTOR CO DEL,,,8.29000,8.63000,8.62000,32406200,0.026191,8.62000,8.63000,8.42000,0.026191
25785,2006-01-26,F,FORD MOTOR CO DEL,,,8.40000,8.75000,8.67000,35831800,0.017401,8.65000,8.66000,8.60000,0.005800
25785,2006-01-27,F,FORD MOTOR CO DEL,,,8.52000,8.81000,8.65000,30720700,-0.002307,8.65000,8.65000,8.68000,-0.002307
25785,2006-01-30,F,FORD MOTOR CO DEL,,,8.57000,8.80000,8.68000,22826900,0.003468,8.67000,8.68000,8.66000,0.003468
25785,2006-01-31,F,FORD MOTOR CO DEL,,,8.56000,8.70000,8.58000,14055500,-0.011521,8.57000,8.58000,8.69000,-0.011521
25785,2006-02-01,F,FORD MOTOR CO DEL,,,8.45000,8.70000,8.66000,31307400,0.009324,8.66000,8.67000,8.53000,0.009324
25785,2006-02-02,F,FORD MOTOR CO DEL,,,8.26000,8.68000,8.37000,23637000,-0.033487,8.36000,8.37000,8.67000,-0.033487
25785,2006-02-03,F,FORD MOTOR CO DEL,,,8.23000,8.42000,8.26000,18331300,-0.013142,8.28000,8.29000,8.37000,-0.013142
25785,2006-02-06,F,FORD MOTOR CO DEL,,,8.05000,8.30000,8.11000,14900300,-0.018160,8.10000,8.11000,8.26000,-0.018160
25785,2006-02-07,F,FORD MOTOR CO DEL,,,8.05000,8.18000,8.09000,14135200,-0.002466,8.09000,8.10000,8.18000,-0.002466
25785,2006-02-08,F,FORD MOTOR CO DEL,,,8.02000,8.24000,8.23000,19157900,0.017305,8.23000,8.24000,8.08000,0.017305
25785,2006-02-09,F,FORD MOTOR CO DEL,,,8.21000,8.43000,8.36000,15484400,0.015796,8.36000,8.37000,8.22000,0.015796
25785,2006-02-10,F,FORD MOTOR CO DEL,,,8.15000,8.34000,8.27000,12496800,-0.010765,8.26000,8.27000,8.34000,-0.010765
25785,2006-02-13,F,FORD MOTOR CO DEL,,,8.17000,8.35000,8.20000,9458300,-0.008464,8.20000,8.21000,8.35000,-0.008464
25785,2006-02-14,F,FORD MOTOR CO DEL,,,8.17000,8.32000,8.30000,11397000,0.012195,8.29000,8.30000,8.23000,0.012195
25785,2006-02-15,F,FORD MOTOR CO DEL,,,8.27000,8.39300,8.38000,9239100,0.009639,8.37000,8.38000,8.30000,0.009639
25785,2006-02-16,F,FORD MOTOR CO DEL,,,8.31000,8.50000,8.39000,17413200,0.001193,8.38000,8.39000,8.42000,0.001193
25785,2006-02-17,F,FORD MOTOR CO DEL,,,8.42000,8.49000,8.45000,11355800,0.007151,8.44000,8.45000,8.43000,0.007151
25785,2006-02-21,F,FORD MOTOR CO DEL,,,8.31000,8.46000,8.39000,10310400,-0.007101,8.39000,8.40000,8.45000,-0.007101
25785,2006-02-22,F,FORD MOTOR CO DEL,,,8.28000,8.44000,8.30000,13910500,-0.010727,8.29000,8.30000,8.41000,-0.010727
25785,2006-02-23,F,FORD MOTOR CO DEL,,,8.15000,8.30000,8.17000,15635000,-0.015663,8.15000,8.16000,8.30000,-0.015663
25785,2006-02-24,F,FORD MOTOR CO DEL,,,8.06000,8.21000,8.10000,12344600,-0.008568,8.09000,8.10000,8.21000,-0.008568
25785,2006-02-27,F,FORD MOTOR CO DEL,,,8.08000,8.21000,8.08000,13315000,-0.002469,8.08000,8.09000,8.15000,-0.002469
25785,2006-02-28,F,FORD MOTOR CO DEL,,,7.96000,8.16000,7.97000,23747600,-0.013614,7.96000,7.98000,8.09000,-0.013614
25785,2006-03-01,F,FORD MOTOR CO DEL,,,7.86000,8.02000,7.95000,30754300,-0.002509,7.94000,7.95000,8.00000,-0.002509
25785,2006-03-02,F,FORD MOTOR CO DEL,,,7.65000,7.97000,7.66000,32944700,-0.036478,7.65000,7.66000,7.96000,-0.036478
25785,2006-03-03,F,FORD MOTOR CO DEL,,,7.39000,7.71000,7.57000,40056200,-0.011749,7.57000,7.58000,7.66000,-0.011749
25785,2006-03-06,F,FORD MOTOR CO DEL,,,7.61000,7.76000,7.69000,18848300,0.015852,7.69000,7.70000,7.62000,0.015852
25785,2006-03-07,F,FORD MOTOR CO DEL,,,7.60000,7.77000,7.65000,18189400,-0.005202,7.64000,7.65000,7.75000,-0.005202
25785,2006-03-08,F,FORD MOTOR CO DEL,,,7.52000,7.68000,7.55000,19993600,-0.013072,7.54000,7.55000,7.65000,-0.013072
25785,2006-03-09,F,FORD MOTOR CO DEL,,,7.57000,7.79000,7.75000,29038900,0.026490,7.75000,7.76000,7.60000,0.026490
25785,2006-03-10,F,FORD MOTOR CO DEL,,,7.78000,7.87000,7.84000,15903800,0.011613,7.83000,7.86000,7.81000,0.011613
25785,2006-03-13,F,FORD MOTOR CO DEL,,,7.80000,7.90000,7.86000,19333600,0.002551,7.85000,7.86000,7.85000,0.002551
25785,2006-03-14,F,FORD MOTOR CO DEL,,,7.70000,7.82000,7.73000,14880700,-0.016539,7.72000,7.74000,7.80000,-0.016539
25785,2006-03-15,F,FORD MOTOR CO DEL,,,7.73000,7.86000,7.85000,11226200,0.015524,7.85000,7.86000,7.78000,0.015524
25785,2006-03-16,F,FORD MOTOR CO DEL,,,7.75000,7.93000,7.93000,24833600,0.010191,7.92000,7.93000,7.85000,0.010191
25785,2006-03-17,F,FORD MOTOR CO DEL,,,7.80000,7.95000,7.81000,19215200,-0.015132,7.80000,7.81000,7.93000,-0.015132
25785,2006-03-20,F,FORD MOTOR CO DEL,,,7.81000,7.94000,7.93000,12274800,0.015365,7.92000,7.93000,7.85000,0.015365
25785,2006-03-21,F,FORD MOTOR CO DEL,,,7.89000,8.05000,8.05000,24026600,0.015132,8.04000,8.05000,7.98000,0.015132
25785,2006-03-22,F,FORD MOTOR CO DEL,,,8.07000,8.16000,8.15000,24115300,0.012422,8.15000,8.16000,8.10000,0.012422
25785,2006-03-23,F,FORD MOTOR CO DEL,,,7.93000,8.15000,8.08000,17973000,-0.008589,8.08000,8.09000,8.15000,-0.008589
25785,2006-03-24,F,FORD MOTOR CO DEL,,,7.96000,8.25000,8.09000,15245300,0.001238,8.09000,8.10000,8.04000,0.001238
25785,2006-03-27,F,FORD MOTOR CO DEL,,,8.05000,8.18000,8.06000,18647300,-0.003708,8.06000,8.07000,8.09000,-0.003708
25785,2006-03-28,F,FORD MOTOR CO DEL,,,8.04000,8.22000,8.13000,17244200,0.008685,8.13000,8.14000,8.08000,0.008685
25785,2006-03-29,F,FORD MOTOR CO DEL,,,8.08000,8.28000,8.26000,23401200,0.015990,8.25000,8.26000,8.11000,0.015990
25785,2006-03-30,F,FORD MOTOR CO DEL,,,8.14000,8.29000,8.16000,15024700,-0.012107,8.16000,8.17000,8.28000,-0.012107
25785,2006-03-31,F,FORD MOTOR CO DEL,,,7.93990,8.23000,7.96000,19844700,-0.024510,7.95000,7.96000,8.23000,-0.024510
25785,2006-04-03,F,FORD MOTOR CO DEL,,,7.74000,8.05000,7.77000,30981700,-0.023869,7.77000,7.78000,8.05000,-0.023869
25785,2006-04-04,F,FORD MOTOR CO DEL,,,7.66000,7.82000,7.68000,24543800,-0.011583,7.67000,7.68000,7.77000,-0.011583
25785,2006-04-05,F,FORD MOTOR CO DEL,,,7.46000,7.71000,7.57000,34569700,-0.014323,7.56000,7.57000,7.68000,-0.014323
25785,2006-04-06,F,FORD MOTOR CO DEL,,,7.55000,7.67000,7.65000,22896300,0.010568,7.63000,7.66000,7.59000,0.010568
25785,2006-04-07,F,FORD MOTOR CO DEL,,,7.56000,7.75000,7.60000,13831600,-0.006536,7.60000,7.61000,7.70000,-0.006536
25785,2006-04-10,F,FORD MOTOR CO DEL,,,7.50000,7.65000,7.52000,13775400,-0.010526,7.52000,7.53000,7.61000,-0.010526
25785,2006-04-11,F,FORD MOTOR CO DEL,,,7.13000,7.54000,7.17000,42798800,-0.046543,7.18000,7.19000,7.54000,-0.046543
25785,2006-04-12,F,FORD MOTOR CO DEL,,,7.18000,7.38000,7.28000,34585000,0.015342,7.28000,7.29000,7.26000,0.015342
25785,2006-04-13,F,FORD MOTOR CO DEL,,,7.25000,7.39000,7.35000,18717900,0.009615,7.35000,7.36000,7.32000,0.009615
25785,2006-04-17,F,FORD MOTOR CO DEL,,,7.31000,7.49000,7.33000,11681200,-0.002721,7.32000,7.33000,7.39000,-0.002721
25785,2006-04-18,F,FORD MOTOR CO DEL,,,7.30000,7.48000,7.47000,18224600,0.019100,7.46000,7.47000,7.33000,0.019100
25785,2006-04-19,F,FORD MOTOR CO DEL,,,7.44000,7.62000,7.60000,17522800,0.017403,7.59000,7.60000,7.45000,0.017403
25785,2006-04-20,F,FORD MOTOR CO DEL,,,7.65000,7.97000,7.95000,60529700,0.046053,7.95000,7.96000,7.66000,0.046053
25785,2006-04-21,F,FORD MOTOR CO DEL,,,7.29000,7.96000,7.32000,52423300,-0.079245,7.32000,7.33000,7.76000,-0.079245
25785,2006-04-24,F,FORD MOTOR CO DEL,,,6.91000,7.32000,6.96000,83557800,-0.049180,6.95000,6.96000,7.32000,-0.049180
25785,2006-04-25,F,FORD MOTOR CO DEL,,,6.95000,7.04000,6.98000,36874000,0.002874,6.97000,6.98000,7.00000,0.002874
25785,2006-04-26,F,FORD MOTOR CO DEL,,,7.03000,7.25000,7.25000,38070600,0.038682,7.24000,7.25000,7.07000,0.038682
25785,2006-04-27,F,FORD MOTOR CO DEL,,,7.14000,7.25000,7.20000,22441100,-0.006897,7.19000,7.21000,7.25000,-0.006897
25785,2006-04-28,F,FORD MOTOR CO DEL,,,6.94000,7.15000,6.95000,37094900,-0.020833,6.95000,6.96000,7.14000,-0.034722
25785,2006-05-01,F,FORD MOTOR CO DEL,,,6.89000,7.09000,6.91000,28393100,-0.005755,6.92000,6.93000,7.08000,-0.005755
25785,2006-05-02,F,FORD MOTOR CO DEL,,,6.90000,7.03000,6.91000,33079700,0.000000,6.90000,6.92000,7.00000,0.000000
25785,2006-05-03,F,FORD MOTOR CO DEL,,,6.75000,6.95000,6.78000,33170200,-0.018813,6.77000,6.78000,6.94000,-0.018813
25785,2006-05-04,F,FORD MOTOR CO DEL,,,6.79000,6.85000,6.83000,19033800,0.007375,6.82000,6.83000,6.84000,0.007375
25785,2006-05-05,F,FORD MOTOR CO DEL,,,6.86600,6.95000,6.93000,14998400,0.014641,6.92000,6.93000,6.90000,0.014641
25785,2006-05-08,F,FORD MOTOR CO DEL,,,6.93000,7.10000,6.97000,25481900,0.005772,6.96000,6.97000,6.97000,0.005772
25785,2006-05-09,F,FORD MOTOR CO DEL,,,7.03000,7.20000,7.17000,31852900,0.028694,7.18000,7.19000,7.04000,0.028694
25785,2006-05-10,F,FORD MOTOR CO DEL,,,7.04000,7.35000,7.06000,42960400,-0.015342,7.05000,7.06000,7.15000,-0.015342
25785,2006-05-11,F,FORD MOTOR CO DEL,,,7.04000,7.15000,7.12000,19625600,0.008499,7.11000,7.12000,7.09000,0.008499
25785,2006-05-12,F,FORD MOTOR CO DEL,,,7.05000,7.19000,7.11000,24894600,-0.001404,7.10000,7.11000,7.14000,-0.001404
25785,2006-05-15,F,FORD MOTOR CO DEL,,,7.05000,7.19000,7.13000,21328400,0.002813,7.11000,7.13000,7.13000,0.002813
25785,2006-05-16,F,FORD MOTOR CO DEL,,,6.98000,7.14000,7.02000,18381200,-0.015428,7.02000,7.04000,7.13000,-0.015428
25785,2006-05-17,F,FORD MOTOR CO DEL,,,6.90000,7.05000,6.91000,19744400,-0.015670,6.91000,6.92000,7.02000,-0.015670
25785,2006-05-18,F,FORD MOTOR CO DEL,,,6.90000,7.01000,6.90000,15989700,-0.001447,6.90000,6.91000,6.92000,-0.001447
25785,2006-05-19,F,FORD MOTOR CO DEL,,,6.89000,7.05000,7.03000,15181200,0.018841,7.03000,7.04000,6.98000,0.018841
25785,2006-05-22,F,FORD MOTOR CO DEL,,,6.81000,7.00000,6.90000,29355200,-0.018492,6.89000,6.90000,7.00000,-0.018492
25785,2006-05-23,F,FORD MOTOR CO DEL,,,6.81000,6.96000,6.85000,26668000,-0.007246,6.84000,6.86000,6.96000,-0.007246
25785,2006-05-24,F,FORD MOTOR CO DEL,,,6.85000,7.00000,6.93000,21500000,0.011679,6.93000,6.94000,6.92000,0.011679
25785,2006-05-25,F,FORD MOTOR CO DEL,,,6.96000,7.28000,7.15000,36909400,0.031746,7.15000,7.16000,6.99000,0.031746
25785,2006-05-26,F,FORD MOTOR CO DEL,,,7.23000,7.43000,7.31000,28763800,0.022378,7.31000,7.32000,7.23000,0.022378
25785,2006-05-30,F,FORD MOTOR CO DEL,,,6.98000,7.29000,6.98000,27030100,-0.045144,6.98000,7.01000,7.29000,-0.045144
25785,2006-05-31,F,FORD MOTOR CO DEL,,,7.01000,7.16000,7.16000,17115800,0.025788,7.15000,7.16000,7.01000,0.025788
25785,2006-06-01,F,FORD MOTOR CO DEL,,,7.03000,7.25000,7.23000,22163600,0.009777,7.21000,7.23000,7.21000,0.009777
25785,2006-06-02,F,FORD MOTOR CO DEL,,,7.04000,7.24000,7.10000,19203800,-0.017981,7.10000,7.11000,7.24000,-0.017981
25785,2006-06-05,F,FORD MOTOR CO DEL,,,6.94000,7.08000,6.95000,18403100,-0.021127,6.95000,6.96000,7.04000,-0.021127
25785,2006-06-06,F,FORD MOTOR CO DEL,,,6.85000,7.02000,6.90000,20876100,-0.007194,6.89000,6.90000,6.96000,-0.007194
25785,2006-06-07,F,FORD MOTOR CO DEL,,,6.78000,6.92000,6.79000,18117100,-0.015942,6.78000,6.79000,6.90000,-0.015942
25785,2006-06-08,F,FORD MOTOR CO DEL,,,6.59000,6.82000,6.66000,35362200,-0.019146,6.65000,6.66000,6.81000,-0.019146
25785,2006-06-09,F,FORD MOTOR CO DEL,,,6.68000,6.82000,6.76000,19217500,0.015015,6.75000,6.76000,6.72000,0.015015
25785,2006-06-12,F,FORD MOTOR CO DEL,,,6.73000,6.98000,6.77000,20625600,0.001479,6.76000,6.77000,6.85000,0.001479
25785,2006-06-13,F,FORD MOTOR CO DEL,,,6.65000,6.82000,6.68000,16289500,-0.013294,6.68000,6.69000,6.80000,-0.013294
25785,2006-06-14,F,FORD MOTOR CO DEL,,,6.50000,6.71000,6.61000,25582300,-0.010479,6.60000,6.61000,6.69000,-0.010479
25785,2006-06-15,F,FORD MOTOR CO DEL,,,6.62000,6.79000,6.78000,16286000,0.025719,6.77000,6.78000,6.69000,0.025719
25785,2006-06-16,F,FORD MOTOR CO DEL,,,6.66000,6.78000,6.69000,13271900,-0.013274,6.68000,6.70000,6.77000,-0.013274
25785,2006-06-19,F,FORD MOTOR CO DEL,,,6.68000,6.85000,6.74000,14701300,0.007474,6.74000,6.75000,6.72000,0.007474
25785,2006-06-20,F,FORD MOTOR CO DEL,,,6.40000,6.76000,6.40000,55797700,-0.050445,6.45000,6.46000,6.76000,-0.050445
25785,2006-06-21,F,FORD MOTOR CO DEL,,,6.38000,6.49000,6.43000,41518200,0.004687,6.42000,6.44000,6.43000,0.004687
25785,2006-06-22,F,FORD MOTOR CO DEL,,,6.41000,6.58000,6.43000,26417100,0.000000,6.44000,6.45000,6.47000,0.000000
25785,2006-06-23,F,FORD MOTOR CO DEL,,,6.42000,6.65000,6.52000,23450900,0.013997,6.52000,6.53000,6.43000,0.013997
25785,2006-06-26,F,FORD MOTOR CO DEL,,,6.50000,6.59000,6.55000,14979200,0.004601,6.55000,6.57000,6.53000,0.004601
25785,2006-06-27,F,FORD MOTOR CO DEL,,,6.52000,6.66000,6.54000,17962100,-0.001527,6.53000,6.54000,6.60000,-0.001527
25785,2006-06-28,F,FORD MOTOR CO DEL,,,6.34000,6.56000,6.36000,25341600,-0.027523,6.36000,6.37000,6.56000,-0.027523
25785,2006-06-29,F,FORD MOTOR CO DEL,,,6.17000,6.44000,6.40000,40360000,0.006289,6.39000,6.40000,6.37000,0.006289
25785,2006-06-30,F,FORD MOTOR CO DEL,,,6.65000,6.95000,6.93000,64653400,0.082812,6.92000,6.93000,6.72000,0.082812
25785,2006-07-03,F,FORD MOTOR CO DEL,,,6.67000,6.98000,6.71000,19050800,-0.031746,6.70000,6.71000,6.98000,-0.031746
25785,2006-07-05,F,FORD MOTOR CO DEL,,,6.60000,6.72000,6.61000,16674100,-0.014903,6.61000,6.63000,6.69000,-0.014903
25785,2006-07-06,F,FORD MOTOR CO DEL,,,6.58000,6.66000,6.59000,15225200,-0.003026,6.58000,6.59000,6.62000,-0.003026
25785,2006-07-07,F,FORD MOTOR CO DEL,,,6.58000,6.81000,6.73000,21779700,0.021244,6.72000,6.74000,6.63000,0.021244
25785,2006-07-10,F,FORD MOTOR CO DEL,,,6.80000,6.98000,6.90000,27145200,0.025260,6.89000,6.91000,6.85000,0.025260
25785,2006-07-11,F,FORD MOTOR CO DEL,,,6.75000,6.92000,6.80000,20942000,-0.014493,6.79000,6.80000,6.88000,-0.014493
25785,2006-07-12,F,FORD MOTOR CO DEL,,,6.85000,6.93000,6.88000,20338900,0.011765,6.87000,6.89000,6.89000,0.011765
25785,2006-07-13,F,FORD MOTOR CO DEL,,,6.55000,6.88000,6.56000,36143000,-0.046512,6.55000,6.57000,6.83000,-0.046512
25785,2006-07-14,F,FORD MOTOR CO DEL,,,6.28000,6.57000,6.38000,27227700,-0.027439,6.37000,6.38000,6.55000,-0.027439
25785,2006-07-17,F,FORD MOTOR CO DEL,,,6.37000,6.51000,6.41000,34314300,0.004702,6.40000,6.42000,6.38000,0.004702
25785,2006-07-18,F,FORD MOTOR CO DEL,,,6.40000,6.50000,6.44000,18598500,0.004680,6.43000,6.45000,6.41000,0.004680
25785,2006-07-19,F,FORD MOTOR CO DEL,,,6.26000,6.50000,6.33000,45617700,-0.017081,6.32000,6.34000,6.48000,-0.017081
25785,2006-07-20,F,FORD MOTOR CO DEL,,,6.17000,6.33000,6.19000,38203600,-0.022117,6.19000,6.20000,6.32000,-0.022117
25785,2006-07-21,F,FORD MOTOR CO DEL,,,6.06000,6.38000,6.28000,36935000,0.014540,6.28000,6.29000,6.21000,0.014540
25785,2006-07-24,F,FORD MOTOR CO DEL,,,6.33000,6.41000,6.36000,18077100,0.012739,6.36000,6.37000,6.35000,0.012739
25785,2006-07-25,F,FORD MOTOR CO DEL,,,6.36000,6.70000,6.59000,38906100,0.036164,6.60000,6.61000,6.36000,0.036164
25785,2006-07-26,F,FORD MOTOR CO DEL,,,6.66000,6.90000,6.75000,38486700,0.024279,6.73000,6.75000,6.75000,0.024279
25785,2006-07-27,F,FORD MOTOR CO DEL,,,6.77000,6.91000,6.83000,31551500,0.011852,6.83000,6.84000,6.82000,0.011852
25785,2006-07-28,F,FORD MOTOR CO DEL,,,6.74000,6.90000,6.89000,16867100,0.008785,6.86000,6.88000,6.89000,0.008785
25785,2006-07-31,F,FORD MOTOR CO DEL,,,6.58000,6.86000,6.67000,25307000,-0.024673,6.67000,6.69000,6.84000,-0.031930
25785,2006-08-01,F,FORD MOTOR CO DEL,,,6.47000,6.68000,6.58000,22671100,-0.013493,6.56000,6.59000,6.68000,-0.013493
25785,2006-08-02,F,FORD MOTOR CO DEL,,,6.69000,6.96000,6.96000,42628700,0.057751,6.95000,6.96000,6.79000,0.057751
25785,2006-08-03,F,FORD MOTOR CO DEL,,,6.73000,6.98000,6.86000,28830700,-0.014368,6.86000,6.87000,6.77000,-0.014368
25785,2006-08-04,F,FORD MOTOR CO DEL,,,6.87000,7.13000,7.13000,34200500,0.039359,7.12000,7.13000,6.90000,0.039359
25785,2006-08-07,F,FORD MOTOR CO DEL,,,7.01000,7.19000,7.17000,27080500,0.005610,7.18000,7.19000,7.12000,0.005610
25785,2006-08-08,F,FORD MOTOR CO DEL,,,7.20000,7.45000,7.37000,47205400,0.027894,7.36000,7.37000,7.21000,0.027894
25785,2006-08-09,F,FORD MOTOR CO DEL,,,7.32000,7.50000,7.33000,32693500,-0.005427,7.32000,7.33000,7.49000,-0.005427
25785,2006-08-10,F,FORD MOTOR CO DEL,,,7.13000,7.43000,7.39000,26846400,0.008186,7.38000,7.39000,7.33000,0.008186
25785,2006-08-11,F,FORD MOTOR CO DEL,,,7.34000,7.67000,7.37000,38963000,-0.002706,7.36000,7.37000,7.42000,-0.002706
25785,2006-08-14,F,FORD MOTOR CO DEL,,,7.55000,7.83000,7.83000,42170900,0.062415,7.82000,7.83000,7.55000,0.062415
25785,2006-08-15,F,FORD MOTOR CO DEL,,,7.72000,7.96000,7.92000,29848900,0.011494,7.91000,7.92000,7.94000,0.011494
25785,2006-08-16,F,FORD MOTOR CO DEL,,,7.93000,8.29000,8.26000,59447600,0.042929,8.25000,8.26000,7.95000,0.042929
25785,2006-08-17,F,FORD MOTOR CO DEL,,,8.01000,8.42000,8.17000,44570300,-0.010896,8.16000,8.17000,8.26000,-0.010896
25785,2006-08-18,F,FORD MOTOR CO DEL,,,7.82000,8.18000,8.00000,47530300,-0.020808,8.01000,8.02000,8.18000,-0.020808
25785,2006-08-21,F,FORD MOTOR CO DEL,,,7.47000,7.78000,7.47000,70037000,-0.066250,7.47000,7.48000,7.78000,-0.066250
25785,2006-08-22,F,FORD MOTOR CO DEL,,,7.31000,7.48000,7.42000,47770300,-0.006693,7.42000,7.43000,7.45000,-0.006693
25785,2006-08-23,F,FORD MOTOR CO DEL,,,7.58000,7.86000,7.76000,50695600,0.045822,7.75000,7.76000,7.61000,0.045822
25785,2006-08-24,F,FORD MOTOR CO DEL,,,7.71000,8.12000,7.76000,46668700,0.000000,7.75000,7.77000,8.07000,0.000000
25785,2006-08-25,F,FORD MOTOR CO DEL,,,7.86000,8.10000,8.00000,39068500,0.030928,8.00000,8.02000,7.97000,0.030928
25785,2006-08-28,F,FORD MOTOR CO DEL,,,7.97000,8.10000,8.05000,21805700,0.006250,8.05000,8.06000,8.10000,0.006250
25785,2006-08-29,F,FORD MOTOR CO DEL,,,7.98000,8.29000,8.26000,34179700,0.026087,8.26000,8.27000,8.06000,0.026087
25785,2006-08-30,F,FORD MOTOR CO DEL,,,8.18000,8.32000,8.27000,37627700,0.001211,8.26000,8.27000,8.27000,0.001211
25785,2006-08-31,F,FORD MOTOR CO DEL,,,8.25000,8.47000,8.37000,28472700,0.012092,8.35000,8.37000,8.25000,0.012092
25785,2006-09-01,F,FORD MOTOR CO DEL,,,8.14000,8.43000,8.27000,30763200,-0.011947,8.27000,8.28000,8.42000,-0.011947
25785,2006-09-05,F,FORD MOTOR CO DEL,,,8.20000,8.41000,8.39000,26578900,0.014510,8.38000,8.39000,8.28000,0.014510
25785,2006-09-06,F,FORD MOTOR CO DEL,,,8.49000,8.67000,8.55000,66501300,0.019070,8.55000,8.56000,8.64000,0.019070
25785,2006-09-07,F,FORD MOTOR CO DEL,,,8.40000,8.64000,8.58000,25229200,0.003509,8.57000,8.58000,8.56000,0.003509
25785,2006-09-08,F,FORD MOTOR CO DEL,,,8.52000,8.81000,8.77000,25545800,0.022145,8.76000,8.77000,8.65000,0.022145
25785,2006-09-11,F,FORD MOTOR CO DEL,,,8.64000,8.84000,8.71000,29664100,-0.006842,8.70000,8.71000,8.78000,-0.006842
25785,2006-09-12,F,FORD MOTOR CO DEL,,,8.70000,9.11000,9.06000,45346200,0.040184,9.05000,9.06000,8.70000,0.040184
25785,2006-09-13,F,FORD MOTOR CO DEL,,,9.13000,9.48000,9.19000,70985300,0.014349,9.18000,9.19000,9.21000,0.014349
25785,2006-09-14,F,FORD MOTOR CO DEL,,,8.75000,9.20000,9.09000,65479600,-0.010881,9.07000,9.09000,8.97000,-0.010881
25785,2006-09-15,F,FORD MOTOR CO DEL,,,7.75000,8.49000,8.02000,190643600,-0.117712,8.03000,8.04000,8.48000,-0.117712
25785,2006-09-18,F,FORD MOTOR CO DEL,,,7.61000,8.00000,7.82000,72889400,-0.024938,7.81000,7.82000,7.97000,-0.024938
25785,2006-09-19,F,FORD MOTOR CO DEL,,,7.62770,7.92000,7.66000,45601500,-0.020460,7.66000,7.67000,7.90000,-0.020460
25785,2006-09-20,F,FORD MOTOR CO DEL,,,7.65000,7.83000,7.75000,30865500,0.011749,7.75000,7.76000,7.71000,0.011749
25785,2006-09-21,F,FORD MOTOR CO DEL,,,7.73000,7.95000,7.76000,27081400,0.001290,7.75000,7.76000,7.82000,0.001290
25785,2006-09-22,F,FORD MOTOR CO DEL,,,7.80000,8.01000,8.00000,32028900,0.030928,7.99000,8.00000,7.81000,0.030928
25785,2006-09-25,F,FORD MOTOR CO DEL,,,7.97000,8.21000,8.15000,32802200,0.018750,8.15000,8.16000,8.00000,0.018750
25785,2006-09-26,F,FORD MOTOR CO DEL,,,8.16000,8.41000,8.41000,33004900,0.031902,8.40000,8.41000,8.21000,0.031902
25785,2006-09-27,F,FORD MOTOR CO DEL,,,7.97000,8.52000,8.00000,62462400,-0.048751,7.99000,8.00000,8.50000,-0.048751
25785,2006-09-28,F,FORD MOTOR CO DEL,,,8.04000,8.24000,8.16000,33641200,0.020000,8.15000,8.16000,8.08000,0.020000
25785,2006-09-29,F,FORD MOTOR CO DEL,,,8.04000,8.25000,8.09000,29357300,-0.008578,8.10000,8.11000,8.25000,-0.008578
25785,2006-10-02,F,FORD MOTOR CO DEL,,,8.05000,8.22000,8.13000,15517700,0.004944,8.13000,8.14000,8.10000,0.004944
25785,2006-10-03,F,FORD MOTOR CO DEL,,,8.08000,8.35000,8.23000,33258900,0.012300,8.23000,8.24000,8.16000,0.012300
25785,2006-10-04,F,FORD MOTOR CO DEL,,,8.11000,8.60000,8.56000,56435300,0.040097,8.58000,8.59000,8.12000,0.040097
25785,2006-10-05,F,FORD MOTOR CO DEL,,,8.26000,8.52000,8.33000,26798500,-0.026869,8.32000,8.33000,8.48000,-0.026869
25785,2006-10-06,F,FORD MOTOR CO DEL,,,8.26000,8.43000,8.31000,29052500,-0.002401,8.29000,8.31000,8.34000,-0.002401
25785,2006-10-09,F,FORD MOTOR CO DEL,,,8.17000,8.31000,8.19000,16433800,-0.014441,8.18000,8.19000,8.30000,-0.014441
25785,2006-10-10,F,FORD MOTOR CO DEL,,,8.11000,8.29000,8.19000,23250300,0.000000,8.18000,8.19000,8.23000,0.000000
25785,2006-10-11,F,FORD MOTOR CO DEL,,,8.11000,8.34000,8.27000,25570200,0.009768,8.25000,8.26000,8.17000,0.009768
25785,2006-10-12,F,FORD MOTOR CO DEL,,,8.17000,8.33000,8.23000,17642200,-0.004837,8.23000,8.24000,8.30000,-0.004837
25785,2006-10-13,F,FORD MOTOR CO DEL,,,8.13000,8.24000,8.17000,19911000,-0.007290,8.16000,8.17000,8.23000,-0.007290
25785,2006-10-16,F,FORD MOTOR CO DEL,,,8.08000,8.18000,8.08000,12927300,-0.011016,8.08000,8.09000,8.17000,-0.011016
25785,2006-10-17,F,FORD MOTOR CO DEL,,,7.85000,8.03000,8.03000,28731500,-0.006188,8.01000,8.03000,7.99000,-0.006188
25785,2006-10-18,F,FORD MOTOR CO DEL,,,8.02000,8.15000,8.05000,22351800,0.002491,8.04000,8.05000,8.05000,0.002491
25785,2006-10-19,F,FORD MOTOR CO DEL,,,7.97000,8.07000,8.03000,12275200,-0.002485,8.01000,8.03000,8.01000,-0.002485
25785,2006-10-20,F,FORD MOTOR CO DEL,,,7.93000,8.07000,8.01000,25993300,-0.002491,8.00000,8.01000,8.07000,-0.002491
25785,2006-10-23,F,FORD MOTOR CO DEL,,,7.81000,8.03000,7.90000,36187000,-0.013733,7.88000,7.89000,7.86000,-0.013733
25785,2006-10-24,F,FORD MOTOR CO DEL,,,7.95000,8.31000,8.30000,38017600,0.050633,8.25000,8.29000,8.02000,0.050633
25785,2006-10-25,F,FORD MOTOR CO DEL,,,8.32000,8.65000,8.49000,42480300,0.022892,8.48000,8.49000,8.37000,0.022892
25785,2006-10-26,F,FORD MOTOR CO DEL,,,8.45000,8.67000,8.48000,27479400,-0.001178,8.47000,8.49000,8.59000,-0.001178
25785,2006-10-27,F,FORD MOTOR CO DEL,,,8.27000,8.49000,8.29000,18625800,-0.022406,8.29000,8.30000,8.49000,-0.022406
25785,2006-10-30,F,FORD MOTOR CO DEL,,,8.08000,8.30000,8.25000,19592700,-0.004825,8.24000,8.25000,8.30000,-0.004825
25785,2006-10-31,F,FORD MOTOR CO DEL,,,8.15000,8.45000,8.28000,14415800,0.003636,8.27000,8.29000,8.30000,0.003636
25785,2006-11-01,F,FORD MOTOR CO DEL,,,8.32000,8.52000,8.52000,25132200,0.028986,8.49000,8.50000,8.33000,0.028986
25785,2006-11-02,F,FORD MOTOR CO DEL,,,8.28000,8.58000,8.56000,22422800,0.004695,8.55000,8.56000,8.52000,0.004695
25785,2006-11-03,F,FORD MOTOR CO DEL,,,8.37000,8.58000,8.38000,12732200,-0.021028,8.39000,8.40000,8.58000,-0.021028
25785,2006-11-06,F,FORD MOTOR CO DEL,,,8.44000,8.69000,8.66000,16186100,0.033413,8.65000,8.66000,8.44000,0.033413
25785,2006-11-07,F,FORD MOTOR CO DEL,,,8.60000,8.79000,8.73000,18598700,0.008083,8.72000,8.73000,8.73000,0.008083
25785,2006-11-08,F,FORD MOTOR CO DEL,,,8.59000,8.79000,8.63000,17647800,-0.011455,8.62000,8.63000,8.73000,-0.011455
25785,2006-11-09,F,FORD MOTOR CO DEL,,,8.55000,8.67000,8.56000,9071200,-0.008111,8.56000,8.57000,8.64000,-0.008111
25785,2006-11-10,F,FORD MOTOR CO DEL,,,8.54000,8.64000,8.58000,6769800,0.002336,8.56000,8.58000,8.62000,0.002336
25785,2006-11-13,F,FORD MOTOR CO DEL,,,8.52000,8.90000,8.87000,17901000,0.033800,8.86000,8.88000,8.60000,0.033800
25785,2006-11-14,F,FORD MOTOR CO DEL,,,8.68000,8.94000,8.80000,26420000,-0.007892,8.79000,8.80000,8.90000,-0.007892
25785,2006-11-15,F,FORD MOTOR CO DEL,,,8.78000,9.03000,9.00000,25011100,0.022727,8.99000,9.01000,8.79000,0.022727
25785,2006-11-16,F,FORD MOTOR CO DEL,,,8.95000,9.19000,9.03000,26441900,0.003333,9.01000,9.03000,9.05000,0.003333
25785,2006-11-17,F,FORD MOTOR CO DEL,,,8.87000,9.03000,8.89000,17110700,-0.015504,8.88000,8.89000,8.99000,-0.015504
25785,2006-11-20,F,FORD MOTOR CO DEL,,,8.66000,8.94000,8.67000,15232000,-0.024747,8.66000,8.67000,8.89000,-0.024747
25785,2006-11-21,F,FORD MOTOR CO DEL,,,8.51000,8.68000,8.56000,18430000,-0.012687,8.56000,8.57000,8.62000,-0.012687
25785,2006-11-22,F,FORD MOTOR CO DEL,,,8.49000,8.73000,8.61000,14801400,0.005841,8.61000,8.62000,8.57000,0.005841
25785,2006-11-24,F,FORD MOTOR CO DEL,,,8.52000,8.65000,8.52000,6321000,-0.010453,8.52000,8.54000,8.56000,-0.010453
25785,2006-11-27,F,FORD MOTOR CO DEL,,,8.14000,8.55000,8.16000,37063400,-0.042254,8.16000,8.17000,8.55000,-0.042254
25785,2006-11-28,F,FORD MOTOR CO DEL,,,8.00000,8.21000,8.15000,36097300,-0.001226,8.15000,8.16000,8.15000,-0.001226
25785,2006-11-29,F,FORD MOTOR CO DEL,,,8.10000,8.38000,8.17000,30530400,0.002454,8.16000,8.17000,8.37000,0.002454
25785,2006-11-30,F,FORD MOTOR CO DEL,,,8.13000,8.32000,8.13000,23231100,-0.004896,8.13000,8.14000,8.19000,-0.004896
25785,2006-12-01,F,FORD MOTOR CO DEL,,,7.95000,8.15000,8.04000,34609600,-0.011070,8.03000,8.04000,8.10000,-0.011070
25785,2006-12-04,F,FORD MOTOR CO DEL,,,7.88000,8.07000,7.89000,37180300,-0.018657,7.89000,7.90000,7.97000,-0.018657
25785,2006-12-05,F,FORD MOTOR CO DEL,,,7.42000,7.83000,7.68000,114616600,-0.026616,7.68000,7.69000,7.63000,-0.026616
25785,2006-12-06,F,FORD MOTOR CO DEL,,,7.28000,7.65000,7.36000,185091100,-0.041667,7.35000,7.36000,7.64000,-0.041667
25785,2006-12-07,F,FORD MOTOR CO DEL,,,7.15000,7.40000,7.16000,338334200,-0.027174,7.15000,7.16000,7.32000,-0.027174
25785,2006-12-08,F,FORD MOTOR CO DEL,,,6.98000,7.24000,7.23000,195923700,0.009777,7.23000,7.24000,7.15000,0.009777
25785,2006-12-11,F,FORD MOTOR CO DEL,,,7.17000,7.32000,7.24000,73750000,0.001383,7.23000,7.24000,7.27000,0.001383
25785,2006-12-12,F,FORD MOTOR CO DEL,,,7.08000,7.29000,7.09000,113172400,-0.020718,7.08000,7.09000,7.23000,-0.020718
25785,2006-12-13,F,FORD MOTOR CO DEL,,,6.85000,7.17000,6.88000,168223600,-0.029619,6.88000,6.89000,7.13000,-0.029619
25785,2006-12-14,F,FORD MOTOR CO DEL,,,6.85000,7.11000,7.11000,112900700,0.033430,7.09000,7.10000,6.92000,0.033430
25785,2006-12-15,F,FORD MOTOR CO DEL,,,7.04000,7.22000,7.08000,83639500,-0.004219,7.07000,7.08000,7.15000,-0.004219
25785,2006-12-18,F,FORD MOTOR CO DEL,,,6.98000,7.12000,7.03000,53321000,-0.007062,7.03000,7.04000,7.12000,-0.007062
25785,2006-12-19,F,FORD MOTOR CO DEL,,,7.08000,7.20000,7.18000,94259500,0.021337,7.18000,7.19000,7.12000,0.021337
25785,2006-12-20,F,FORD MOTOR CO DEL,,,7.20000,7.34000,7.33000,88777300,0.020891,7.32000,7.33000,7.22000,0.020891
25785,2006-12-21,F,FORD MOTOR CO DEL,,,7.27000,7.42000,7.31000,59661500,-0.002729,7.30000,7.31000,7.35000,-0.002729
25785,2006-12-22,F,FORD MOTOR CO DEL,,,7.26000,7.47000,7.42000,55617500,0.015048,7.41000,7.42000,7.33000,0.015048
25785,2006-12-26,F,FORD MOTOR CO DEL,,,7.37000,7.57000,7.49000,32053300,0.009434,7.48000,7.50000,7.45000,0.009434
25785,2006-12-27,F,FORD MOTOR CO DEL,,,7.52000,7.65000,7.58000,45439500,0.012016,7.57000,7.58000,7.60000,0.012016
25785,2006-12-28,F,FORD MOTOR CO DEL,,,7.47000,7.64000,7.50000,30126200,-0.010554,7.49000,7.50000,7.64000,-0.010554
25785,2006-12-29,F,FORD MOTOR CO DEL,,,7.45000,7.57000,7.51000,33609600,0.001333,7.50000,7.51000,7.47000,0.001333
25785,2007-01-03,F,FORD MOTOR CO DEL,,,7.44000,7.67000,7.51000,78666200,0.000000,7.50000,7.51000,7.56000,0.000000
25785,2007-01-04,F,FORD MOTOR CO DEL,,,7.43000,7.72000,7.70000,63542000,0.025300,7.69000,7.70000,7.56000,0.025300
25785,2007-01-05,F,FORD MOTOR CO DEL,,,7.57000,7.75000,7.62000,40562100,-0.010390,7.61000,7.62000,7.72000,-0.010390
25785,2007-01-08,F,FORD MOTOR CO DEL,,,7.62000,7.75000,7.73000,48939300,0.014436,7.72000,7.73000,7.63000,0.014436
25785,2007-01-09,F,FORD MOTOR CO DEL,,,7.73000,7.86000,7.79000,56732500,0.007762,7.78000,7.79000,7.75000,0.007762
25785,2007-01-10,F,FORD MOTOR CO DEL,,,7.67000,7.79000,7.73000,42398600,-0.007702,7.72000,7.73000,7.79000,-0.007702
25785,2007-01-11,F,FORD MOTOR CO DEL,,,7.68000,7.80000,7.77000,40023100,0.005175,7.77000,7.78000,7.73000,0.005175
25785,2007-01-12,F,FORD MOTOR CO DEL,,,7.76000,7.92000,7.89000,57054600,0.015444,7.89000,7.90000,7.77000,0.015444
25785,2007-01-16,F,FORD MOTOR CO DEL,,,7.87000,8.01000,7.94000,66701900,0.006337,7.93000,7.94000,7.89000,0.006337
25785,2007-01-17,F,FORD MOTOR CO DEL,,,7.97000,8.10000,8.04000,63739700,0.012594,8.03000,8.04000,7.97000,0.012594
25785,2007-01-18,F,FORD MOTOR CO DEL,,,8.06000,8.24000,8.18000,78372600,0.017413,8.18000,8.19000,8.06000,0.017413
25785,2007-01-19,F,FORD MOTOR CO DEL,,,8.17000,8.32000,8.30000,66024300,0.014670,8.30000,8.31000,8.24000,0.014670
25785,2007-01-22,F,FORD MOTOR CO DEL,,,8.25000,8.43000,8.41000,53556100,0.013253,8.40000,8.41000,8.33000,0.013253
25785,2007-01-23,F,FORD MOTOR CO DEL,,,8.24000,8.62000,8.30000,116396500,-0.013080,8.31000,8.32000,8.39000,-0.013080
25785,2007-01-24,F,FORD MOTOR CO DEL,,,8.11000,8.35000,8.20000,76831800,-0.012048,8.18000,8.19000,8.31000,-0.012048
25785,2007-01-25,F,FORD MOTOR CO DEL,,,8.00000,8.52000,8.22000,99693500,0.002439,8.23000,8.24000,8.15000,0.002439
25785,2007-01-26,F,FORD MOTOR CO DEL,,,8.14000,8.48000,8.42000,54421900,0.024331,8.40000,8.42000,8.15000,0.024331
25785,2007-01-29,F,FORD MOTOR CO DEL,,,8.35000,8.51000,8.37000,55791000,-0.005938,8.37000,8.38000,8.44000,-0.005938
25785,2007-01-30,F,FORD MOTOR CO DEL,,,8.19000,8.42000,8.20000,28775300,-0.020311,8.20000,8.21000,8.38000,-0.020311
25785,2007-01-31,F,FORD MOTOR CO DEL,,,8.04000,8.20000,8.13000,65040400,-0.008537,8.13000,8.14000,8.17000,-0.008537
25785,2007-02-01,F,FORD MOTOR CO DEL,,,8.13000,8.30000,8.29000,27922600,0.019680,8.28000,8.29000,8.17000,0.019680
25785,2007-02-02,F,FORD MOTOR CO DEL,,,8.16000,8.29000,8.23000,24731400,-0.007238,8.22000,8.23000,8.29000,-0.007238
25785,2007-02-05,F,FORD MOTOR CO DEL,,,8.19000,8.38000,8.33000,27388700,0.012151,8.32000,8.33000,8.20000,0.012151
25785,2007-02-06,F,FORD MOTOR CO DEL,,,8.30000,8.55000,8.54000,44747300,0.025210,8.54000,8.55000,8.33000,0.025210
25785,2007-02-07,F,FORD MOTOR CO DEL,,,8.46000,8.64000,8.56000,32597200,0.002342,8.55000,8.56000,8.56000,0.002342
25785,2007-02-08,F,FORD MOTOR CO DEL,,,8.49000,8.57000,8.55000,23819900,-0.001168,8.55000,8.56000,8.50000,-0.001168
25785,2007-02-09,F,FORD MOTOR CO DEL,,,8.69000,8.97000,8.73000,108539100,0.021053,8.72000,8.73000,8.82000,0.021053
25785,2007-02-12,F,FORD MOTOR CO DEL,,,8.50000,8.75150,8.65000,33682930,-0.009164,8.65000,8.66000,8.72000,-0.009164
25785,2007-02-13,F,FORD MOTOR CO DEL,,,8.36000,8.50000,8.45000,59691830,-0.023121,8.44000,8.45000,8.50000,-0.023121
25785,2007-02-14,F,FORD MOTOR CO DEL,,,8.44000,8.65000,8.51000,63469380,0.007101,8.50000,8.51000,8.45000,0.007101
25785,2007-02-15,F,FORD MOTOR CO DEL,,,8.51000,8.64000,8.60000,24990600,0.010576,8.60000,8.61000,8.55000,0.010576
25785,2007-02-16,F,FORD MOTOR CO DEL,,,8.51000,8.74000,8.53000,32180900,-0.008140,8.53000,8.54000,8.54000,-0.008140
25785,2007-02-20,F,FORD MOTOR CO DEL,,,8.54000,8.69000,8.65000,27532700,0.014068,8.65000,8.66000,8.56000,0.014068
25785,2007-02-21,F,FORD MOTOR CO DEL,,,8.41000,8.68000,8.47000,36353400,-0.020809,8.46000,8.47000,8.67000,-0.020809
25785,2007-02-22,F,FORD MOTOR CO DEL,,,8.32000,8.53000,8.35000,26903500,-0.014168,8.35000,8.37000,8.48000,-0.014168
25785,2007-02-23,F,FORD MOTOR CO DEL,,,8.21000,8.36000,8.30000,30369900,-0.005988,8.30000,8.31000,8.35000,-0.005988
25785,2007-02-26,F,FORD MOTOR CO DEL,,,8.15000,8.34000,8.26000,28362350,-0.004819,8.26000,8.27000,8.31000,-0.004819
25785,2007-02-27,F,FORD MOTOR CO DEL,,,7.60000,8.16000,7.78000,91248500,-0.058111,7.78000,7.79000,8.12000,-0.058111
25785,2007-02-28,F,FORD MOTOR CO DEL,,,7.75100,8.00000,7.91000,59778100,0.016709,7.91000,7.92000,7.90000,0.016709
25785,2007-03-01,F,FORD MOTOR CO DEL,,,7.64000,7.95000,7.77000,61680440,-0.017699,7.76000,7.77000,7.77000,-0.017699
25785,2007-03-02,F,FORD MOTOR CO DEL,,,7.59000,7.77000,7.59000,46216000,-0.023166,7.59000,7.60000,7.75000,-0.023166
25785,2007-03-05,F,FORD MOTOR CO DEL,,,7.45000,7.65000,7.58000,59517000,-0.001318,7.58000,7.59000,7.52000,-0.001318
25785,2007-03-06,F,FORD MOTOR CO DEL,,,7.48000,7.70000,7.64000,92429060,0.007916,7.63000,7.64000,7.67000,0.007916
25785,2007-03-07,F,FORD MOTOR CO DEL,,,7.61000,7.71000,7.62000,44757700,-0.002618,7.61000,7.62000,7.71000,-0.002618
25785,2007-03-08,F,FORD MOTOR CO DEL,,,7.75000,8.00000,7.93000,91446070,0.040682,7.94000,7.95000,7.81000,0.040682
25785,2007-03-09,F,FORD MOTOR CO DEL,,,7.91000,8.13000,7.93000,43543350,0.000000,7.92000,7.93000,8.05000,0.000000
25785,2007-03-12,F,FORD MOTOR CO DEL,,,7.82000,8.01000,7.82000,39392220,-0.013871,7.89000,7.90000,7.95000,-0.013871
25785,2007-03-13,F,FORD MOTOR CO DEL,,,7.61000,7.87000,7.64000,41478700,-0.023018,7.65000,7.66000,7.84000,-0.023018
25785,2007-03-14,F,FORD MOTOR CO DEL,,,7.44000,7.63780,7.51000,69458130,-0.017016,7.51000,7.52000,7.61000,-0.017016
25785,2007-03-15,F,FORD MOTOR CO DEL,,,7.51000,7.66000,7.59000,39160360,0.010652,7.59000,7.60000,7.55000,0.010652
25785,2007-03-16,F,FORD MOTOR CO DEL,,,7.52000,7.65000,7.55000,27784310,-0.005270,7.53000,7.54000,7.63000,-0.005270
25785,2007-03-19,F,FORD MOTOR CO DEL,,,7.57000,7.82000,7.82000,44960550,0.035762,7.81000,7.82000,7.58000,0.035762
25785,2007-03-20,F,FORD MOTOR CO DEL,,,7.70000,7.90000,7.88000,34054580,0.007673,7.87000,7.88000,7.77000,0.007673
25785,2007-03-21,F,FORD MOTOR CO DEL,,,7.84000,8.04000,8.01000,35796910,0.016497,8.00000,8.01000,7.91000,0.016497
25785,2007-03-22,F,FORD MOTOR CO DEL,,,8.00000,8.10000,8.08000,43574260,0.008739,8.07000,8.08000,8.03000,0.008739
25785,2007-03-23,F,FORD MOTOR CO DEL,,,7.71000,8.23000,7.89000,44320990,-0.023515,7.88000,7.89000,8.06000,-0.023515
25785,2007-03-26,F,FORD MOTOR CO DEL,,,7.80000,8.06000,7.87000,27299890,-0.002535,7.86000,7.87000,7.94000,-0.002535
25785,2007-03-27,F,FORD MOTOR CO DEL,,,7.80000,7.90000,7.85000,24570800,-0.002541,7.84000,7.85000,7.88000,-0.002541
25785,2007-03-28,F,FORD MOTOR CO DEL,,,7.80000,8.04000,7.98000,49108040,0.016561,7.99000,8.00000,7.84000,0.016561
25785,2007-03-29,F,FORD MOTOR CO DEL,,,7.88000,8.03000,7.95000,50933160,-0.003759,7.94000,7.95000,8.02000,-0.003759
25785,2007-03-30,F,FORD MOTOR CO DEL,,,7.88000,8.02000,7.89000,32190400,-0.007547,7.88000,7.89000,7.97000,-0.007547
25785,2007-04-02,F,FORD MOTOR CO DEL,,,7.87000,8.10000,8.09000,44145540,0.025349,8.08000,8.09000,7.90000,0.025349
25785,2007-04-03,F,FORD MOTOR CO DEL,,,8.05000,8.19000,8.08000,44401510,-0.001236,8.07000,8.08000,8.09000,-0.001236
25785,2007-04-04,F,FORD MOTOR CO DEL,,,8.03000,8.17000,8.04000,29511400,-0.004950,8.04000,8.05000,8.04000,-0.004950
25785,2007-04-05,F,FORD MOTOR CO DEL,,,7.89000,8.07000,8.01000,42132600,-0.003731,8.00000,8.01000,8.02000,-0.003731
25785,2007-04-09,F,FORD MOTOR CO DEL,,,8.04000,8.13000,8.08000,17885600,0.008739,8.08000,8.09000,8.05000,0.008739
25785,2007-04-10,F,FORD MOTOR CO DEL,,,8.09000,8.21000,8.19000,27837200,0.013614,8.18000,8.19000,8.09000,0.013614
25785,2007-04-11,F,FORD MOTOR CO DEL,,,8.05000,8.18000,8.13000,29305840,-0.007326,8.12000,8.13000,8.14000,-0.007326
25785,2007-04-12,F,FORD MOTOR CO DEL,,,8.06000,8.16000,8.09000,27937190,-0.004920,8.07000,8.09000,8.11000,-0.004920
25785,2007-04-13,F,FORD MOTOR CO DEL,,,7.98000,8.11000,8.02000,36475050,-0.008653,8.00000,8.01000,8.11000,-0.008653
25785,2007-04-16,F,FORD MOTOR CO DEL,,,7.99000,8.08000,8.03000,19906700,0.001247,8.01000,8.02000,8.05000,0.001247
25785,2007-04-17,F,FORD MOTOR CO DEL,,,7.82000,8.03000,7.85000,45442790,-0.022416,7.85000,7.87000,8.00000,-0.022416
25785,2007-04-18,F,FORD MOTOR CO DEL,,,7.79000,7.89000,7.82000,26132210,-0.003822,7.81000,7.82000,7.85000,-0.003822
25785,2007-04-19,F,FORD MOTOR CO DEL,,,7.69000,7.86000,7.74000,29210560,-0.010230,7.73000,7.75000,7.82000,-0.010230
25785,2007-04-20,F,FORD MOTOR CO DEL,,,7.67000,7.87000,7.75000,45372830,0.001292,7.73000,7.74000,7.81000,0.001292
25785,2007-04-23,F,FORD MOTOR CO DEL,,,7.73000,7.93000,7.83000,24958420,0.010323,7.81000,7.85000,7.73000,0.010323
25785,2007-04-24,F,FORD MOTOR CO DEL,,,7.72000,7.85000,7.82000,26997830,-0.001277,7.81000,7.82000,7.84000,-0.001277
25785,2007-04-25,F,FORD MOTOR CO DEL,,,7.80000,7.91000,7.88000,25879500,0.007673,7.85000,7.87000,7.80000,0.007673
25785,2007-04-26,F,FORD MOTOR CO DEL,,,8.15000,8.38000,8.20000,87563160,0.040609,8.21000,8.22000,8.37000,0.040609
25785,2007-04-27,F,FORD MOTOR CO DEL,,,7.99000,8.23000,8.05000,37976420,-0.018293,8.05000,8.06000,8.20000,-0.018293
25785,2007-04-30,F,FORD MOTOR CO DEL,,,8.04000,8.23000,8.04000,27478710,-0.001242,8.05000,8.06000,8.06000,-0.001242
25785,2007-05-01,F,FORD MOTOR CO DEL,,,7.96000,8.10000,8.05000,27601110,0.001244,8.04000,8.05000,8.04000,0.001244
25785,2007-05-02,F,FORD MOTOR CO DEL,,,8.07000,8.20000,8.17000,26994380,0.014907,8.18000,8.19000,8.08000,0.014907
25785,2007-05-03,F,FORD MOTOR CO DEL,,,8.12000,8.23000,8.19000,19920550,0.002448,8.18000,8.19000,8.12000,0.002448
25785,2007-05-04,F,FORD MOTOR CO DEL,,,8.11000,8.22000,8.22000,22605850,0.003663,8.17000,8.21000,8.19000,0.003663
25785,2007-05-07,F,FORD MOTOR CO DEL,,,8.15000,8.22000,8.16000,12470490,-0.007299,8.15000,8.16000,8.19000,-0.007299
25785,2007-05-08,F,FORD MOTOR CO DEL,,,8.15000,8.40000,8.37000,60113620,0.025735,8.37000,8.38000,8.15000,0.025735
25785,2007-05-09,F,FORD MOTOR CO DEL,,,8.30000,8.48000,8.35000,62770780,-0.002389,8.36000,8.37000,8.37000,-0.002389
25785,2007-05-10,F,FORD MOTOR CO DEL,,,8.20000,8.42000,8.24000,26700780,-0.013174,8.25000,8.26000,8.36000,-0.013174
25785,2007-05-11,F,FORD MOTOR CO DEL,,,8.26000,8.42000,8.37000,25357350,0.015777,8.37000,8.38000,8.26000,0.015777
25785,2007-05-14,F,FORD MOTOR CO DEL,,,8.52000,8.97000,8.71000,81573920,0.040621,8.71000,8.73000,8.55000,0.040621
25785,2007-05-15,F,FORD MOTOR CO DEL,,,8.71000,8.98000,8.91000,66794210,0.022962,8.90000,8.92000,8.72000,0.022962
25785,2007-05-16,F,FORD MOTOR CO DEL,,,8.73000,8.95000,8.76000,31773720,-0.016835,8.75000,8.76000,8.93000,-0.016835
25785,2007-05-17,F,FORD MOTOR CO DEL,,,8.69000,8.87000,8.76000,25567140,0.000000,8.75000,8.77000,8.78000,0.000000
25785,2007-05-18,F,FORD MOTOR CO DEL,,,8.68000,8.86000,8.69000,15421070,-0.007991,8.68000,8.69000,8.86000,-0.007991
25785,2007-05-21,F,FORD MOTOR CO DEL,,,8.68000,8.93000,8.78000,35877960,0.010357,8.77000,8.78000,8.73000,0.010357
25785,2007-05-22,F,FORD MOTOR CO DEL,,,8.67000,8.83000,8.68000,27185030,-0.011389,8.67000,8.68000,8.78000,-0.011389
25785,2007-05-23,F,FORD MOTOR CO DEL,,,8.68000,8.82000,8.76000,33757640,0.009217,8.76000,8.77000,8.68000,0.009217
25785,2007-05-24,F,FORD MOTOR CO DEL,,,8.48000,8.82000,8.49000,50346120,-0.030822,8.48000,8.49000,8.77000,-0.030822
25785,2007-05-25,F,FORD MOTOR CO DEL,,,8.41000,8.59000,8.45000,30442760,-0.004711,8.40000,8.46000,8.56000,-0.004711
25785,2007-05-29,F,FORD MOTOR CO DEL,,,8.38000,8.59000,8.40000,26366020,-0.005917,8.39000,8.40000,8.53000,-0.005917
25785,2007-05-30,F,FORD MOTOR CO DEL,,,8.32000,8.54000,8.50000,32564130,0.011905,8.50000,8.51000,8.35000,0.011905
25785,2007-05-31,F,FORD MOTOR CO DEL,,,8.26000,8.55000,8.34000,32524640,-0.018824,8.32000,8.33000,8.54000,-0.018824
25785,2007-06-01,F,FORD MOTOR CO DEL,,,8.27000,8.44000,8.35000,35945540,0.001199,8.35000,8.36000,8.37000,0.001199
25785,2007-06-04,F,FORD MOTOR CO DEL,,,8.23000,8.40000,8.27000,20487540,-0.009581,8.26000,8.27000,8.34000,-0.009581
25785,2007-06-05,F,FORD MOTOR CO DEL,,,8.27000,8.39000,8.31000,59928700,0.004837,8.31000,8.32000,8.28000,0.004837
25785,2007-06-06,F,FORD MOTOR CO DEL,,,8.20000,8.32000,8.26000,35369100,-0.006017,8.25000,8.26000,8.26000,-0.006017
25785,2007-06-07,F,FORD MOTOR CO DEL,,,8.05000,8.36000,8.06000,41030750,-0.024213,8.05000,8.06000,8.28000,-0.024213
25785,2007-06-08,F,FORD MOTOR CO DEL,,,8.06000,8.30000,8.24000,32596180,0.022332,8.20000,8.27000,8.06000,0.022332
25785,2007-06-11,F,FORD MOTOR CO DEL,,,8.30000,8.42000,8.40000,25466660,0.019417,8.38000,8.40000,8.39000,0.019417
25785,2007-06-12,F,FORD MOTOR CO DEL,,,8.32000,8.49000,8.32000,31170300,-0.009524,8.32000,8.34000,8.39000,-0.009524
25785,2007-06-13,F,FORD MOTOR CO DEL,,,8.36000,8.59000,8.56000,35626000,0.028846,8.55000,8.56000,8.39000,0.028846
25785,2007-06-14,F,FORD MOTOR CO DEL,,,8.58000,8.70000,8.66000,38515100,0.011682,8.61000,8.69000,8.58000,0.011682
25785,2007-06-15,F,FORD MOTOR CO DEL,,,8.68000,8.97000,8.92000,60767010,0.030023,8.91000,8.92000,8.76000,0.030023
25785,2007-06-18,F,FORD MOTOR CO DEL,,,8.73000,8.93000,8.85000,40366680,-0.007847,8.84000,8.85000,8.92000,-0.007847
25785,2007-06-19,F,FORD MOTOR CO DEL,,,8.64000,8.79000,8.65000,35010050,-0.022599,8.65000,8.67000,8.78000,-0.022599
25785,2007-06-20,F,FORD MOTOR CO DEL,,,8.63000,8.88000,8.86000,48543040,0.024277,8.86000,8.87000,8.71000,0.024277
25785,2007-06-21,F,FORD MOTOR CO DEL,,,8.79000,8.91000,8.91000,39556480,0.005643,8.90000,8.91000,8.86000,0.005643
25785,2007-06-22,F,FORD MOTOR CO DEL,,,8.78000,9.23000,9.13000,80634950,0.024691,9.14000,9.15000,8.80000,0.024691
25785,2007-06-25,F,FORD MOTOR CO DEL,,,8.98000,9.45000,9.03000,55391160,-0.010953,9.03000,9.04000,9.24000,-0.010953
25785,2007-06-26,F,FORD MOTOR CO DEL,,,8.95000,9.15000,8.96000,33562010,-0.007752,8.96000,8.97000,9.09000,-0.007752
25785,2007-06-27,F,FORD MOTOR CO DEL,,,8.86000,9.32000,9.28000,50467280,0.035714,9.28000,9.30000,8.97000,0.035714
25785,2007-06-28,F,FORD MOTOR CO DEL,,,9.32000,9.65000,9.49000,73317030,0.022629,9.48000,9.49000,9.34000,0.022629
25785,2007-06-29,F,FORD MOTOR CO DEL,,,9.33000,9.70000,9.42000,50311260,-0.007376,9.41000,9.42000,9.60000,-0.007376
25785,2007-07-02,F,FORD MOTOR CO DEL,,,9.43000,9.64000,9.64000,26172320,0.023355,9.63000,9.64000,9.57000,0.023355
25785,2007-07-03,F,FORD MOTOR CO DEL,,,9.26000,9.48000,9.42000,84177260,-0.022822,9.40000,9.41000,9.48000,-0.022822
25785,2007-07-05,F,FORD MOTOR CO DEL,,,9.06000,9.36000,9.15000,61974570,-0.028662,9.14000,9.15000,9.36000,-0.028662
25785,2007-07-06,F,FORD MOTOR CO DEL,,,9.08000,9.23000,9.11000,38706950,-0.004372,9.11000,9.12000,9.20000,-0.004372
25785,2007-07-09,F,FORD MOTOR CO DEL,,,9.07000,9.24000,9.08000,53027980,-0.003293,9.07000,9.08000,9.16000,-0.003293
25785,2007-07-10,F,FORD MOTOR CO DEL,,,9.08000,9.30000,9.09000,54521040,0.001101,9.09000,9.10000,9.15000,0.001101
25785,2007-07-11,F,FORD MOTOR CO DEL,,,8.81000,9.14000,8.90000,69498800,-0.020902,8.89000,8.90000,9.10000,-0.020902
25785,2007-07-12,F,FORD MOTOR CO DEL,,,8.87000,9.05000,8.96000,47692020,0.006742,8.96000,8.97000,8.93000,0.006742
25785,2007-07-13,F,FORD MOTOR CO DEL,,,8.84000,9.01000,8.97000,37718300,0.001116,8.94000,8.95000,8.98000,0.001116
25785,2007-07-16,F,FORD MOTOR CO DEL,,,8.84000,9.04000,8.86000,28835400,-0.012263,8.86000,8.87000,9.01000,-0.012263
25785,2007-07-17,F,FORD MOTOR CO DEL,,,8.71000,8.93000,8.73000,33132800,-0.014673,8.71000,8.74000,8.88000,-0.014673
25785,2007-07-18,F,FORD MOTOR CO DEL,,,8.51000,8.69000,8.63000,49225500,-0.011455,8.62000,8.63000,8.68000,-0.011455
25785,2007-07-19,F,FORD MOTOR CO DEL,,,8.55000,8.75000,8.63000,36430200,0.000000,8.62000,8.63000,8.75000,0.000000
25785,2007-07-20,F,FORD MOTOR CO DEL,,,8.34000,8.63000,8.40000,54516200,-0.026651,8.40000,8.42000,8.62000,-0.026651
25785,2007-07-23,F,FORD MOTOR CO DEL,,,8.35000,8.53000,8.46000,35142900,0.007143,8.45000,8.46000,8.46000,0.007143
25785,2007-07-24,F,FORD MOTOR CO DEL,,,8.26000,8.42000,8.26000,40407070,-0.023641,8.26000,8.27000,8.40000,-0.023641
25785,2007-07-25,F,FORD MOTOR CO DEL,,,7.95000,8.32000,7.97000,121482100,-0.035109,7.98000,7.99000,8.32000,-0.035109
25785,2007-07-26,F,FORD MOTOR CO DEL,,,7.90000,8.33000,8.09000,163787300,0.015057,8.12000,8.15000,8.11000,0.015057
25785,2007-07-27,F,FORD MOTOR CO DEL,,,8.08000,8.37000,8.23000,103561500,0.017305,8.23000,8.25000,8.18000,0.017305
25785,2007-07-30,F,FORD MOTOR CO DEL,,,8.25000,8.75000,8.74000,89561300,0.061968,8.72000,8.74000,8.33000,0.061968
25785,2007-07-31,F,FORD MOTOR CO DEL,,,8.51000,8.97000,8.51000,92658500,-0.026316,8.51000,8.53000,8.92000,-0.026316
25785,2007-08-01,F,FORD MOTOR CO DEL,,,8.30000,8.55000,8.43000,50208650,-0.009401,8.44000,8.45000,8.48000,-0.009401
25785,2007-08-02,F,FORD MOTOR CO DEL,,,8.28000,8.51000,8.40000,37131400,-0.003559,8.41000,8.42000,8.45000,-0.003559
25785,2007-08-03,F,FORD MOTOR CO DEL,,,8.06000,8.49000,8.06000,41947200,-0.040476,8.06000,8.07000,8.40000,-0.040476
25785,2007-08-06,F,FORD MOTOR CO DEL,,,8.01000,8.31000,8.19000,41952800,0.016129,8.19000,8.20000,8.12000,0.016129
25785,2007-08-07,F,FORD MOTOR CO DEL,,,8.08000,8.35000,8.30000,38346390,0.013431,8.28000,8.29000,8.16000,0.013431
25785,2007-08-08,F,FORD MOTOR CO DEL,,,8.37000,8.87000,8.87000,89683700,0.068675,8.76000,8.84000,8.40000,0.068675
25785,2007-08-09,F,FORD MOTOR CO DEL,,,8.34000,8.72000,8.38000,57268800,-0.055242,8.40000,8.41000,8.59000,-0.055242
25785,2007-08-10,F,FORD MOTOR CO DEL,,,8.14000,8.40000,8.23000,43217600,-0.017900,8.24000,8.25000,8.34000,-0.017900
25785,2007-08-13,F,FORD MOTOR CO DEL,,,8.27000,8.43000,8.37000,32386500,0.017011,8.35000,8.36000,8.38000,0.017011
25785,2007-08-14,F,FORD MOTOR CO DEL,,,8.05000,8.45000,8.07000,46389600,-0.035842,8.06000,8.07000,8.40000,-0.035842
25785,2007-08-15,F,FORD MOTOR CO DEL,,,7.99000,8.26010,8.00000,46664290,-0.008674,8.00000,8.02000,8.11000,-0.008674
25785,2007-08-16,F,FORD MOTOR CO DEL,,,7.49000,8.01000,7.70000,79270100,-0.037500,7.75000,7.76000,7.92000,-0.037500
25785,2007-08-17,F,FORD MOTOR CO DEL,,,7.58000,7.98000,7.83000,46050700,0.016883,7.81000,7.82000,7.92000,0.016883
25785,2007-08-20,F,FORD MOTOR CO DEL,,,7.80000,8.00000,8.00000,29239000,0.021711,7.99000,8.00000,7.89000,0.021711
25785,2007-08-21,F,FORD MOTOR CO DEL,,,7.90000,8.00000,7.92000,21618200,-0.010000,7.92000,7.93000,7.97000,-0.010000
25785,2007-08-22,F,FORD MOTOR CO DEL,,,7.78000,8.00000,7.85000,52589200,-0.008838,7.83000,7.85000,8.00000,-0.008838
25785,2007-08-23,F,FORD MOTOR CO DEL,,,7.65000,7.91000,7.75000,39053400,-0.012739,7.74000,7.75000,7.88000,-0.012739
25785,2007-08-24,F,FORD MOTOR CO DEL,,,7.61000,7.92000,7.90000,32283200,0.019355,7.89000,7.90000,7.73000,0.019355
25785,2007-08-27,F,FORD MOTOR CO DEL,,,7.80000,7.91000,7.80000,15413840,-0.012658,7.80000,7.81000,7.91000,-0.012658
25785,2007-08-28,F,FORD MOTOR CO DEL,,,7.51000,7.80000,7.51000,32225400,-0.037179,7.52000,7.53000,7.75000,-0.037179
25785,2007-08-29,F,FORD MOTOR CO DEL,,,7.53000,7.77000,7.72000,30010400,0.027963,7.73000,7.74000,7.60000,0.027963
25785,2007-08-30,F,FORD MOTOR CO DEL,,,7.58000,7.77000,7.67000,28371300,-0.006477,7.65000,7.67000,7.63000,-0.006477
25785,2007-08-31,F,FORD MOTOR CO DEL,,,7.68000,7.87000,7.81000,31661000,0.018253,7.81000,7.83000,7.80000,0.018253
25785,2007-09-04,F,FORD MOTOR CO DEL,,,7.76000,8.03000,7.99000,33485000,0.023047,7.97000,7.98000,7.78000,0.023047
25785,2007-09-05,F,FORD MOTOR CO DEL,,,7.73000,7.97000,7.77000,21248300,-0.027534,7.75000,7.76000,7.90000,-0.027534
25785,2007-09-06,F,FORD MOTOR CO DEL,,,7.64000,7.83000,7.78000,29201300,0.001287,7.76000,7.77000,7.80000,0.001287
25785,2007-09-07,F,FORD MOTOR CO DEL,,,7.50000,7.70000,7.52000,44275600,-0.033419,7.52000,7.53000,7.65000,-0.033419
25785,2007-09-10,F,FORD MOTOR CO DEL,,,7.50000,7.62000,7.52000,33340200,0.000000,7.53000,7.54000,7.60000,0.000000
25785,2007-09-11,F,FORD MOTOR CO DEL,,,7.53000,7.70000,7.58000,38497800,0.007979,7.59000,7.60000,7.55000,0.007979
25785,2007-09-12,F,FORD MOTOR CO DEL,,,7.50000,7.67000,7.50000,39285770,-0.010554,7.51000,7.52000,7.55000,-0.010554
25785,2007-09-13,F,FORD MOTOR CO DEL,,,7.62000,7.96000,7.92000,67733050,0.056000,7.92000,7.94000,7.64000,0.056000
25785,2007-09-14,F,FORD MOTOR CO DEL,,,7.75000,8.09000,8.03000,41967100,0.013889,8.03000,8.05000,7.83000,0.013889
25785,2007-09-17,F,FORD MOTOR CO DEL,,,8.09000,8.38000,8.28000,54162800,0.031133,8.28000,8.29000,8.09000,0.031133
25785,2007-09-18,F,FORD MOTOR CO DEL,,,8.18000,8.49000,8.42000,46268190,0.016908,8.39000,8.41000,8.36000,0.016908
25785,2007-09-19,F,FORD MOTOR CO DEL,,,8.28000,8.52000,8.40000,53313660,-0.002375,8.38000,8.39000,8.45000,-0.002375
25785,2007-09-20,F,FORD MOTOR CO DEL,,,8.16000,8.40000,8.25000,31979960,-0.017857,8.23000,8.24000,8.25000,-0.017857
25785,2007-09-21,F,FORD MOTOR CO DEL,,,8.18000,8.34000,8.23000,34311460,-0.002424,8.21000,8.22000,8.34000,-0.002424
25785,2007-09-24,F,FORD MOTOR CO DEL,,,8.36000,8.61000,8.48000,58415080,0.030377,8.48000,8.49000,8.47000,0.030377
25785,2007-09-25,F,FORD MOTOR CO DEL,,,8.25000,8.42000,8.34000,26048140,-0.016509,8.32000,8.33000,8.40000,-0.016509
25785,2007-09-26,F,FORD MOTOR CO DEL,,,8.53000,9.00000,8.88000,92825640,0.064748,8.87000,8.91000,8.68000,0.064748
25785,2007-09-27,F,FORD MOTOR CO DEL,,,8.61000,8.93000,8.63000,51537070,-0.028153,8.63000,8.64000,8.90000,-0.028153
25785,2007-09-28,F,FORD MOTOR CO DEL,,,8.48000,8.73000,8.49000,45195540,-0.016223,8.50000,8.51000,8.63000,-0.016223
25785,2007-10-01,F,FORD MOTOR CO DEL,,,8.19000,8.58000,8.23000,55452200,-0.030624,8.23000,8.24000,8.56000,-0.030624
25785,2007-10-02,F,FORD MOTOR CO DEL,,,8.37000,8.60000,8.57000,53071180,0.041312,8.56000,8.57000,8.39000,0.041312
25785,2007-10-03,F,FORD MOTOR CO DEL,,,8.38000,8.60000,8.43000,46277000,-0.016336,8.41000,8.42000,8.54000,-0.016336
25785,2007-10-04,F,FORD MOTOR CO DEL,,,8.23000,8.51000,8.26000,47921800,-0.020166,8.26000,8.27000,8.47000,-0.020166
25785,2007-10-05,F,FORD MOTOR CO DEL,,,8.24000,8.40000,8.37000,37617810,0.013317,8.36000,8.38000,8.38000,0.013317
25785,2007-10-08,F,FORD MOTOR CO DEL,,,8.17000,8.39000,8.19000,32954800,-0.021505,8.19000,8.20000,8.39000,-0.021505
25785,2007-10-09,F,FORD MOTOR CO DEL,,,8.13000,8.32000,8.32000,44967100,0.015873,8.31000,8.32000,8.22000,0.015873
25785,2007-10-10,F,FORD MOTOR CO DEL,,,8.19000,8.35000,8.23000,35632880,-0.010817,8.21000,8.22000,8.31000,-0.010817
25785,2007-10-11,F,FORD MOTOR CO DEL,,,8.31000,8.81000,8.76000,92386990,0.064399,8.76000,8.78000,8.32000,0.064399
25785,2007-10-12,F,FORD MOTOR CO DEL,,,8.81000,9.24000,9.20000,92108800,0.050228,9.20000,9.21000,8.81000,0.050228
25785,2007-10-15,F,FORD MOTOR CO DEL,,,8.96000,9.20000,8.99000,50302850,-0.022826,8.99000,9.00000,9.20000,-0.022826
25785,2007-10-16,F,FORD MOTOR CO DEL,,,8.75000,9.12000,8.78000,50105720,-0.023359,8.78000,8.81000,8.90000,-0.023359
25785,2007-10-17,F,FORD MOTOR CO DEL,,,8.57000,8.95000,8.69000,40707730,-0.010251,8.69000,8.70000,8.92000,-0.010251
25785,2007-10-18,F,FORD MOTOR CO DEL,,,8.64000,8.84000,8.76000,29935100,0.008055,8.76000,8.77000,8.67000,0.008055
25785,2007-10-19,F,FORD MOTOR CO DEL,,,8.34000,8.75000,8.37000,56216440,-0.044521,8.39000,8.40000,8.73000,-0.044521
25785,2007-10-22,F,FORD MOTOR CO DEL,,,8.25000,8.52000,8.34000,44896500,-0.003584,8.33000,8.35000,8.26000,-0.003584
25785,2007-10-23,F,FORD MOTOR CO DEL,,,8.41000,8.65000,8.65000,33682730,0.037170,8.62000,8.64000,8.48000,0.037170
25785,2007-10-24,F,FORD MOTOR CO DEL,,,8.40000,8.61000,8.59000,35781810,-0.006936,8.58000,8.60000,8.57000,-0.006936
25785,2007-10-25,F,FORD MOTOR CO DEL,,,8.48000,8.72000,8.60000,37059760,0.001164,8.60000,8.61000,8.60000,0.001164
25785,2007-10-26,F,FORD MOTOR CO DEL,,,8.45000,8.70000,8.67000,34459300,0.008139,8.66000,8.67000,8.67000,0.008139
25785,2007-10-29,F,FORD MOTOR CO DEL,,,8.64000,8.84000,8.77000,41843900,0.011534,8.76000,8.77000,8.70000,0.011534
25785,2007-10-30,F,FORD MOTOR CO DEL,,,8.68000,8.88000,8.80000,27338600,0.003421,8.79000,8.80000,8.77000,0.003421
25785,2007-10-31,F,FORD MOTOR CO DEL,,,8.70000,8.88000,8.87000,51998600,0.007955,8.85000,8.86000,8.82000,0.007955
25785,2007-11-01,F,FORD MOTOR CO DEL,,,8.49000,8.82000,8.50000,40677090,-0.041714,8.50000,8.51000,8.77000,-0.041714
25785,2007-11-02,F,FORD MOTOR CO DEL,,,8.52000,8.96000,8.95000,54653200,0.052941,8.93000,8.95000,8.65000,0.052941
25785,2007-11-05,F,FORD MOTOR CO DEL,,,8.52000,8.99000,8.67000,46032190,-0.031285,8.65000,8.66000,8.99000,-0.031285
25785,2007-11-06,F,FORD MOTOR CO DEL,,,8.50000,8.75000,8.63000,29729420,-0.004614,8.61000,8.62000,8.75000,-0.004614
25785,2007-11-07,F,FORD MOTOR CO DEL,,,8.24000,8.60000,8.24000,50256160,-0.045191,8.25000,8.26000,8.50000,-0.045191
25785,2007-11-08,F,FORD MOTOR CO DEL,,,8.10000,8.63000,8.48000,72813040,0.029126,8.45000,8.48000,8.55000,0.029126
25785,2007-11-09,F,FORD MOTOR CO DEL,,,8.20000,8.50000,8.20000,49724940,-0.033019,8.20000,8.22000,8.39000,-0.033019
25785,2007-11-12,F,FORD MOTOR CO DEL,,,7.74000,8.29000,7.87000,70023740,-0.040244,7.88000,7.89000,8.29000,-0.040244
25785,2007-11-13,F,FORD MOTOR CO DEL,,,7.87000,8.07000,8.00000,48473700,0.016518,7.98000,7.99000,8.07000,0.016518
25785,2007-11-14,F,FORD MOTOR CO DEL,,,7.86000,8.15000,7.98000,49931860,-0.002500,7.95000,7.97000,8.07000,-0.002500
25785,2007-11-15,F,FORD MOTOR CO DEL,,,7.75000,8.05000,7.78000,42557310,-0.025063,7.78000,7.79000,7.98000,-0.025063
25785,2007-11-16,F,FORD MOTOR CO DEL,,,7.62000,7.94000,7.70000,44606100,-0.010283,7.70000,7.71000,7.94000,-0.010283
25785,2007-11-19,F,FORD MOTOR CO DEL,,,7.33000,7.66000,7.34000,49532670,-0.046753,7.34000,7.35000,7.65000,-0.046753
25785,2007-11-20,F,FORD MOTOR CO DEL,,,7.01000,7.46000,7.24000,64461280,-0.013624,7.24000,7.25000,7.46000,-0.013624
25785,2007-11-21,F,FORD MOTOR CO DEL,,,6.87000,7.15000,6.95000,74456490,-0.040055,6.94000,6.95000,7.05000,-0.040055
25785,2007-11-23,F,FORD MOTOR CO DEL,,,7.02000,7.23000,7.19000,26411800,0.034532,7.17000,7.18000,7.12000,0.034532
25785,2007-11-26,F,FORD MOTOR CO DEL,,,7.00000,7.28000,7.03000,35297270,-0.022253,7.02000,7.03000,7.28000,-0.022253
25785,2007-11-27,F,FORD MOTOR CO DEL,,,6.91000,7.11000,7.07000,35465380,0.005690,7.08000,7.09000,7.11000,0.005690
25785,2007-11-28,F,FORD MOTOR CO DEL,,,7.11000,7.39000,7.36000,45702340,0.041018,7.35000,7.36000,7.14000,0.041018
25785,2007-11-29,F,FORD MOTOR CO DEL,,,7.24000,7.38000,7.29000,33890160,-0.009511,7.29000,7.30000,7.36000,-0.009511
25785,2007-11-30,F,FORD MOTOR CO DEL,,,7.38000,7.57000,7.51000,44522480,0.030178,7.54000,7.56000,7.41000,0.030178
25785,2007-12-03,F,FORD MOTOR CO DEL,,,7.23000,7.52000,7.25000,34925000,-0.034621,7.23000,7.25000,7.52000,-0.034621
25785,2007-12-04,F,FORD MOTOR CO DEL,,,6.93000,7.24000,6.97000,55417800,-0.038621,6.99000,7.00000,7.20000,-0.038621
25785,2007-12-05,F,FORD MOTOR CO DEL,,,6.97000,7.19500,6.98000,60504100,0.001435,6.98000,6.99000,7.13000,0.001435
25785,2007-12-06,F,FORD MOTOR CO DEL,,,6.97000,7.08000,7.06000,43325200,0.011461,7.07000,7.08000,7.04000,0.011461
25785,2007-12-07,F,FORD MOTOR CO DEL,,,7.02000,7.19000,7.06000,32730800,0.000000,7.04000,7.05000,7.05000,0.000000
25785,2007-12-10,F,FORD MOTOR CO DEL,,,7.04000,7.47000,7.14000,46095600,0.011331,7.13000,7.14000,7.10000,0.011331
25785,2007-12-11,F,FORD MOTOR CO DEL,,,6.94000,7.32000,6.97000,51624900,-0.023810,6.96000,6.97000,7.14000,-0.023810
25785,2007-12-12,F,FORD MOTOR CO DEL,,,6.94000,7.16000,7.06000,51354300,0.012913,7.05000,7.06000,7.10000,0.012913
25785,2007-12-13,F,FORD MOTOR CO DEL,,,6.90000,7.05000,6.99000,52311500,-0.009915,7.00000,7.01000,7.00000,-0.009915
25785,2007-12-14,F,FORD MOTOR CO DEL,,,6.86000,6.96000,6.89000,39316500,-0.014306,6.89000,6.91000,6.92000,-0.014306
25785,2007-12-17,F,FORD MOTOR CO DEL,,,6.75000,6.93000,6.80000,32646500,-0.013062,6.78000,6.80000,6.88000,-0.013062
25785,2007-12-18,F,FORD MOTOR CO DEL,,,6.71000,6.89000,6.81000,43897200,0.001471,6.80000,6.81000,6.85000,0.001471
25785,2007-12-19,F,FORD MOTOR CO DEL,,,6.68000,6.84000,6.76000,30162400,-0.007342,6.75000,6.76000,6.80000,-0.007342
25785,2007-12-20,F,FORD MOTOR CO DEL,,,6.68000,6.84000,6.79000,29406900,0.004438,6.80000,6.82000,6.76000,0.004438
25785,2007-12-21,F,FORD MOTOR CO DEL,,,6.72000,6.85000,6.79000,38613000,0.000000,6.79000,6.80000,6.80000,0.000000
25785,2007-12-24,F,FORD MOTOR CO DEL,,,6.71000,6.79000,6.75000,12102700,-0.005891,6.74000,6.75000,6.75000,-0.005891
25785,2007-12-26,F,FORD MOTOR CO DEL,,,6.68000,6.92000,6.89000,28076600,0.020741,6.90000,6.91000,6.71000,0.020741
25785,2007-12-27,F,FORD MOTOR CO DEL,,,6.80000,6.94000,6.84000,24715600,-0.007257,6.82000,6.83000,6.87000,-0.007257
25785,2007-12-28,F,FORD MOTOR CO DEL,,,6.68000,6.87000,6.70000,24070300,-0.020468,6.71000,6.72000,6.85000,-0.020468
25785,2007-12-31,F,FORD MOTOR CO DEL,,,6.65000,6.75000,6.73000,25846600,0.004478,6.71000,6.72000,6.67000,0.004478
25785,2008-01-02,F,FORD MOTOR CO DEL,,,6.51000,6.77000,6.60000,33242300,-0.019317,6.60000,6.61000,6.73000,-0.019317
25785,2008-01-03,F,FORD MOTOR CO DEL,,,6.41000,6.66000,6.45000,47189400,-0.022727,6.44000,6.45000,6.66000,-0.022727
25785,2008-01-04,F,FORD MOTOR CO DEL,,,6.00000,6.38000,6.13000,57781000,-0.049612,6.14000,6.15000,6.38000,-0.049612
25785,2008-01-07,F,FORD MOTOR CO DEL,,,6.10000,6.30000,6.16000,47008700,0.004894,6.16000,6.17000,6.21000,0.004894
25785,2008-01-08,F,FORD MOTOR CO DEL,,,6.09000,6.35000,6.10000,47965300,-0.009740,6.11000,6.12000,6.25000,-0.009740
25785,2008-01-09,F,FORD MOTOR CO DEL,,,5.76000,6.14000,6.07000,77766600,-0.004918,6.07000,6.08000,6.11000,-0.004918
25785,2008-01-10,F,FORD MOTOR CO DEL,,,5.84000,6.30000,6.25000,61643800,0.029654,6.26000,6.27000,6.00000,0.029654
25785,2008-01-11,F,FORD MOTOR CO DEL,,,6.05000,6.24100,6.06000,33524800,-0.030400,6.05000,6.06000,6.18000,-0.030400
25785,2008-01-14,F,FORD MOTOR CO DEL,,,6.09000,6.21000,6.18000,29715600,0.019802,6.17000,6.18000,6.12000,0.019802
25785,2008-01-15,F,FORD MOTOR CO DEL,,,5.91000,6.12000,5.97000,42688200,-0.033981,5.97000,5.98000,6.12000,-0.033981
25785,2008-01-16,F,FORD MOTOR CO DEL,,,5.81000,6.02000,5.86000,64550500,-0.018425,5.87000,5.88000,6.02000,-0.018425
25785,2008-01-17,F,FORD MOTOR CO DEL,,,5.68000,5.92000,5.76000,77887000,-0.017065,5.76000,5.77000,5.92000,-0.017065
25785,2008-01-18,F,FORD MOTOR CO DEL,,,5.80000,6.00000,5.92000,58902300,0.027778,5.93000,5.94000,5.81000,0.027778
25785,2008-01-22,F,FORD MOTOR CO DEL,,,5.50000,6.03000,5.93000,78467900,0.001689,5.94000,5.95000,5.53000,0.001689
25785,2008-01-23,F,FORD MOTOR CO DEL,,,5.74000,6.31000,6.30000,74051700,0.062395,6.29000,6.30000,5.83000,0.062395
25785,2008-01-24,F,FORD MOTOR CO DEL,,,6.11000,6.40000,6.26000,65544600,-0.006349,6.26000,6.29000,6.40000,-0.006349
25785,2008-01-25,F,FORD MOTOR CO DEL,,,6.31000,6.70000,6.58000,87012200,0.051118,6.57000,6.58000,6.31000,0.051118
25785,2008-01-28,F,FORD MOTOR CO DEL,,,6.41000,6.78000,6.67000,46710800,0.013678,6.66000,6.67000,6.50000,0.013678
25785,2008-01-29,F,FORD MOTOR CO DEL,,,6.56000,6.80000,6.69000,41278600,0.002998,6.70000,6.71000,6.80000,0.002998
25785,2008-01-30,F,FORD MOTOR CO DEL,,,6.63000,6.94000,6.75000,37156000,0.008969,6.77000,6.78000,6.67000,0.008969
25785,2008-01-31,F,FORD MOTOR CO DEL,,,6.58000,6.75000,6.64000,48116700,-0.016296,6.62000,6.63000,6.68000,-0.016296
25785,2008-02-01,F,FORD MOTOR CO DEL,,,6.60000,6.90000,6.85000,37890800,0.031627,6.82000,6.83000,6.69000,0.031627
25785,2008-02-04,F,FORD MOTOR CO DEL,,,6.65000,6.93000,6.68000,36827600,-0.024818,6.68000,6.69000,6.85000,-0.024818
25785,2008-02-05,F,FORD MOTOR CO DEL,,,6.35000,6.62000,6.43000,36160600,-0.037425,6.44000,6.45000,6.60000,-0.037425
25785,2008-02-06,F,FORD MOTOR CO DEL,,,6.25000,6.42000,6.31000,39376400,-0.018663,6.30000,6.31000,6.36000,-0.018663
25785,2008-02-07,F,FORD MOTOR CO DEL,,,6.07000,6.30000,6.17000,56869600,-0.022187,6.16000,6.17000,6.26000,-0.022187
25785,2008-02-08,F,FORD MOTOR CO DEL,,,6.01000,6.18000,6.08000,32823700,-0.014587,6.07000,6.08000,6.14000,-0.014587
25785,2008-02-11,F,FORD MOTOR CO DEL,,,6.04000,6.51000,6.39000,53753100,0.050987,6.38000,6.39000,6.11000,0.050987
25785,2008-02-12,F,FORD MOTOR CO DEL,,,6.34000,6.73000,6.46000,59233700,0.010955,6.45000,6.46000,6.36000,0.010955
25785,2008-02-13,F,FORD MOTOR CO DEL,,,6.48000,6.62000,6.58000,28887700,0.018576,6.56000,6.57000,6.52000,0.018576
25785,2008-02-14,F,FORD MOTOR CO DEL,,,6.43000,6.59000,6.46000,24909500,-0.018237,6.47000,6.48000,6.56000,-0.018237
25785,2008-02-15,F,FORD MOTOR CO DEL,,,6.36000,6.47000,6.45000,22711300,-0.001548,6.45000,6.46000,6.44000,-0.001548
25785,2008-02-19,F,FORD MOTOR CO DEL,,,6.42000,6.58000,6.48000,29048300,0.004651,6.47000,6.48000,6.50000,0.004651
25785,2008-02-20,F,FORD MOTOR CO DEL,,,6.35000,6.45000,6.41000,24628900,-0.010802,6.41000,6.42000,6.43000,-0.010802
25785,2008-02-21,F,FORD MOTOR CO DEL,,,6.13000,6.44000,6.23000,56463200,-0.028081,6.23000,6.24000,6.42000,-0.028081
25785,2008-02-22,F,FORD MOTOR CO DEL,,,6.04000,6.26000,6.25000,31301100,0.003210,6.24000,6.25000,6.24000,0.003210
25785,2008-02-25,F,FORD MOTOR CO DEL,,,6.16000,6.51000,6.46000,32975400,0.033600,6.44000,6.45000,6.26000,0.033600
25785,2008-02-26,F,FORD MOTOR CO DEL,,,6.33000,6.55000,6.52000,31167600,0.009288,6.51000,6.52000,6.44000,0.009288
25785,2008-02-27,F,FORD MOTOR CO DEL,,,6.40000,6.60000,6.60000,39086800,0.012270,6.58000,6.59000,6.49000,0.012270
25785,2008-02-28,F,FORD MOTOR CO DEL,,,6.52000,6.68000,6.62000,42081400,0.003030,6.62000,6.63000,6.53000,0.003030
25785,2008-02-29,F,FORD MOTOR CO DEL,,,6.49000,6.62000,6.53000,47435500,-0.013595,6.52000,6.53000,6.57000,-0.013595
25785,2008-03-03,F,FORD MOTOR CO DEL,,,6.12000,6.42000,6.18000,44366800,-0.053599,6.19000,6.20000,6.42000,-0.053599
25785,2008-03-04,F,FORD MOTOR CO DEL,,,6.02000,6.19000,6.13000,38995600,-0.008091,6.13000,6.14000,6.10000,-0.008091
25785,2008-03-05,F,FORD MOTOR CO DEL,,,6.04000,6.23000,6.12000,37409800,-0.001631,6.10000,6.11000,6.17000,-0.001631
25785,2008-03-06,F,FORD MOTOR CO DEL,,,5.91000,6.11000,5.94000,34552600,-0.029412,5.93000,5.94000,6.08000,-0.029412
25785,2008-03-07,F,FORD MOTOR CO DEL,,,5.72000,6.02000,5.78000,43806000,-0.026936,5.78000,5.79000,5.88000,-0.026936
25785,2008-03-10,F,FORD MOTOR CO DEL,,,5.58000,6.00000,5.60000,48632400,-0.031142,5.61000,5.62000,5.85000,-0.031142
25785,2008-03-11,F,FORD MOTOR CO DEL,,,5.56000,5.93000,5.90000,78411500,0.053571,5.89000,5.90000,5.74000,0.053571
25785,2008-03-12,F,FORD MOTOR CO DEL,,,5.66000,5.91000,5.70000,60203800,-0.033898,5.69000,5.70000,5.89000,-0.033898
25785,2008-03-13,F,FORD MOTOR CO DEL,,,5.12000,5.64000,5.39000,125541100,-0.054386,5.38000,5.39000,5.64000,-0.054386
25785,2008-03-14,F,FORD MOTOR CO DEL,,,5.25000,5.49000,5.29000,80510700,-0.018553,5.28000,5.29000,5.45000,-0.018553
25785,2008-03-17,F,FORD MOTOR CO DEL,,,4.95000,5.26000,5.11000,69822900,-0.034026,5.11000,5.12000,5.02000,-0.034026
25785,2008-03-18,F,FORD MOTOR CO DEL,,,5.03000,5.42000,5.29000,76806900,0.035225,5.27000,5.28000,5.32000,0.035225
25785,2008-03-19,F,FORD MOTOR CO DEL,,,5.27000,5.54000,5.45000,71484400,0.030246,5.44000,5.45000,5.39000,0.030246
25785,2008-03-20,F,FORD MOTOR CO DEL,,,5.29000,5.73000,5.62000,175819200,0.031193,5.60000,5.61000,5.51000,0.031193
25785,2008-03-24,F,FORD MOTOR CO DEL,,,5.68000,6.02000,5.96000,55208500,0.060498,5.95000,5.96000,5.69000,0.060498
25785,2008-03-25,F,FORD MOTOR CO DEL,,,5.86000,6.10000,6.00000,56611800,0.006711,6.01000,6.02000,6.03000,0.006711
25785,2008-03-26,F,FORD MOTOR CO DEL,,,5.83000,6.09000,5.87000,57327400,-0.021667,5.86000,5.87000,6.09000,-0.021667
25785,2008-03-27,F,FORD MOTOR CO DEL,,,5.75000,5.96000,5.83000,61719800,-0.006814,5.82000,5.83000,5.93000,-0.006814
25785,2008-03-28,F,FORD MOTOR CO DEL,,,5.58000,5.90000,5.59000,39701900,-0.041166,5.58000,5.59000,5.89000,-0.041166
25785,2008-03-31,F,FORD MOTOR CO DEL,,,5.60000,5.76000,5.72000,42294600,0.023256,5.70000,5.71000,5.60000,0.023256
25785,2008-04-01,F,FORD MOTOR CO DEL,,,5.77000,5.98000,5.97000,55328500,0.043706,5.96000,5.97000,5.77000,0.043706
25785,2008-04-02,F,FORD MOTOR CO DEL,,,5.93000,6.33000,6.13000,65244500,0.026801,6.14000,6.15000,5.95000,0.026801
25785,2008-04-03,F,FORD MOTOR CO DEL,,,6.05000,6.46000,6.46000,67737000,0.053834,6.45000,6.46000,6.07000,0.053834
25785,2008-04-04,F,FORD MOTOR CO DEL,,,6.20000,6.52000,6.49000,66864200,0.004644,6.49000,6.50000,6.43000,0.004644
25785,2008-04-07,F,FORD MOTOR CO DEL,,,6.60000,6.87000,6.73000,70089600,0.036980,6.74000,6.75000,6.75000,0.036980
25785,2008-04-08,F,FORD MOTOR CO DEL,,,6.67000,7.02000,6.91000,111113700,0.026746,6.92000,6.94000,6.69000,0.026746
25785,2008-04-09,F,FORD MOTOR CO DEL,,,6.65000,7.00000,6.72000,55199600,-0.027496,6.71000,6.72000,6.94000,-0.027496
25785,2008-04-10,F,FORD MOTOR CO DEL,,,6.60000,6.82000,6.74000,47469200,0.002976,6.74000,6.76000,6.72000,0.002976
25785,2008-04-11,F,FORD MOTOR CO DEL,,,6.57000,6.78000,6.69000,46406900,-0.007418,6.69000,6.70000,6.59000,-0.007418
25785,2008-04-14,F,FORD MOTOR CO DEL,,,6.69000,6.83000,6.78000,39536100,0.013453,6.78000,6.79000,6.69000,0.013453
25785,2008-04-15,F,FORD MOTOR CO DEL,,,6.67000,6.91000,6.88000,44834200,0.014749,6.89000,6.90000,6.83000,0.014749
25785,2008-04-16,F,FORD MOTOR CO DEL,,,6.92000,7.21000,7.19000,63454400,0.045058,7.16000,7.17000,6.95000,0.045058
25785,2008-04-17,F,FORD MOTOR CO DEL,,,7.08000,7.31000,7.26000,64820100,0.009736,7.26000,7.27000,7.14000,0.009736
25785,2008-04-18,F,FORD MOTOR CO DEL,,,7.31000,7.50000,7.45000,95216500,0.026171,7.45000,7.47000,7.32000,0.026171
25785,2008-04-21,F,FORD MOTOR CO DEL,,,7.46000,7.77000,7.73000,75387200,0.037584,7.74000,7.75000,7.50000,0.037584
25785,2008-04-22,F,FORD MOTOR CO DEL,,,7.52000,7.86000,7.65000,63320500,-0.010349,7.65000,7.66000,7.70000,-0.010349
25785,2008-04-23,F,FORD MOTOR CO DEL,,,7.36000,7.83000,7.52000,83817300,-0.016993,7.50000,7.51000,7.76000,-0.016993
25785,2008-04-24,F,FORD MOTOR CO DEL,,,7.81000,8.79000,8.40000,241783000,0.117021,8.38000,8.39000,8.02000,0.117021
25785,2008-04-25,F,FORD MOTOR CO DEL,,,7.49000,8.23000,7.50000,227269700,-0.107143,7.50000,7.51000,8.20000,-0.107143
25785,2008-04-28,F,FORD MOTOR CO DEL,,,8.10000,8.42000,8.21000,170511600,0.094667,8.19000,8.20000,8.15000,0.094667
25785,2008-04-29,F,FORD MOTOR CO DEL,,,8.08000,8.38000,8.12000,63074800,-0.010962,8.12000,8.13000,8.22000,-0.010962
25785,2008-04-30,F,FORD MOTOR CO DEL,,,8.17000,8.42000,8.26000,66520600,0.017241,8.28000,8.29000,8.21000,0.017241
25785,2008-05-01,F,FORD MOTOR CO DEL,,,8.22000,8.54000,8.48000,63141500,0.026634,8.47000,8.48000,8.28000,0.026634
25785,2008-05-02,F,FORD MOTOR CO DEL,,,8.15000,8.68000,8.27000,75412100,-0.024764,8.26000,8.27000,8.55000,-0.024764
25785,2008-05-05,F,FORD MOTOR CO DEL,,,8.16000,8.38000,8.33000,38431000,0.007255,8.34000,8.35000,8.27000,0.007255
25785,2008-05-06,F,FORD MOTOR CO DEL,,,8.19000,8.30000,8.27000,37920900,-0.007203,8.26000,8.27000,8.27000,-0.007203
25785,2008-05-07,F,FORD MOTOR CO DEL,,,7.91000,8.31000,7.96000,58838300,-0.037485,7.96000,7.97000,8.28000,-0.037485
25785,2008-05-08,F,FORD MOTOR CO DEL,,,7.90000,8.22000,8.20000,48454700,0.030151,8.19000,8.20000,8.05000,0.030151
25785,2008-05-09,F,FORD MOTOR CO DEL,,,8.05000,8.33000,8.10000,41043900,-0.012195,8.09000,8.10000,8.20000,-0.012195
25785,2008-05-12,F,FORD MOTOR CO DEL,,,8.12000,8.22000,8.15000,28658000,0.006173,8.14000,8.15000,8.17000,0.006173
25785,2008-05-13,F,FORD MOTOR CO DEL,,,8.15000,8.29000,8.23000,38193200,0.009816,8.23000,8.24000,8.16000,0.009816
25785,2008-05-14,F,FORD MOTOR CO DEL,,,8.11000,8.37000,8.14000,36193800,-0.010936,8.11000,8.12000,8.25000,-0.010936
25785,2008-05-15,F,FORD MOTOR CO DEL,,,8.10000,8.24000,8.17000,42721400,0.003685,8.14000,8.15000,8.18000,0.003685
25785,2008-05-16,F,FORD MOTOR CO DEL,,,8.03000,8.25000,8.11000,41263300,-0.007344,8.09000,8.10000,8.21000,-0.007344
25785,2008-05-19,F,FORD MOTOR CO DEL,,,8.00000,8.18000,8.02000,36048400,-0.011097,8.00000,8.01000,8.12000,-0.011097
25785,2008-05-20,F,FORD MOTOR CO DEL,,,7.87000,8.03000,8.00000,43357100,-0.002494,7.99000,8.00000,8.02000,-0.002494
25785,2008-05-21,F,FORD MOTOR CO DEL,,,7.76000,8.03000,7.80000,43422900,-0.025000,7.81000,7.82000,8.03000,-0.025000
25785,2008-05-22,F,FORD MOTOR CO DEL,,,7.04000,7.49000,7.16000,106839400,-0.082051,7.15000,7.16000,7.49000,-0.082051
25785,2008-05-23,F,FORD MOTOR CO DEL,,,6.73000,7.00000,6.87000,66871600,-0.040503,6.89000,6.92000,6.99000,-0.040503
25785,2008-05-27,F,FORD MOTOR CO DEL,,,6.59000,7.00000,6.80000,71148900,-0.010189,6.79000,6.80000,6.79000,-0.010189
25785,2008-05-28,F,FORD MOTOR CO DEL,,,6.69000,7.02000,6.78000,50981200,-0.002941,6.75000,6.77000,6.93000,-0.002941
25785,2008-05-29,F,FORD MOTOR CO DEL,,,6.70000,6.82000,6.71000,28447800,-0.010325,6.70000,6.71000,6.79000,-0.010325
25785,2008-05-30,F,FORD MOTOR CO DEL,,,6.70000,6.92000,6.80000,55748300,0.013413,6.81000,6.82000,6.88000,0.013413
25785,2008-06-02,F,FORD MOTOR CO DEL,,,6.60000,6.93000,6.64000,51984300,-0.023529,6.65000,6.65000,6.85000,-0.023529
25785,2008-06-03,F,FORD MOTOR CO DEL,,,6.59000,6.75000,6.68000,56053200,0.006024,6.66000,6.68000,6.69000,0.006024
25785,2008-06-04,F,FORD MOTOR CO DEL,,,6.42500,6.69000,6.46000,56144000,-0.032934,6.48000,6.49000,6.64000,-0.032934
25785,2008-06-05,F,FORD MOTOR CO DEL,,,6.26000,6.50000,6.40000,48559300,-0.009288,6.38000,6.39000,6.48000,-0.009288
25785,2008-06-06,F,FORD MOTOR CO DEL,,,5.97000,6.35000,6.04000,64502800,-0.056250,6.06000,6.07000,6.35000,-0.056250
25785,2008-06-09,F,FORD MOTOR CO DEL,,,6.07000,6.36000,6.36000,50800100,0.052980,6.18000,6.19000,6.14000,0.052980
25785,2008-06-10,F,FORD MOTOR CO DEL,,,6.02000,6.25000,6.12000,34514100,-0.037736,6.13000,6.14000,6.25000,-0.037736
25785,2008-06-11,F,FORD MOTOR CO DEL,,,5.97000,6.15000,5.97000,42860200,-0.024510,5.97000,5.98000,6.13000,-0.024510
25785,2008-06-12,F,FORD MOTOR CO DEL,,,5.91000,6.15000,6.00000,32446300,0.005025,5.98000,6.00000,6.05000,0.005025
25785,2008-06-13,F,FORD MOTOR CO DEL,,,6.10000,6.30000,6.27000,59521300,0.045000,6.28000,6.28000,6.14000,0.045000
25785,2008-06-16,F,FORD MOTOR CO DEL,,,6.21000,6.55000,6.50000,63861600,0.036683,6.50000,6.51000,6.25000,0.036683
25785,2008-06-17,F,FORD MOTOR CO DEL,,,6.52000,6.75000,6.60000,56362600,0.015385,6.59000,6.60000,6.59000,0.015385
25785,2008-06-18,F,FORD MOTOR CO DEL,,,6.09000,6.51000,6.22000,96909900,-0.057576,6.22000,6.24000,6.50000,-0.057576
25785,2008-06-19,F,FORD MOTOR CO DEL,,,6.13000,6.35000,6.32000,39759300,0.016077,6.31000,6.32000,6.32000,0.016077
25785,2008-06-20,F,FORD MOTOR CO DEL,,,5.74000,6.29000,5.81000,97632800,-0.080696,5.78000,5.79000,6.24000,-0.080696
25785,2008-06-23,F,FORD MOTOR CO DEL,,,5.28000,5.89000,5.28000,81513400,-0.091222,5.28000,5.30000,5.89000,-0.091222
25785,2008-06-24,F,FORD MOTOR CO DEL,,,5.25000,5.49000,5.32000,109774500,0.007576,5.30000,5.31000,5.32000,0.007576
25785,2008-06-25,F,FORD MOTOR CO DEL,,,5.22000,5.47000,5.24000,40673000,-0.015038,5.25000,5.26000,5.36000,-0.015038
25785,2008-06-26,F,FORD MOTOR CO DEL,,,4.94000,5.16000,5.07000,82334600,-0.032443,5.04000,5.05000,5.07000,-0.032443
25785,2008-06-27,F,FORD MOTOR CO DEL,,,4.90000,5.12000,4.98000,55993200,-0.017752,4.96000,4.97000,5.07000,-0.017752
25785,2008-06-30,F,FORD MOTOR CO DEL,,,4.46000,5.28000,4.81000,76164700,-0.034137,4.83000,4.84000,4.99000,-0.034137
25785,2008-07-01,F,FORD MOTOR CO DEL,,,4.41000,4.95000,4.71000,125482600,-0.020790,4.74000,4.75000,4.71000,-0.020790
25785,2008-07-02,F,FORD MOTOR CO DEL,,,4.36000,4.81000,4.36000,64264600,-0.074310,4.38000,4.39000,4.74000,-0.074310
25785,2008-07-03,F,FORD MOTOR CO DEL,,,4.30000,4.53000,4.42000,32063300,0.013761,4.44000,4.45000,4.42000,0.013761
25785,2008-07-07,F,FORD MOTOR CO DEL,,,4.43000,4.67000,4.47000,51350600,0.011312,4.49000,4.50000,4.60000,0.011312
25785,2008-07-08,F,FORD MOTOR CO DEL,,,4.44000,4.97000,4.90000,72900500,0.096197,4.92000,4.93000,4.53000,0.096197
25785,2008-07-09,F,FORD MOTOR CO DEL,,,4.95000,5.17000,4.95000,78156200,0.010204,4.96000,4.98000,4.95000,0.010204
25785,2008-07-10,F,FORD MOTOR CO DEL,,,4.47000,5.06000,4.58000,77252100,-0.074747,4.56000,4.58000,5.06000,-0.074747
25785,2008-07-11,F,FORD MOTOR CO DEL,,,4.40000,5.07000,4.86000,74946000,0.061135,4.84000,4.85000,4.45000,0.061135
25785,2008-07-14,F,FORD MOTOR CO DEL,,,4.63000,5.00000,4.66000,39818100,-0.041152,4.69000,4.70000,4.97000,-0.041152
25785,2008-07-15,F,FORD MOTOR CO DEL,,,4.35000,4.93050,4.65000,77520700,-0.002146,4.65000,4.66000,4.60000,-0.002146
25785,2008-07-16,F,FORD MOTOR CO DEL,,,4.60000,5.53000,5.49000,96542600,0.180645,5.48000,5.49000,4.71000,0.180645
25785,2008-07-17,F,FORD MOTOR CO DEL,,,5.13000,5.62000,5.49000,72729400,0.000000,5.48000,5.49000,5.56000,0.000000
25785,2008-07-18,F,FORD MOTOR CO DEL,,,5.28000,5.54000,5.44000,39138700,-0.009107,5.42000,5.44000,5.43000,-0.009107
25785,2008-07-21,F,FORD MOTOR CO DEL,,,5.34000,5.56500,5.48000,40041900,0.007353,5.48000,5.49000,5.47000,0.007353
25785,2008-07-22,F,FORD MOTOR CO DEL,,,5.28000,5.92000,5.84000,54199800,0.065693,5.82000,5.83000,5.32000,0.065693
25785,2008-07-23,F,FORD MOTOR CO DEL,,,5.91000,6.33000,6.03000,70485600,0.032534,6.00000,6.02000,5.95000,0.032534
25785,2008-07-24,F,FORD MOTOR CO DEL,,,5.03000,5.85000,5.11000,98043400,-0.152570,5.11000,5.13000,5.78000,-0.152570
25785,2008-07-25,F,FORD MOTOR CO DEL,,,4.97000,5.28000,5.05000,66476200,-0.011742,5.03000,5.07000,5.22000,-0.011742
25785,2008-07-28,F,FORD MOTOR CO DEL,,,4.60370,5.14000,4.75000,83929100,-0.059406,4.75000,4.76000,5.05000,-0.059406
25785,2008-07-29,F,FORD MOTOR CO DEL,,,4.72000,5.02000,5.02000,57078100,0.056842,4.99000,5.00000,4.83000,0.056842
25785,2008-07-30,F,FORD MOTOR CO DEL,,,4.76000,5.21000,4.84000,57869300,-0.035857,4.81000,4.82000,5.12000,-0.035857
25785,2008-07-31,F,FORD MOTOR CO DEL,,,4.74000,5.00000,4.80000,43011700,-0.008264,4.84000,4.85000,4.74000,-0.008264
25785,2008-08-01,F,FORD MOTOR CO DEL,,,4.60000,4.93000,4.65000,54286700,-0.031250,4.63000,4.65000,4.80000,-0.031250
25785,2008-08-04,F,FORD MOTOR CO DEL,,,4.66000,4.90000,4.81000,30831400,0.034409,4.79000,4.80000,4.67000,0.034409
25785,2008-08-05,F,FORD MOTOR CO DEL,,,4.87000,5.09000,5.09000,61653500,0.058212,5.05000,5.06000,4.94000,0.058212
25785,2008-08-06,F,FORD MOTOR CO DEL,,,4.90000,5.10000,4.94000,59317100,-0.029470,4.92000,4.93000,5.10000,-0.029470
25785,2008-08-07,F,FORD MOTOR CO DEL,,,4.83000,5.05000,4.86000,36662100,-0.016194,4.87000,4.88000,4.91000,-0.016194
25785,2008-08-08,F,FORD MOTOR CO DEL,,,4.85000,5.36000,5.26000,44401400,0.082305,5.21000,5.22000,4.92000,0.082305
25785,2008-08-11,F,FORD MOTOR CO DEL,,,5.12000,5.50000,5.16000,40981600,-0.019011,5.17000,5.18000,5.24000,-0.019011
25785,2008-08-12,F,FORD MOTOR CO DEL,,,5.16000,5.45000,5.19000,37394600,0.005814,5.20000,5.21000,5.24000,0.005814
25785,2008-08-13,F,FORD MOTOR CO DEL,,,4.82000,5.27000,4.88000,67573900,-0.059730,4.88000,4.89000,5.27000,-0.059730
25785,2008-08-14,F,FORD MOTOR CO DEL,,,4.93000,5.20000,5.10000,38273200,0.045082,5.10000,5.11000,4.94000,0.045082
25785,2008-08-15,F,FORD MOTOR CO DEL,,,5.04000,5.22000,5.11000,32662900,0.001961,5.09000,5.10000,5.20000,0.001961
25785,2008-08-18,F,FORD MOTOR CO DEL,,,4.88000,5.13000,4.89000,36290900,-0.043053,4.90000,4.90000,5.13000,-0.043053
25785,2008-08-19,F,FORD MOTOR CO DEL,,,4.70000,4.90000,4.72000,39345300,-0.034765,4.73000,4.74000,4.90000,-0.034765
25785,2008-08-20,F,FORD MOTOR CO DEL,,,4.52000,4.83000,4.61000,49237900,-0.023305,4.60000,4.61000,4.80000,-0.023305
25785,2008-08-21,F,FORD MOTOR CO DEL,,,4.40000,4.58000,4.42000,60550900,-0.041215,4.40000,4.41000,4.54000,-0.041215
25785,2008-08-22,F,FORD MOTOR CO DEL,,,4.34990,4.60000,4.47000,55776100,0.011312,4.46000,4.47000,4.53000,0.011312
25785,2008-08-25,F,FORD MOTOR CO DEL,,,4.25000,4.52000,4.41000,70232400,-0.013423,4.39000,4.40000,4.46000,-0.013423
25785,2008-08-26,F,FORD MOTOR CO DEL,,,4.27000,4.43000,4.35000,49283500,-0.013605,4.33000,4.34000,4.40000,-0.013605
25785,2008-08-27,F,FORD MOTOR CO DEL,,,4.24000,4.42000,4.26000,71814100,-0.020690,4.27000,4.28000,4.35000,-0.020690
25785,2008-08-28,F,FORD MOTOR CO DEL,,,4.25000,4.44000,4.43000,52637300,0.039906,4.39000,4.40000,4.30000,0.039906
25785,2008-08-29,F,FORD MOTOR CO DEL,,,4.35000,4.59000,4.46000,37381100,0.006772,4.51000,4.52000,4.38000,0.006772
25785,2008-09-02,F,FORD MOTOR CO DEL,,,4.45000,4.81000,4.51000,53444400,0.011211,4.53000,4.54000,4.67000,0.011211
25785,2008-09-03,F,FORD MOTOR CO DEL,,,4.49000,4.69000,4.57000,83817500,0.013304,4.57000,4.58000,4.55000,0.013304
25785,2008-09-04,F,FORD MOTOR CO DEL,,,4.39000,4.65000,4.39000,87645400,-0.039387,4.42000,4.43000,4.54000,-0.039387
25785,2008-09-05,F,FORD MOTOR CO DEL,,,4.26000,4.42000,4.41000,60086300,0.004556,4.40000,4.41000,4.37000,0.004556
25785,2008-09-08,F,FORD MOTOR CO DEL,,,4.32000,4.69000,4.55000,72290700,0.031746,4.53000,4.54000,4.61000,0.031746
25785,2008-09-09,F,FORD MOTOR CO DEL,,,4.39000,4.67000,4.40000,51680400,-0.032967,4.40000,4.41000,4.58000,-0.032967
25785,2008-09-10,F,FORD MOTOR CO DEL,,,4.38000,4.50000,4.47000,39336900,0.015909,4.46000,4.46000,4.44000,0.015909
25785,2008-09-11,F,FORD MOTOR CO DEL,,,4.36000,4.75000,4.68000,85488100,0.046980,4.69000,4.70000,4.38000,0.046980
25785,2008-09-12,F,FORD MOTOR CO DEL,,,4.60000,4.99000,4.91000,130052100,0.049145,4.89000,4.91000,4.72000,0.049145
25785,2008-09-15,F,FORD MOTOR CO DEL,,,4.50000,5.07000,4.74000,103872200,-0.034623,4.78000,4.79000,4.61000,-0.034623
25785,2008-09-16,F,FORD MOTOR CO DEL,,,4.55000,5.18000,5.07000,99320500,0.069620,5.04000,5.05000,4.60000,0.069620
25785,2008-09-17,F,FORD MOTOR CO DEL,,,4.60000,5.04000,4.94000,123012900,-0.025641,5.00000,5.02000,5.00000,-0.025641
25785,2008-09-18,F,FORD MOTOR CO DEL,,,4.76000,5.35000,5.28000,110424100,0.068826,5.24000,5.25000,4.99000,0.068826
25785,2008-09-19,F,FORD MOTOR CO DEL,,,5.15000,5.70000,5.29000,91336100,0.001894,5.28000,5.29000,5.66000,0.001894
25785,2008-09-22,F,FORD MOTOR CO DEL,,,4.86000,5.34000,4.95000,51345900,-0.064272,4.91000,4.93000,5.34000,-0.064272
25785,2008-09-23,F,FORD MOTOR CO DEL,,,4.81000,5.05000,4.86000,21401200,-0.018182,4.84000,4.86000,5.05000,-0.018182
25785,2008-09-24,F,FORD MOTOR CO DEL,,,4.81000,5.03000,5.03000,28073400,0.034979,4.90000,5.02000,4.96000,0.034979
25785,2008-09-25,F,FORD MOTOR CO DEL,,,4.92000,5.20000,4.98000,27479200,-0.009940,5.00000,5.01000,5.05000,-0.009940
25785,2008-09-26,F,FORD MOTOR CO DEL,,,4.71990,5.00000,4.81000,37182700,-0.034137,4.94000,4.96000,4.85000,-0.034137
25785,2008-09-29,F,FORD MOTOR CO DEL,,,4.17000,4.90000,4.17000,35350600,-0.133056,4.56000,4.57000,4.80000,-0.133056
25785,2008-09-30,F,FORD MOTOR CO DEL,,,4.40000,5.20000,5.20000,43001400,0.247002,4.89000,4.90000,4.55000,0.247002
25785,2008-10-01,F,FORD MOTOR CO DEL,,,4.49000,4.95000,4.55000,38111500,-0.125000,4.53000,4.54000,4.75000,-0.125000
25785,2008-10-02,F,FORD MOTOR CO DEL,,,4.35000,4.61000,4.35000,28669600,-0.043956,4.36000,4.38000,4.51000,-0.043956
25785,2008-10-03,F,FORD MOTOR CO DEL,,,4.05000,4.47000,4.05000,43101300,-0.068965,4.14000,4.15000,4.47000,-0.068965
25785,2008-10-06,F,FORD MOTOR CO DEL,,,3.32000,4.02000,3.69000,64837600,-0.088889,3.69000,3.71000,3.99000,-0.088889
25785,2008-10-07,F,FORD MOTOR CO DEL,,,2.92000,3.90000,2.92000,71788600,-0.208672,2.98000,2.99000,3.79000,-0.208672
25785,2008-10-08,F,FORD MOTOR CO DEL,,,2.10000,5.47000,2.66000,127978300,-0.089041,2.66000,2.69000,2.96000,-0.089041
25785,2008-10-09,F,FORD MOTOR CO DEL,,,2.03000,3.00000,2.08000,130293400,-0.218045,2.13000,2.14000,2.88000,-0.218045
25785,2008-10-10,F,FORD MOTOR CO DEL,,,1.88000,2.55000,1.99000,196968900,-0.043269,2.01000,2.01000,2.07000,-0.043269
25785,2008-10-13,F,FORD MOTOR CO DEL,,,2.31000,2.98000,2.39000,121991300,0.201005,2.48000,2.49000,2.98000,0.201005
25785,2008-10-14,F,FORD MOTOR CO DEL,,,2.40000,2.97000,2.45000,82854600,0.025105,2.49000,2.51000,2.97000,0.025105
25785,2008-10-15,F,FORD MOTOR CO DEL,,,2.29000,2.55000,2.30000,54074200,-0.061225,2.29000,2.30000,2.52000,-0.061225
25785,2008-10-16,F,FORD MOTOR CO DEL,,,2.05000,2.48000,2.27000,69338800,-0.013043,2.26000,2.27000,2.48000,-0.013043
25785,2008-10-17,F,FORD MOTOR CO DEL,,,2.16000,2.54000,2.43000,65656700,0.070485,2.43000,2.44000,2.25000,0.070485
25785,2008-10-20,F,FORD MOTOR CO DEL,,,2.32000,2.61000,2.33000,45017600,-0.041152,2.35000,2.37000,2.55000,-0.041152
25785,2008-10-21,F,FORD MOTOR CO DEL,,,2.13000,2.31000,2.17000,51397300,-0.068669,2.18000,2.18000,2.22000,-0.068669
25785,2008-10-22,F,FORD MOTOR CO DEL,,,2.07000,2.21000,2.10000,43730200,-0.032258,2.11000,2.12000,2.19000,-0.032258
25785,2008-10-23,F,FORD MOTOR CO DEL,,,1.92000,2.16000,2.00000,71762300,-0.047619,1.99000,2.00000,2.16000,-0.047619
25785,2008-10-24,F,FORD MOTOR CO DEL,,,1.80000,2.08000,2.01000,65620300,0.005000,1.99000,2.00000,1.84000,0.005000
25785,2008-10-27,F,FORD MOTOR CO DEL,,,1.94000,2.09000,2.03000,35720800,0.009950,2.02000,2.03000,2.05000,0.009950
25785,2008-10-28,F,FORD MOTOR CO DEL,,,2.08000,2.24000,2.15000,58583000,0.059113,2.16000,2.17000,2.20000,0.059113
25785,2008-10-29,F,FORD MOTOR CO DEL,,,2.10000,2.28000,2.16000,77516600,0.004651,2.11000,2.12000,2.19000,0.004651
25785,2008-10-30,F,FORD MOTOR CO DEL,,,2.11000,2.28000,2.28000,65288100,0.055556,2.18000,2.19000,2.27000,0.055556
25785,2008-10-31,F,FORD MOTOR CO DEL,,,2.16990,2.30000,2.19000,64683900,-0.039474,2.20000,2.21000,2.21000,-0.039474
25785,2008-11-03,F,FORD MOTOR CO DEL,,,2.11000,2.25000,2.13000,46948400,-0.027397,2.13000,2.11000,2.25000,-0.027397
25785,2008-11-04,F,FORD MOTOR CO DEL,,,2.13000,2.23000,2.16000,63304200,0.014084,2.15000,2.16000,2.22000,0.014084
25785,2008-11-05,F,FORD MOTOR CO DEL,,,2.06000,2.23000,2.09000,51577100,-0.032407,2.09000,2.10000,2.23000,-0.032407
25785,2008-11-06,F,FORD MOTOR CO DEL,,,1.87000,2.12000,1.98000,90929800,-0.052632,1.98000,1.99000,2.11000,-0.052632
25785,2008-11-07,F,FORD MOTOR CO DEL,,,1.84000,2.10000,2.02000,93936400,0.020202,2.03000,2.04000,2.03000,0.020202
25785,2008-11-10,F,FORD MOTOR CO DEL,,,1.90000,2.12000,1.93000,58269500,-0.044554,1.93000,1.94000,2.08000,-0.044554
25785,2008-11-11,F,FORD MOTOR CO DEL,,,1.72000,2.00000,1.80000,72504400,-0.067358,1.79000,1.80000,1.99000,-0.067358
25785,2008-11-12,F,FORD MOTOR CO DEL,,,1.83000,2.00000,1.84000,50057400,0.022222,1.85000,1.86000,1.99000,0.022222
25785,2008-11-13,F,FORD MOTOR CO DEL,,,1.74000,1.93000,1.90000,47116900,0.032609,1.87000,1.89000,1.90000,0.032609
25785,2008-11-14,F,FORD MOTOR CO DEL,,,1.79000,1.89000,1.80000,35717500,-0.052632,1.80000,1.81000,1.86000,-0.052632
25785,2008-11-17,F,FORD MOTOR CO DEL,,,1.72000,1.88000,1.72000,39364500,-0.044444,1.74000,1.74000,1.86000,-0.044444
25785,2008-11-18,F,FORD MOTOR CO DEL,,,1.56000,1.77000,1.68000,51758600,-0.023256,1.61000,1.62000,1.76000,-0.023256
25785,2008-11-19,F,FORD MOTOR CO DEL,,,1.21000,1.71000,1.26000,127843400,-0.250000,1.26000,1.27000,1.65000,-0.250000
25785,2008-11-20,F,FORD MOTOR CO DEL,,,1.01000,1.87000,1.39000,198781000,0.103175,1.31000,1.36000,1.31000,0.103175
25785,2008-11-21,F,FORD MOTOR CO DEL,,,1.25000,1.55000,1.43000,132068300,0.028777,1.39000,1.42000,1.47000,0.028777
25785,2008-11-24,F,FORD MOTOR CO DEL,,,1.40000,1.85000,1.56000,131274100,0.090909,1.50000,1.51000,1.78000,0.090909
25785,2008-11-25,F,FORD MOTOR CO DEL,,,1.58000,1.72000,1.66000,79939100,0.064103,1.69000,1.70000,1.69000,0.064103
25785,2008-11-26,F,FORD MOTOR CO DEL,,,1.69000,2.23000,2.15000,173058100,0.295181,2.13000,2.14000,1.72000,0.295181
25785,2008-11-28,F,FORD MOTOR CO DEL,,,2.32000,2.74000,2.69000,119912700,0.251163,2.67000,2.68000,2.47000,0.251163
25785,2008-12-01,F,FORD MOTOR CO DEL,,,2.02000,3.01000,2.55000,291967700,-0.052045,2.59000,2.59000,3.00000,-0.052045
25785,2008-12-02,F,FORD MOTOR CO DEL,,,2.58000,2.90000,2.70000,198491200,0.058824,2.70000,2.72000,2.70000,0.058824
25785,2008-12-03,F,FORD MOTOR CO DEL,,,2.68000,2.97000,2.85000,152719100,0.055556,2.85000,2.86000,2.78000,0.055556
25785,2008-12-04,F,FORD MOTOR CO DEL,,,2.51000,2.96000,2.66000,141082400,-0.066667,2.65000,2.66000,2.82000,-0.066667
25785,2008-12-05,F,FORD MOTOR CO DEL,,,2.62000,2.88000,2.72000,99142700,0.022556,2.70000,2.71000,2.70000,0.022556
25785,2008-12-08,F,FORD MOTOR CO DEL,,,2.81000,3.54000,3.38000,268401600,0.242647,3.33000,3.34000,3.20000,0.242647
25785,2008-12-09,F,FORD MOTOR CO DEL,,,3.02000,3.32000,3.23000,137983600,-0.044379,3.24000,3.25000,3.28000,-0.044379
25785,2008-12-10,F,FORD MOTOR CO DEL,,,3.01000,3.42000,3.25000,141351200,0.006192,3.20000,3.21000,3.38000,0.006192
25785,2008-12-11,F,FORD MOTOR CO DEL,,,2.82000,3.14000,2.90000,93237900,-0.107692,2.96000,2.98000,3.12000,-0.107692
25785,2008-12-12,F,FORD MOTOR CO DEL,,,2.12000,3.21000,3.04000,211193500,0.048276,3.03000,3.05000,2.19000,0.048276
25785,2008-12-15,F,FORD MOTOR CO DEL,,,3.07000,3.25000,3.18000,69780400,0.046053,3.17000,3.18000,3.18000,0.046053
25785,2008-12-16,F,FORD MOTOR CO DEL,,,3.10000,3.25000,3.13000,60155400,-0.015723,3.13000,3.14000,3.25000,-0.015723
25785,2008-12-17,F,FORD MOTOR CO DEL,,,3.08000,3.17000,3.14000,52372300,0.003195,3.13000,3.14000,3.13000,0.003195
25785,2008-12-18,F,FORD MOTOR CO DEL,,,2.69000,3.14000,2.84000,109048100,-0.095541,2.83000,2.84000,3.14000,-0.095541
25785,2008-12-19,F,FORD MOTOR CO DEL,,,2.75000,3.25000,2.95000,143961700,0.038732,2.89000,2.90000,3.20000,0.038732
25785,2008-12-22,F,FORD MOTOR CO DEL,,,2.55000,2.90000,2.59000,67680600,-0.122034,2.60000,2.60000,2.90000,-0.122034
25785,2008-12-23,F,FORD MOTOR CO DEL,,,2.13000,2.51000,2.19000,103763800,-0.154440,2.18000,2.20000,2.48000,-0.154440
25785,2008-12-24,F,FORD MOTOR CO DEL,,,2.07000,2.25000,2.11000,37181700,-0.036530,2.11000,2.12000,2.21000,-0.036530
25785,2008-12-26,F,FORD MOTOR CO DEL,,,2.21000,2.35000,2.29000,40804300,0.085308,2.28000,2.29000,2.23000,0.085308
25785,2008-12-29,F,FORD MOTOR CO DEL,,,2.12000,2.45000,2.22000,47049600,-0.030568,2.20000,2.21000,2.41000,-0.030568
25785,2008-12-30,F,FORD MOTOR CO DEL,,,2.20000,2.34000,2.29000,39314900,0.031532,2.28000,2.29000,2.34000,0.031532
25785,2008-12-31,F,FORD MOTOR CO DEL,,,2.20000,2.30000,2.29000,39815500,0.000000,2.23000,2.25000,2.29000,0.000000
25785,2009-01-02,F,FORD MOTOR CO DEL,,,2.28000,2.49000,2.46000,42108600,0.074236,2.43000,2.44000,2.30000,0.074236
25785,2009-01-05,F,FORD MOTOR CO DEL,,,2.31000,2.64000,2.58000,73093200,0.048780,2.58000,2.58000,2.42000,0.048780
25785,2009-01-06,F,FORD MOTOR CO DEL,,,2.63000,2.85000,2.76000,58984200,0.069767,2.75000,2.76000,2.64000,0.069767
25785,2009-01-07,F,FORD MOTOR CO DEL,,,2.62000,2.82000,2.69000,43956900,-0.025362,2.67000,2.69000,2.72000,-0.025362
25785,2009-01-08,F,FORD MOTOR CO DEL,,,2.50000,2.70000,2.69000,51174500,0.000000,2.67000,2.68000,2.62000,0.000000
25785,2009-01-09,F,FORD MOTOR CO DEL,,,2.59000,2.73000,2.63000,39852200,-0.022305,2.62000,2.62000,2.63000,-0.022305
25785,2009-01-12,F,FORD MOTOR CO DEL,,,2.52000,2.69000,2.64000,47710700,0.003802,2.64000,2.65000,2.69000,0.003802
25785,2009-01-13,F,FORD MOTOR CO DEL,,,2.42000,2.64000,2.48000,40498600,-0.060606,2.46000,2.47000,2.60000,-0.060606
25785,2009-01-14,F,FORD MOTOR CO DEL,,,2.19000,2.43000,2.26000,56700200,-0.088710,2.25000,2.26000,2.41000,-0.088710
25785,2009-01-15,F,FORD MOTOR CO DEL,,,2.05000,2.35000,2.23000,69606100,-0.013274,2.23000,2.25000,2.27000,-0.013274
25785,2009-01-16,F,FORD MOTOR CO DEL,,,2.06000,2.36000,2.19000,60093200,-0.017937,2.16000,2.17000,2.34000,-0.017937
25785,2009-01-20,F,FORD MOTOR CO DEL,,,2.05000,2.25000,2.13000,51661900,-0.027397,2.09000,2.10000,2.22000,-0.027397
25785,2009-01-21,F,FORD MOTOR CO DEL,,,2.00000,2.19000,2.09000,75365100,-0.018779,2.08000,2.09000,2.18000,-0.018779
25785,2009-01-22,F,FORD MOTOR CO DEL,,,1.90000,2.07000,1.94000,52683400,-0.071770,1.93000,1.94000,2.04000,-0.071770
25785,2009-01-23,F,FORD MOTOR CO DEL,,,1.80000,1.93000,1.80000,71025700,-0.072165,1.83000,1.84000,1.90000,-0.072165
25785,2009-01-26,F,FORD MOTOR CO DEL,,,1.87000,2.06000,1.94000,50932900,0.077778,1.95000,1.96000,1.99000,0.077778
25785,2009-01-27,F,FORD MOTOR CO DEL,,,1.94000,2.04000,1.97000,31192700,0.015464,1.96000,1.97000,2.02000,0.015464
25785,2009-01-28,F,FORD MOTOR CO DEL,,,1.98000,2.06000,2.03000,34912300,0.030457,2.00000,2.03000,2.04000,0.030457
25785,2009-01-29,F,FORD MOTOR CO DEL,,,1.95000,2.03000,1.95000,30993300,-0.039409,1.95000,1.96000,2.03000,-0.039409
25785,2009-01-30,F,FORD MOTOR CO DEL,,,1.85000,1.99000,1.87000,35479900,-0.041026,1.87000,1.88000,1.99000,-0.041026
25785,2009-02-02,F,FORD MOTOR CO DEL,,,1.81000,1.93000,1.88000,32303700,0.005348,1.88000,1.90000,1.86000,0.005348
25785,2009-02-03,F,FORD MOTOR CO DEL,,,1.81000,1.97000,1.96000,34119500,0.042553,1.95000,1.96000,1.92000,0.042553
25785,2009-02-04,F,FORD MOTOR CO DEL,,,1.92000,2.02000,1.95000,24203600,-0.005102,1.94000,1.95000,1.98000,-0.005102
25785,2009-02-05,F,FORD MOTOR CO DEL,,,1.86000,1.97000,1.93000,17335000,-0.010256,1.92000,1.94000,1.94000,-0.010256
25785,2009-02-06,F,FORD MOTOR CO DEL,,,1.90000,1.99000,1.94000,21389600,0.005181,1.93000,1.93000,1.94000,0.005181
25785,2009-02-09,F,FORD MOTOR CO DEL,,,1.84000,1.96000,1.90000,27266800,-0.020619,1.89000,1.90000,1.96000,-0.020619
25785,2009-02-10,F,FORD MOTOR CO DEL,,,1.82000,1.92000,1.82000,28273800,-0.042105,1.82000,1.83000,1.91000,-0.042105
25785,2009-02-11,F,FORD MOTOR CO DEL,,,1.80000,1.88000,1.85000,30225000,0.016484,1.84000,1.85000,1.85000,0.016484
25785,2009-02-12,F,FORD MOTOR CO DEL,,,1.75000,1.85000,1.79000,23422500,-0.032432,1.78000,1.79000,1.83000,-0.032432
25785,2009-02-13,F,FORD MOTOR CO DEL,,,1.72000,1.83000,1.76000,23009400,-0.016760,1.75000,1.76000,1.82000,-0.016760
25785,2009-02-17,F,FORD MOTOR CO DEL,,,1.61000,1.75000,1.69000,32860200,-0.039773,1.68000,1.69000,1.70000,-0.039773
25785,2009-02-18,F,FORD MOTOR CO DEL,,,1.63000,1.79000,1.67000,25058500,-0.011834,1.66000,1.67000,1.78000,-0.011834
25785,2009-02-19,F,FORD MOTOR CO DEL,,,1.61000,1.70000,1.63000,19034200,-0.023952,1.62000,1.63000,1.69000,-0.023952
25785,2009-02-20,F,FORD MOTOR CO DEL,,,1.50000,1.61000,1.58000,37900500,-0.030675,1.57000,1.58000,1.60000,-0.030675
25785,2009-02-23,F,FORD MOTOR CO DEL,,,1.61000,1.91000,1.73000,44460500,0.094937,1.72000,1.73000,1.65000,0.094937
25785,2009-02-24,F,FORD MOTOR CO DEL,,,1.80000,2.00000,2.00000,35167900,0.156069,1.97000,1.99000,1.80000,0.156069
25785,2009-02-25,F,FORD MOTOR CO DEL,,,2.00000,2.16000,2.01000,54369700,0.005000,2.00000,2.01000,2.10000,0.005000
25785,2009-02-26,F,FORD MOTOR CO DEL,,,1.81000,2.09000,1.98000,32316500,-0.014925,1.98000,1.99000,2.08000,-0.014925
25785,2009-02-27,F,FORD MOTOR CO DEL,,,1.80000,2.00000,2.00000,31515500,0.010101,1.97000,1.97000,1.93000,0.010101
25785,2009-03-02,F,FORD MOTOR CO DEL,,,1.83000,1.94000,1.88000,19605500,-0.060000,1.87000,1.88000,1.91000,-0.060000
25785,2009-03-03,F,FORD MOTOR CO DEL,,,1.80000,1.91000,1.81000,15442600,-0.037234,1.80000,1.80000,1.91000,-0.037234
25785,2009-03-04,F,FORD MOTOR CO DEL,,,1.83000,1.90000,1.87000,22404100,0.033149,1.85000,1.87000,1.90000,0.033149
25785,2009-03-05,F,FORD MOTOR CO DEL,,,1.73000,2.00000,1.81000,47498200,-0.032086,1.82000,1.85000,1.75000,-0.032086
25785,2009-03-06,F,FORD MOTOR CO DEL,,,1.65000,1.91000,1.70000,35136600,-0.060773,1.70000,1.71000,1.83000,-0.060773
25785,2009-03-09,F,FORD MOTOR CO DEL,,,1.70000,1.85000,1.74000,32278800,0.023529,1.74000,1.75000,1.78000,0.023529
25785,2009-03-10,F,FORD MOTOR CO DEL,,,1.81000,1.89000,1.85000,31181600,0.063218,1.83000,1.85000,1.85000,0.063218
25785,2009-03-11,F,FORD MOTOR CO DEL,,,1.87000,2.00000,1.96000,43525700,0.059459,1.95000,1.96000,1.91000,0.059459
25785,2009-03-12,F,FORD MOTOR CO DEL,,,1.98000,2.10000,2.10000,46703800,0.071429,2.08000,2.09000,1.98000,0.071429
25785,2009-03-13,F,FORD MOTOR CO DEL,,,2.12000,2.25000,2.19000,53675900,0.042857,2.19000,2.20000,2.19000,0.042857
25785,2009-03-16,F,FORD MOTOR CO DEL,,,2.09000,2.30000,2.10000,44228000,-0.041096,2.10000,2.11000,2.28000,-0.041096
25785,2009-03-17,F,FORD MOTOR CO DEL,,,2.11000,2.30000,2.28000,43203300,0.085714,2.26000,2.28000,2.17000,0.085714
25785,2009-03-18,F,FORD MOTOR CO DEL,,,2.28000,2.65000,2.47000,92835400,0.083333,2.48000,2.52000,2.28000,0.083333
25785,2009-03-19,F,FORD MOTOR CO DEL,,,2.28000,2.78000,2.51000,61261300,0.016194,2.50000,2.51000,2.77000,0.016194
25785,2009-03-20,F,FORD MOTOR CO DEL,,,2.52000,2.75000,2.75000,57246600,0.095618,2.70000,2.71000,2.70000,0.095618
25785,2009-03-23,F,FORD MOTOR CO DEL,,,2.80000,2.90000,2.90000,45330900,0.054545,2.87000,2.88000,2.88000,0.054545
25785,2009-03-24,F,FORD MOTOR CO DEL,,,2.76000,2.95000,2.86000,40527200,-0.013793,2.82000,2.83000,2.83000,-0.013793
25785,2009-03-25,F,FORD MOTOR CO DEL,,,2.76000,2.99000,2.77000,51463000,-0.031469,2.79000,2.80000,2.90000,-0.031469
25785,2009-03-26,F,FORD MOTOR CO DEL,,,2.81000,2.94000,2.94000,38805600,0.061372,2.92000,2.93000,2.90000,0.061372
25785,2009-03-27,F,FORD MOTOR CO DEL,,,2.82000,2.98000,2.84000,32080900,-0.034014,2.83000,2.84000,2.96000,-0.034014
25785,2009-03-30,F,FORD MOTOR CO DEL,,,2.38000,2.88000,2.76000,63985200,-0.028169,2.76000,2.77000,2.73000,-0.028169
25785,2009-03-31,F,FORD MOTOR CO DEL,,,2.63000,2.87000,2.63000,45913500,-0.047101,2.65000,2.66000,2.84000,-0.047101
25785,2009-04-01,F,FORD MOTOR CO DEL,,,2.40000,2.80000,2.74000,68271400,0.041825,2.75000,2.76000,2.56000,0.041825
25785,2009-04-02,F,FORD MOTOR CO DEL,,,2.83000,2.95000,2.91000,68130400,0.062044,2.92000,2.93000,2.89000,0.062044
25785,2009-04-03,F,FORD MOTOR CO DEL,,,2.91000,3.25000,3.25000,111824600,0.116838,3.23000,3.24000,2.93000,0.116838
25785,2009-04-06,F,FORD MOTOR CO DEL,,,3.25000,4.00000,3.77000,231439200,0.160000,3.76000,3.77000,3.27000,0.160000
25785,2009-04-07,F,FORD MOTOR CO DEL,,,3.36000,3.74000,3.49000,112627100,-0.074271,3.49000,3.50000,3.70000,-0.074271
25785,2009-04-08,F,FORD MOTOR CO DEL,,,3.53000,4.05000,3.95000,261067500,0.131805,3.98000,3.98000,3.67000,0.131805
25785,2009-04-09,F,FORD MOTOR CO DEL,,,4.03000,4.41000,4.24000,131505400,0.073418,4.21000,4.22000,4.22000,0.073418
25785,2009-04-13,F,FORD MOTOR CO DEL,,,4.03000,4.32000,4.26000,73962400,0.004717,4.26000,4.27000,4.25000,0.004717
25785,2009-04-14,F,FORD MOTOR CO DEL,,,4.15000,4.33000,4.30000,64229300,0.009390,4.30000,4.30000,4.28000,0.009390
25785,2009-04-15,F,FORD MOTOR CO DEL,,,3.75000,4.25000,4.04000,88312500,-0.060465,4.03000,4.04000,4.23000,-0.060465
25785,2009-04-16,F,FORD MOTOR CO DEL,,,3.95000,4.20000,4.16000,59376400,0.029703,4.15000,4.16000,4.12000,0.029703
25785,2009-04-17,F,FORD MOTOR CO DEL,,,3.97000,4.21000,4.00000,55084200,-0.038462,4.00000,4.01000,4.19000,-0.038462
25785,2009-04-20,F,FORD MOTOR CO DEL,,,3.61000,3.91000,3.69000,57797600,-0.077500,3.69000,3.70000,3.91000,-0.077500
25785,2009-04-21,F,FORD MOTOR CO DEL,,,3.27000,3.84000,3.80000,93851800,0.029810,3.78000,3.79000,3.53000,0.029810
25785,2009-04-22,F,FORD MOTOR CO DEL,,,4.05000,4.42000,4.28000,145386700,0.126316,4.30000,4.27000,4.10000,0.126316
25785,2009-04-23,F,FORD MOTOR CO DEL,,,4.31000,4.51000,4.49000,115727900,0.049065,4.47000,4.48000,4.43000,0.049065
25785,2009-04-24,F,FORD MOTOR CO DEL,,,4.96000,5.45000,5.00000,287772600,0.113586,4.98000,4.99000,5.33000,0.113586
25785,2009-04-27,F,FORD MOTOR CO DEL,,,5.02000,5.42000,5.11000,111424400,0.022000,5.10000,5.11000,5.07000,0.022000
25785,2009-04-28,F,FORD MOTOR CO DEL,,,5.01000,5.40000,5.19000,73138900,0.015656,5.18000,5.19000,5.08000,0.015656
25785,2009-04-29,F,FORD MOTOR CO DEL,,,5.28000,5.45000,5.45000,70786200,0.050096,5.42000,5.43000,5.32000,0.050096
25785,2009-04-30,F,FORD MOTOR CO DEL,,,5.57000,5.99000,5.98000,186983700,0.097248,5.86000,5.87000,5.58000,0.097248
25785,2009-05-01,F,FORD MOTOR CO DEL,,,5.56000,6.00000,5.69000,102853300,-0.048495,5.67000,5.69000,5.99000,-0.048495
25785,2009-05-04,F,FORD MOTOR CO DEL,,,5.75000,5.94000,5.87500,58157900,0.032513,5.87000,5.88000,5.90000,0.032513
25785,2009-05-05,F,FORD MOTOR CO DEL,,,5.60000,5.91000,5.85000,70388700,-0.004255,5.86000,5.87000,5.82000,-0.004255
25785,2009-05-06,F,FORD MOTOR CO DEL,,,5.90000,6.29000,6.26000,95547200,0.070086,6.25000,6.26000,5.91000,0.070086
25785,2009-05-07,F,FORD MOTOR CO DEL,,,5.65000,6.54000,6.06000,95031100,-0.031949,6.07000,6.08000,6.51000,-0.031949
25785,2009-05-08,F,FORD MOTOR CO DEL,,,6.03000,6.30000,6.24000,63884400,0.029703,6.24000,6.25000,6.19000,0.029703
25785,2009-05-11,F,FORD MOTOR CO DEL,,,5.88000,6.26000,6.08000,64849100,-0.025641,6.07000,6.08000,6.09000,-0.025641
25785,2009-05-12,F,FORD MOTOR CO DEL,,,5.01000,5.77000,5.01000,217074100,-0.175987,5.31000,5.32000,5.74000,-0.175987
25785,2009-05-13,F,FORD MOTOR CO DEL,,,4.71000,4.97000,4.96000,541175500,-0.009980,4.95000,4.96000,4.77000,-0.009980
25785,2009-05-14,F,FORD MOTOR CO DEL,,,4.99000,5.36000,5.16000,207354300,0.040323,5.16000,5.17000,5.16000,0.040323
25785,2009-05-15,F,FORD MOTOR CO DEL,,,5.22000,5.50000,5.49000,128733300,0.063953,5.48000,5.48000,5.22000,0.063953
25785,2009-05-18,F,FORD MOTOR CO DEL,,,5.29000,5.70000,5.50000,121707200,0.001822,5.50000,5.51000,5.69000,0.001822
25785,2009-05-19,F,FORD MOTOR CO DEL,,,5.33000,5.69000,5.63000,92782400,0.023636,5.64000,5.65000,5.49000,0.023636
25785,2009-05-20,F,FORD MOTOR CO DEL,,,5.33000,5.75000,5.41000,95526100,-0.039076,5.39000,5.40000,5.66000,-0.039076
25785,2009-05-21,F,FORD MOTOR CO DEL,,,5.06000,5.39000,5.33000,78529400,-0.014787,5.33000,5.34000,5.25000,-0.014787
25785,2009-05-22,F,FORD MOTOR CO DEL,,,5.10000,5.37000,5.26000,50026700,-0.013133,5.24000,5.25000,5.37000,-0.013133
25785,2009-05-26,F,FORD MOTOR CO DEL,,,5.10000,5.41000,5.40000,66383200,0.026616,5.39000,5.40000,5.16000,0.026616
25785,2009-05-27,F,FORD MOTOR CO DEL,,,5.25000,5.53000,5.34000,55326900,-0.011111,5.33000,5.34000,5.48000,-0.011111
25785,2009-05-28,F,FORD MOTOR CO DEL,,,5.25000,5.56000,5.56000,63255000,0.041198,5.53000,5.54000,5.41000,0.041198
25785,2009-05-29,F,FORD MOTOR CO DEL,,,5.41000,5.75000,5.75000,99306400,0.034173,5.72000,5.73000,5.58000,0.034173
25785,2009-06-01,F,FORD MOTOR CO DEL,,,5.88000,6.23000,6.13000,111714500,0.066087,6.09000,6.10000,5.95000,0.066087
25785,2009-06-02,F,FORD MOTOR CO DEL,,,6.03000,6.46000,6.41000,134751900,0.045677,6.40000,6.41000,6.17000,0.045677
25785,2009-06-03,F,FORD MOTOR CO DEL,,,5.96000,6.31000,6.18000,111423600,-0.035881,6.14000,6.15000,6.30000,-0.035881
25785,2009-06-04,F,FORD MOTOR CO DEL,,,6.17000,6.40000,6.36000,83850700,0.029126,6.34000,6.35000,6.18000,0.029126
25785,2009-06-05,F,FORD MOTOR CO DEL,,,6.22000,6.53000,6.36000,85658900,0.000000,6.35000,6.36000,6.47000,0.000000
25785,2009-06-08,F,FORD MOTOR CO DEL,,,6.06000,6.46000,6.38000,85590300,0.003145,6.36000,6.38000,6.21000,0.003145
25785,2009-06-09,F,FORD MOTOR CO DEL,,,6.18000,6.44000,6.26000,84569300,-0.018809,6.26000,6.27000,6.38000,-0.018809
25785,2009-06-10,F,FORD MOTOR CO DEL,,,6.11000,6.43000,6.19000,90297100,-0.011182,6.19000,6.20000,6.32000,-0.011182
25785,2009-06-11,F,FORD MOTOR CO DEL,,,5.75000,6.24000,5.98000,133040800,-0.033926,5.99000,6.00000,6.15000,-0.033926
25785,2009-06-12,F,FORD MOTOR CO DEL,,,5.92000,6.15000,6.11000,54584200,0.021739,6.09000,6.10000,6.01000,0.021739
25785,2009-06-15,F,FORD MOTOR CO DEL,,,5.80000,6.04000,5.93000,65242700,-0.029460,5.92000,5.93000,6.02000,-0.029460
25785,2009-06-16,F,FORD MOTOR CO DEL,,,5.52000,5.95000,5.67000,87214000,-0.043845,5.65000,5.66000,5.94000,-0.043845
25785,2009-06-17,F,FORD MOTOR CO DEL,,,5.30000,5.85000,5.71000,87747700,0.007055,5.71000,5.72000,5.64000,0.007055
25785,2009-06-18,F,FORD MOTOR CO DEL,,,5.52000,5.81000,5.68000,57600300,-0.005254,5.66000,5.68000,5.78000,-0.005254
25785,2009-06-19,F,FORD MOTOR CO DEL,,,5.69000,5.96000,5.72000,69582700,0.007042,5.75000,5.76000,5.73000,0.007042
25785,2009-06-22,F,FORD MOTOR CO DEL,,,5.37000,5.79000,5.38000,57636000,-0.059441,5.38000,5.39000,5.67000,-0.059441
25785,2009-06-23,F,FORD MOTOR CO DEL,,,5.21000,5.59000,5.53000,60592600,0.027881,5.54000,5.55000,5.43000,0.027881
25785,2009-06-24,F,FORD MOTOR CO DEL,,,5.51000,5.90000,5.63000,72264700,0.018083,5.63000,5.65000,5.66000,0.018083
25785,2009-06-25,F,FORD MOTOR CO DEL,,,5.37000,5.75000,5.68000,62899600,0.008881,5.67000,5.68000,5.57000,0.008881
25785,2009-06-26,F,FORD MOTOR CO DEL,,,5.55000,5.80000,5.61000,68303900,-0.012324,5.62000,5.63000,5.65000,-0.012324
25785,2009-06-29,F,FORD MOTOR CO DEL,,,5.60000,5.96000,5.78000,73552200,0.030303,5.78000,5.80000,5.66000,0.030303
25785,2009-06-30,F,FORD MOTOR CO DEL,,,5.86000,6.16000,6.07000,85531300,0.050173,6.06000,6.07000,5.96000,0.050173
25785,2009-07-01,F,FORD MOTOR CO DEL,,,5.89000,6.25000,5.91000,95888200,-0.026359,5.92000,5.93000,6.12000,-0.026359
25785,2009-07-02,F,FORD MOTOR CO DEL,,,5.55000,6.08000,5.89000,73694700,-0.003384,5.94000,5.94000,5.83000,-0.003384
25785,2009-07-06,F,FORD MOTOR CO DEL,,,5.68000,6.05000,5.75000,73705200,-0.023769,5.76000,5.75000,5.87000,-0.023769
25785,2009-07-07,F,FORD MOTOR CO DEL,,,5.51000,5.75000,5.53000,68321900,-0.038261,5.52000,5.53000,5.74000,-0.038261
25785,2009-07-08,F,FORD MOTOR CO DEL,,,5.24000,5.61000,5.35000,67379800,-0.032550,5.35000,5.36000,5.55000,-0.032550
25785,2009-07-09,F,FORD MOTOR CO DEL,,,5.32000,5.76000,5.63000,60243600,0.052336,5.62000,5.63000,5.46000,0.052336
25785,2009-07-10,F,FORD MOTOR CO DEL,,,5.52000,5.75000,5.72000,47272700,0.015986,5.70000,5.71000,5.53000,0.015986
25785,2009-07-13,F,FORD MOTOR CO DEL,,,5.51000,5.74000,5.69000,46062800,-0.005245,5.68000,5.69000,5.72000,-0.005245
25785,2009-07-14,F,FORD MOTOR CO DEL,,,5.60000,5.89000,5.84000,56107600,0.026362,5.84000,5.84000,5.69000,0.026362
25785,2009-07-15,F,FORD MOTOR CO DEL,,,5.91000,6.06000,6.05000,64814100,0.035959,6.04000,6.05000,5.98000,0.035959
25785,2009-07-16,F,FORD MOTOR CO DEL,,,5.84000,6.14000,6.13000,66541200,0.013223,6.13000,6.14000,5.98000,0.013223
25785,2009-07-17,F,FORD MOTOR CO DEL,,,6.03000,6.22000,6.14000,62832200,0.001631,6.13000,6.14000,6.15000,0.001631
25785,2009-07-20,F,FORD MOTOR CO DEL,,,6.13000,6.30000,6.19000,64037700,0.008143,6.18000,6.19000,6.20000,0.008143
25785,2009-07-21,F,FORD MOTOR CO DEL,,,6.04000,6.30000,6.20000,57398700,0.001615,6.19000,6.20000,6.28000,0.001615
25785,2009-07-22,F,FORD MOTOR CO DEL,,,6.13000,6.48000,6.38000,91812900,0.029032,6.38000,6.39000,6.17000,0.029032
25785,2009-07-23,F,FORD MOTOR CO DEL,,,6.65000,7.10000,6.98000,269099700,0.094044,6.98000,6.98000,6.94000,0.094044
25785,2009-07-24,F,FORD MOTOR CO DEL,,,6.70000,6.92000,6.78000,99700500,-0.028653,6.78000,6.79000,6.90000,-0.028653
25785,2009-07-27,F,FORD MOTOR CO DEL,,,6.72000,7.29000,7.27000,104813200,0.072271,7.26000,7.27000,6.83000,0.072271
25785,2009-07-28,F,FORD MOTOR CO DEL,,,7.05000,7.28000,7.14000,68800900,-0.017882,7.12000,7.13000,7.20000,-0.017882
25785,2009-07-29,F,FORD MOTOR CO DEL,,,6.99000,7.32000,7.12000,74129700,-0.002801,7.11000,7.12000,7.08000,-0.002801
25785,2009-07-30,F,FORD MOTOR CO DEL,,,7.18000,7.48000,7.39000,88740900,0.037921,7.38000,7.39000,7.28000,0.037921
25785,2009-07-31,F,FORD MOTOR CO DEL,,,7.43000,8.00000,8.00000,156355200,0.082544,7.99000,8.00000,7.46000,0.082544
25785,2009-08-03,F,FORD MOTOR CO DEL,,,8.30000,8.86000,8.33000,246431700,0.041250,8.33000,8.34000,8.65000,0.041250
25785,2009-08-04,F,FORD MOTOR CO DEL,,,8.09000,8.51000,8.30000,122641600,-0.003601,8.31000,8.32000,8.40000,-0.003601
25785,2009-08-05,F,FORD MOTOR CO DEL,,,8.32000,8.58000,8.44000,97215200,0.016867,8.42000,8.43000,8.51000,0.016867
25785,2009-08-06,F,FORD MOTOR CO DEL,,,7.91000,8.55000,8.07000,132528900,-0.043839,8.07000,8.08000,8.52000,-0.043839
25785,2009-08-07,F,FORD MOTOR CO DEL,,,8.00000,8.34000,8.01000,95391800,-0.007435,8.02000,8.03000,8.33000,-0.007435
25785,2009-08-10,F,FORD MOTOR CO DEL,,,7.62000,7.96000,7.72000,90356700,-0.036205,7.71000,7.72000,7.94000,-0.036205
25785,2009-08-11,F,FORD MOTOR CO DEL,,,7.64000,7.93000,7.81000,81695300,0.011658,7.81000,7.82000,7.65000,0.011658
25785,2009-08-12,F,FORD MOTOR CO DEL,,,7.69000,7.97000,7.70000,73805200,-0.014085,7.70000,7.71000,7.85000,-0.014085
25785,2009-08-13,F,FORD MOTOR CO DEL,,,7.70000,7.92000,7.90000,88102800,0.025974,7.90000,7.91000,7.85000,0.025974
25785,2009-08-14,F,FORD MOTOR CO DEL,,,7.75000,8.01000,7.83000,58019400,-0.008861,7.83000,7.84000,7.98000,-0.008861
25785,2009-08-17,F,FORD MOTOR CO DEL,,,7.13000,7.62000,7.37000,78689200,-0.058748,7.36000,7.37000,7.51000,-0.058748
25785,2009-08-18,F,FORD MOTOR CO DEL,,,7.48000,7.75000,7.64000,72395400,0.036635,7.64000,7.65000,7.52000,0.036635
25785,2009-08-19,F,FORD MOTOR CO DEL,,,7.50000,7.75000,7.65000,47417500,0.001309,7.64000,7.65000,7.50000,0.001309
25785,2009-08-20,F,FORD MOTOR CO DEL,,,7.66000,7.74000,7.68000,29608300,0.003922,7.66000,7.67000,7.70000,0.003922
25785,2009-08-21,F,FORD MOTOR CO DEL,,,7.62000,7.83000,7.74000,55283200,0.007812,7.73000,7.74000,7.79000,0.007812
25785,2009-08-24,F,FORD MOTOR CO DEL,,,7.31000,7.81000,7.41000,93581400,-0.042636,7.40000,7.41000,7.75000,-0.042636
25785,2009-08-25,F,FORD MOTOR CO DEL,,,7.43000,7.65000,7.59000,53545600,0.024292,7.59000,7.60000,7.43000,0.024292
25785,2009-08-26,F,FORD MOTOR CO DEL,,,7.41000,7.64000,7.61000,44502200,0.002635,7.60000,7.61000,7.61000,0.002635
25785,2009-08-27,F,FORD MOTOR CO DEL,,,7.46000,7.71000,7.67000,62564700,0.007884,7.67000,7.68000,7.66000,0.007884
25785,2009-08-28,F,FORD MOTOR CO DEL,,,7.69000,7.80000,7.73000,44250400,0.007823,7.71000,7.72000,7.73000,0.007823
25785,2009-08-31,F,FORD MOTOR CO DEL,,,7.47000,7.64000,7.60000,43810400,-0.016818,7.59000,7.60000,7.60000,-0.016818
25785,2009-09-01,F,FORD MOTOR CO DEL,,,7.13000,7.77000,7.24000,102771200,-0.047368,7.22000,7.23000,7.51000,-0.047368
25785,2009-09-02,F,FORD MOTOR CO DEL,,,6.87000,7.21000,7.03000,65920200,-0.029005,7.03000,7.03000,7.18000,-0.029005
25785,2009-09-03,F,FORD MOTOR CO DEL,,,6.97000,7.52000,7.48000,87169900,0.064011,7.47000,7.48000,7.14000,0.064011
25785,2009-09-04,F,FORD MOTOR CO DEL,,,7.27000,7.55000,7.43000,42539800,-0.006685,7.42000,7.43000,7.49000,-0.006685
25785,2009-09-08,F,FORD MOTOR CO DEL,,,7.27000,7.55000,7.30000,45510100,-0.017497,7.30000,7.32000,7.53000,-0.017497
25785,2009-09-09,F,FORD MOTOR CO DEL,,,7.25000,7.52000,7.39000,47496000,0.012329,7.39000,7.40000,7.32000,0.012329
25785,2009-09-10,F,FORD MOTOR CO DEL,,,7.35000,7.48000,7.44000,34041100,0.006766,7.44000,7.45000,7.43000,0.006766
25785,2009-09-11,F,FORD MOTOR CO DEL,,,7.30000,7.54000,7.33000,48787900,-0.014785,7.32000,7.33000,7.46000,-0.014785
25785,2009-09-14,F,FORD MOTOR CO DEL,,,7.18000,7.40000,7.39000,34524400,0.008186,7.37000,7.38000,7.30000,0.008186
25785,2009-09-15,F,FORD MOTOR CO DEL,,,7.20000,7.44000,7.20000,50771400,-0.025710,7.21000,7.22000,7.39000,-0.025710
25785,2009-09-16,F,FORD MOTOR CO DEL,,,7.02000,7.36000,7.15000,107442600,-0.006944,7.15000,7.15000,7.34000,-0.006944
25785,2009-09-17,F,FORD MOTOR CO DEL,,,6.85000,7.25000,6.92000,103372200,-0.032168,6.91000,6.92000,7.05000,-0.032168
25785,2009-09-18,F,FORD MOTOR CO DEL,,,6.93000,7.06000,6.94000,53331200,0.002890,6.95000,6.96000,6.99000,0.002890
25785,2009-09-21,F,FORD MOTOR CO DEL,,,6.75000,6.92000,6.83000,52822100,-0.015850,6.82000,6.82000,6.88000,-0.015850
25785,2009-09-22,F,FORD MOTOR CO DEL,,,6.90000,7.09000,7.01000,55582000,0.026354,7.00000,7.01000,6.92000,0.026354
25785,2009-09-23,F,FORD MOTOR CO DEL,,,7.18000,7.59000,7.36000,139441300,0.049929,7.37000,7.38000,7.20000,0.049929
25785,2009-09-24,F,FORD MOTOR CO DEL,,,7.21000,7.55000,7.33000,88410600,-0.004076,7.32000,7.33000,7.53000,-0.004076
25785,2009-09-25,F,FORD MOTOR CO DEL,,,7.20000,7.46000,7.29000,61908900,-0.005457,7.30000,7.31000,7.34000,-0.005457
25785,2009-09-28,F,FORD MOTOR CO DEL,,,7.33000,7.50000,7.49000,45883900,0.027435,7.48000,7.49000,7.36000,0.027435
25785,2009-09-29,F,FORD MOTOR CO DEL,,,7.36000,7.50000,7.45000,46727700,-0.005340,7.46000,7.45000,7.49000,-0.005340
25785,2009-09-30,F,FORD MOTOR CO DEL,,,7.14000,7.50000,7.21000,95959500,-0.032215,7.21000,7.22000,7.48000,-0.032215
25785,2009-10-01,F,FORD MOTOR CO DEL,,,6.97000,7.25000,6.97000,101530900,-0.033287,6.97000,6.98000,7.18000,-0.033287
25785,2009-10-02,F,FORD MOTOR CO DEL,,,6.61000,6.99000,6.84000,55825100,-0.018651,6.84000,6.85000,6.81000,-0.018651
25785,2009-10-05,F,FORD MOTOR CO DEL,,,6.84000,7.08000,7.05000,42701500,0.030702,7.04000,7.05000,6.94000,0.030702
25785,2009-10-06,F,FORD MOTOR CO DEL,,,7.04000,7.22000,7.14000,48500800,0.012766,7.12000,7.13000,7.18000,0.012766
25785,2009-10-07,F,FORD MOTOR CO DEL,,,7.00100,7.14000,7.13000,33868900,-0.001401,7.12000,7.13000,7.11000,-0.001401
25785,2009-10-08,F,FORD MOTOR CO DEL,,,7.11000,7.27000,7.18000,78354900,0.007013,7.17000,7.18000,7.19000,0.007013
25785,2009-10-09,F,FORD MOTOR CO DEL,,,7.05000,7.16000,7.12000,32612900,-0.008357,7.10000,7.11000,7.15000,-0.008357
25785,2009-10-12,F,FORD MOTOR CO DEL,,,7.16000,7.83000,7.62000,152372700,0.070225,7.62000,7.63000,7.19000,0.070225
25785,2009-10-13,F,FORD MOTOR CO DEL,,,7.51000,7.88000,7.62000,100372000,0.000000,7.61000,7.62000,7.58000,0.000000
25785,2009-10-14,F,FORD MOTOR CO DEL,,,7.61000,7.81000,7.66000,58858100,0.005249,7.66000,7.68000,7.80000,0.005249
25785,2009-10-15,F,FORD MOTOR CO DEL,,,7.61000,7.74000,7.66000,40371200,0.000000,7.65000,7.66000,7.61000,0.000000
25785,2009-10-16,F,FORD MOTOR CO DEL,,,7.40000,7.59000,7.42000,47371300,-0.031332,7.42000,7.43000,7.56000,-0.031332
25785,2009-10-19,F,FORD MOTOR CO DEL,,,7.42000,7.68000,7.57000,62833900,0.020216,7.56000,7.57000,7.54000,0.020216
25785,2009-10-20,F,FORD MOTOR CO DEL,,,7.65000,7.83000,7.71000,50104000,0.018494,7.70000,7.71000,7.66000,0.018494
25785,2009-10-21,F,FORD MOTOR CO DEL,,,7.65000,7.98000,7.78000,69777100,0.009079,7.78000,7.79000,7.69000,0.009079
25785,2009-10-22,F,FORD MOTOR CO DEL,,,7.62000,7.87000,7.76000,53432400,-0.002571,7.75000,7.76000,7.73000,-0.002571
25785,2009-10-23,F,FORD MOTOR CO DEL,,,7.55000,7.84000,7.63000,47705600,-0.016753,7.63000,7.64000,7.82000,-0.016753
25785,2009-10-26,F,FORD MOTOR CO DEL,,,7.40000,7.84000,7.47000,60580300,-0.020970,7.47000,7.48000,7.70000,-0.020970
25785,2009-10-27,F,FORD MOTOR CO DEL,,,7.17000,7.53000,7.33000,72986700,-0.018742,7.31000,7.32000,7.48000,-0.018742
25785,2009-10-28,F,FORD MOTOR CO DEL,,,6.88990,7.34000,6.96000,94665300,-0.050477,6.97000,6.98000,7.27000,-0.050477
25785,2009-10-29,F,FORD MOTOR CO DEL,,,7.06000,7.35000,7.30000,69469900,0.048851,7.28000,7.29000,7.14000,0.048851
25785,2009-10-30,F,FORD MOTOR CO DEL,,,6.81000,7.30000,7.00000,95737400,-0.041096,7.02000,7.03000,7.28000,-0.041096
25785,2009-11-02,F,FORD MOTOR CO DEL,,,7.35000,7.84000,7.58000,208718300,0.082857,7.57000,7.58000,7.73000,0.082857
25785,2009-11-03,F,FORD MOTOR CO DEL,,,7.31000,7.67000,7.44000,193783100,-0.018470,7.46000,7.47000,7.35000,-0.018470
25785,2009-11-04,F,FORD MOTOR CO DEL,,,7.24000,7.43000,7.27000,240095200,-0.022849,7.28000,7.29000,7.35000,-0.022849
25785,2009-11-05,F,FORD MOTOR CO DEL,,,7.32000,7.50000,7.45000,125050100,0.024759,7.44000,7.45000,7.36000,0.024759
25785,2009-11-06,F,FORD MOTOR CO DEL,,,7.34000,7.75000,7.75000,159975700,0.040268,7.74000,7.75000,7.40000,0.040268
25785,2009-11-09,F,FORD MOTOR CO DEL,,,7.75000,8.18000,8.18000,203287900,0.055484,8.17000,8.18000,7.78000,0.055484
25785,2009-11-10,F,FORD MOTOR CO DEL,,,8.04000,8.35000,8.24000,136649700,0.007335,8.23000,8.24000,8.15000,0.007335
25785,2009-11-11,F,FORD MOTOR CO DEL,,,8.26000,8.40000,8.33000,89390000,0.010922,8.33000,8.34000,8.33000,0.010922
25785,2009-11-12,F,FORD MOTOR CO DEL,,,8.17000,8.44000,8.20000,86560200,-0.015606,8.20000,8.21000,8.25000,-0.015606
25785,2009-11-13,F,FORD MOTOR CO DEL,,,8.24000,8.45000,8.41000,86202100,0.025610,8.42000,8.43000,8.25000,0.025610
25785,2009-11-16,F,FORD MOTOR CO DEL,,,8.50000,8.79000,8.71000,121769200,0.035672,8.71000,8.72000,8.51000,0.035672
25785,2009-11-17,F,FORD MOTOR CO DEL,,,8.75000,9.00000,8.98000,126809600,0.030999,8.97000,8.98000,8.78000,0.030999
25785,2009-11-18,F,FORD MOTOR CO DEL,,,8.80000,9.14000,8.94000,120432700,-0.004454,8.93000,8.94000,9.00000,-0.004454
25785,2009-11-19,F,FORD MOTOR CO DEL,,,8.55000,8.82000,8.73000,90625700,-0.023490,8.73000,8.74000,8.82000,-0.023490
25785,2009-11-20,F,FORD MOTOR CO DEL,,,8.58000,8.78000,8.64000,59314700,-0.010309,8.62000,8.63000,8.63000,-0.010309
25785,2009-11-23,F,FORD MOTOR CO DEL,,,8.67000,8.91000,8.73000,61341700,0.010417,8.72000,8.73000,8.84000,0.010417
25785,2009-11-24,F,FORD MOTOR CO DEL,,,8.65000,8.83000,8.81000,47088300,0.009164,8.82000,8.83000,8.80000,0.009164
25785,2009-11-25,F,FORD MOTOR CO DEL,,,8.76000,8.90000,8.81000,26922500,0.000000,8.81000,8.82000,8.87000,0.000000
25785,2009-11-27,F,FORD MOTOR CO DEL,,,8.40000,8.81000,8.73000,42185200,-0.009081,8.74000,8.75000,8.50000,-0.009081
25785,2009-11-30,F,FORD MOTOR CO DEL,,,8.67000,8.92500,8.89000,58900100,0.018328,8.90000,8.91000,8.78000,0.018328
25785,2009-12-01,F,FORD MOTOR CO DEL,,,8.81000,9.07000,8.88000,104011700,-0.001125,8.88000,8.89000,9.01000,-0.001125
25785,2009-12-02,F,FORD MOTOR CO DEL,,,8.91000,9.07000,9.01000,63656500,0.014640,9.01000,9.01000,8.94000,0.014640
25785,2009-12-03,F,FORD MOTOR CO DEL,,,8.89000,9.11000,8.94000,57935300,-0.007769,8.93000,8.94000,9.05000,-0.007769
25785,2009-12-04,F,FORD MOTOR CO DEL,,,8.78000,9.14000,8.94000,79533400,0.000000,8.93000,8.94000,9.10000,0.000000
25785,2009-12-07,F,FORD MOTOR CO DEL,,,8.80000,9.00000,8.91000,41476200,-0.003356,8.90000,8.91000,8.90000,-0.003356
25785,2009-12-08,F,FORD MOTOR CO DEL,,,8.76000,8.89000,8.82000,57472900,-0.010101,8.81000,8.82000,8.87000,-0.010101
25785,2009-12-09,F,FORD MOTOR CO DEL,,,8.80000,9.01000,8.86000,52861800,0.004535,8.85000,8.86000,8.87000,0.004535
25785,2009-12-10,F,FORD MOTOR CO DEL,,,8.90000,9.09000,9.05000,63643600,0.021445,9.05000,9.06000,8.94000,0.021445
25785,2009-12-11,F,FORD MOTOR CO DEL,,,8.98000,9.10000,9.00000,63474700,-0.005525,9.00000,9.01000,9.09000,-0.005525
25785,2009-12-14,F,FORD MOTOR CO DEL,,,8.97000,9.10000,9.08000,37983700,0.008889,9.09000,9.10000,9.00000,0.008889
25785,2009-12-15,F,FORD MOTOR CO DEL,,,9.03000,9.46000,9.39000,109417800,0.034141,9.38000,9.39000,9.04000,0.034141
25785,2009-12-16,F,FORD MOTOR CO DEL,,,9.41000,9.64000,9.49000,71460500,0.010650,9.49000,9.50000,9.44000,0.010650
25785,2009-12-17,F,FORD MOTOR CO DEL,,,9.33000,9.56000,9.39000,55724500,-0.010537,9.39000,9.40000,9.49000,-0.010537
25785,2009-12-18,F,FORD MOTOR CO DEL,,,9.47000,9.73000,9.68000,88033000,0.030884,9.69000,9.70000,9.56000,0.030884
25785,2009-12-21,F,FORD MOTOR CO DEL,,,9.63000,9.80000,9.67000,53385700,-0.001033,9.66000,9.67000,9.77000,-0.001033
25785,2009-12-22,F,FORD MOTOR CO DEL,,,9.71000,9.90000,9.90000,50860300,0.023785,9.89000,9.90000,9.79000,0.023785
25785,2009-12-23,F,FORD MOTOR CO DEL,,,9.93000,10.11000,10.08000,64814900,0.018182,10.08000,10.09000,10.01000,0.018182
25785,2009-12-24,F,FORD MOTOR CO DEL,,,10.06000,10.20000,10.13000,24895600,0.004960,10.13000,10.14000,10.17000,0.004960
25785,2009-12-28,F,FORD MOTOR CO DEL,,,10.15000,10.37000,10.20000,53979900,0.006910,10.19000,10.20000,10.18000,0.006910
25785,2009-12-29,F,FORD MOTOR CO DEL,,,10.09000,10.29000,10.11000,40821600,-0.008824,10.10000,10.11000,10.27000,-0.008824
25785,2009-12-30,F,FORD MOTOR CO DEL,,,9.89000,10.08000,9.99000,46699600,-0.011869,9.98000,9.99000,10.05000,-0.011869
25785,2009-12-31,F,FORD MOTOR CO DEL,,,9.92000,10.06000,10.00000,31253700,0.001001,9.99000,10.00000,10.04000,0.001001
25785,2010-01-04,F,FORD MOTOR CO DEL,,,10.04550,10.28000,10.28000,60855800,0.028000,10.27000,10.28000,10.17000,0.028000
25785,2010-01-05,F,FORD MOTOR CO DEL,,,10.40000,11.24000,10.96000,215620100,0.066148,10.95000,10.96000,10.45000,0.066148
25785,2010-01-06,F,FORD MOTOR CO DEL,,,11.13000,11.46000,11.37000,200070600,0.037409,11.37000,11.38000,11.21000,0.037409
25785,2010-01-07,F,FORD MOTOR CO DEL,,,11.32000,11.69000,11.66000,130201600,0.025506,11.68000,11.69000,11.46000,0.025506
25785,2010-01-08,F,FORD MOTOR CO DEL,,,11.46000,11.74000,11.69000,130462900,0.002573,11.69000,11.70000,11.67000,0.002573
25785,2010-01-11,F,FORD MOTOR CO DEL,,,11.78000,12.14000,12.11000,170626200,0.035928,12.12000,12.13000,11.90000,0.035928
25785,2010-01-12,F,FORD MOTOR CO DEL,,,11.72000,12.03000,11.87000,162995900,-0.019818,11.86000,11.87000,11.98000,-0.019818
25785,2010-01-13,F,FORD MOTOR CO DEL,,,11.47000,11.93000,11.68000,154527000,-0.016007,11.69000,11.70000,11.91000,-0.016007
25785,2010-01-14,F,FORD MOTOR CO DEL,,,11.51000,11.86000,11.76000,116572700,0.006849,11.77000,11.77000,11.65000,0.006849
25785,2010-01-15,F,FORD MOTOR CO DEL,,,11.55000,11.76000,11.60000,96174700,-0.013605,11.60000,11.61000,11.74000,-0.013605
25785,2010-01-19,F,FORD MOTOR CO DEL,,,11.46000,11.83000,11.75000,65933900,0.012931,11.74000,11.75000,11.51000,0.012931
25785,2010-01-20,F,FORD MOTOR CO DEL,,,11.50000,11.69000,11.51000,71649400,-0.020426,11.51000,11.51000,11.68000,-0.020426
25785,2010-01-21,F,FORD MOTOR CO DEL,,,11.01000,11.62000,11.18000,121451400,-0.028671,11.16000,11.17000,11.53000,-0.028671
25785,2010-01-22,F,FORD MOTOR CO DEL,,,10.41000,11.12000,10.52000,161530000,-0.059034,10.51000,10.52000,11.01000,-0.059034
25785,2010-01-25,F,FORD MOTOR CO DEL,,,10.61000,11.10000,11.03000,121621400,0.048479,11.02000,11.03000,10.73000,0.048479
25785,2010-01-26,F,FORD MOTOR CO DEL,,,11.07000,11.46000,11.19000,108250400,0.014506,11.19000,11.20000,11.17000,0.014506
25785,2010-01-27,F,FORD MOTOR CO DEL,,,11.22000,11.62000,11.55000,105091500,0.032172,11.54000,11.55000,11.57000,0.032172
25785,2010-01-28,F,FORD MOTOR CO DEL,,,11.27000,11.95000,11.41000,203466700,-0.012121,11.41000,11.42000,11.90000,-0.012121
25785,2010-01-29,F,FORD MOTOR CO DEL,,,10.70000,11.61000,10.84000,159741200,-0.049956,10.84000,10.85000,11.60000,-0.049956
25785,2010-02-01,F,FORD MOTOR CO DEL,,,10.93000,11.18000,11.12000,82748100,0.025830,11.11000,11.12000,11.14000,0.025830
25785,2010-02-02,F,FORD MOTOR CO DEL,,,11.19000,11.52000,11.39000,119785400,0.024281,11.37000,11.38000,11.26000,0.024281
25785,2010-02-03,F,FORD MOTOR CO DEL,,,11.42000,11.66000,11.64000,90125500,0.021949,11.64000,11.65000,11.49000,0.021949
25785,2010-02-04,F,FORD MOTOR CO DEL,,,11.00000,11.53000,11.06000,129792100,-0.049828,11.02000,11.03000,11.49000,-0.049828
25785,2010-02-05,F,FORD MOTOR CO DEL,,,10.49000,11.11000,10.91000,181535200,-0.013562,10.89000,10.90000,10.97000,-0.013562
25785,2010-02-08,F,FORD MOTOR CO DEL,,,10.88000,11.32000,10.97000,92031300,0.005500,10.97000,10.98000,11.09000,0.005500
25785,2010-02-09,F,FORD MOTOR CO DEL,,,11.02000,11.22000,11.15000,83207100,0.016408,11.14000,11.15000,11.18000,0.016408
25785,2010-02-10,F,FORD MOTOR CO DEL,,,10.90000,11.14000,10.94000,73395600,-0.018834,10.93000,10.94000,11.12000,-0.018834
25785,2010-02-11,F,FORD MOTOR CO DEL,,,10.88000,11.18500,11.18000,65116200,0.021938,11.17000,11.18000,11.00000,0.021938
25785,2010-02-12,F,FORD MOTOR CO DEL,,,10.85000,11.18000,11.12000,69465400,-0.005367,11.13000,11.14000,10.92000,-0.005367
25785,2010-02-16,F,FORD MOTOR CO DEL,,,11.11000,11.38000,11.32000,62537500,0.017986,11.33000,11.34000,11.21000,0.017986
25785,2010-02-17,F,FORD MOTOR CO DEL,,,11.35000,11.52000,11.49000,65983100,0.015018,11.49000,11.50000,11.43000,0.015018
25785,2010-02-18,F,FORD MOTOR CO DEL,,,11.29000,11.48000,11.38000,53406700,-0.009574,11.36000,11.37000,11.41000,-0.009574
25785,2010-02-19,F,FORD MOTOR CO DEL,,,11.26000,11.40000,11.29000,46990000,-0.007909,11.27000,11.28000,11.35000,-0.007909
25785,2010-02-22,F,FORD MOTOR CO DEL,,,11.18000,11.38000,11.21000,41993100,-0.007086,11.20000,11.21000,11.36000,-0.007086
25785,2010-02-23,F,FORD MOTOR CO DEL,,,11.15000,11.63000,11.60000,114688400,0.034790,11.60000,11.61000,11.18000,0.034790
25785,2010-02-24,F,FORD MOTOR CO DEL,,,11.65000,11.88000,11.73000,84200700,0.011207,11.71000,11.72000,11.72000,0.011207
25785,2010-02-25,F,FORD MOTOR CO DEL,,,11.40000,11.83000,11.78000,83114400,0.004263,11.77000,11.78000,11.53000,0.004263
25785,2010-02-26,F,FORD MOTOR CO DEL,,,11.61000,11.85000,11.74000,72368400,-0.003396,11.72000,11.73000,11.83000,-0.003396
25785,2010-03-01,F,FORD MOTOR CO DEL,,,11.75000,12.42000,12.41000,142605400,0.057070,12.41000,12.42000,11.81000,0.057070
25785,2010-03-02,F,FORD MOTOR CO DEL,,,12.18000,12.68000,12.22000,193706600,-0.015310,12.22000,12.23000,12.62000,-0.015310
25785,2010-03-03,F,FORD MOTOR CO DEL,,,12.35000,12.83000,12.69000,157004600,0.038461,12.68000,12.69000,12.46000,0.038461
25785,2010-03-04,F,FORD MOTOR CO DEL,,,12.52000,12.80000,12.79000,89836700,0.007880,12.78000,12.79000,12.78000,0.007880
25785,2010-03-05,F,FORD MOTOR CO DEL,,,12.83000,13.04000,13.00000,106920600,0.016419,12.99000,13.00000,12.92000,0.016419
25785,2010-03-08,F,FORD MOTOR CO DEL,,,12.79000,12.96000,12.93000,78903200,-0.005385,12.92000,12.93000,12.94000,-0.005385
25785,2010-03-09,F,FORD MOTOR CO DEL,,,12.73000,13.03000,12.80000,83934200,-0.010054,12.79000,12.80000,12.83000,-0.010054
25785,2010-03-10,F,FORD MOTOR CO DEL,,,12.80000,12.95000,12.82000,56850500,0.001562,12.81000,12.82000,12.88000,0.001562
25785,2010-03-11,F,FORD MOTOR CO DEL,,,12.75000,12.97000,12.91000,59386000,0.007020,12.88000,12.89000,12.79000,0.007020
25785,2010-03-12,F,FORD MOTOR CO DEL,,,12.98000,13.37000,13.34000,104770900,0.033308,13.34000,13.35000,13.02000,0.033308
25785,2010-03-15,F,FORD MOTOR CO DEL,,,13.32000,13.63000,13.40000,95198200,0.004498,13.39000,13.40000,13.46000,0.004498
25785,2010-03-16,F,FORD MOTOR CO DEL,,,13.32000,13.51000,13.49000,74692600,0.006716,13.48000,13.49000,13.49000,0.006716
25785,2010-03-17,F,FORD MOTOR CO DEL,,,13.55000,14.15000,14.10000,137318700,0.045219,14.10000,14.11000,13.55000,0.045219
25785,2010-03-18,F,FORD MOTOR CO DEL,,,13.65000,14.54000,13.73000,235094300,-0.026241,13.71000,13.72000,14.23000,-0.026241
25785,2010-03-19,F,FORD MOTOR CO DEL,,,13.04000,13.92000,13.29000,252413600,-0.032047,13.36000,13.38000,13.91000,-0.032047
25785,2010-03-22,F,FORD MOTOR CO DEL,,,12.81000,14.00000,13.99000,170576000,0.052671,13.98000,13.99000,12.98000,0.052671
25785,2010-03-23,F,FORD MOTOR CO DEL,,,13.81000,14.30000,13.90000,167002300,-0.006433,13.88000,13.89000,14.17000,-0.006433
25785,2010-03-24,F,FORD MOTOR CO DEL,,,13.76000,14.05000,13.90000,91820900,0.000000,13.91000,13.92000,13.77000,0.000000
25785,2010-03-25,F,FORD MOTOR CO DEL,,,13.76000,14.12000,13.80000,88909200,-0.007194,13.79000,13.80000,14.05000,-0.007194
25785,2010-03-26,F,FORD MOTOR CO DEL,,,13.76000,13.98000,13.86000,60400300,0.004348,13.86000,13.87000,13.89000,0.004348
25785,2010-03-29,F,FORD MOTOR CO DEL,,,13.39000,13.88410,13.57000,158225000,-0.020924,13.57000,13.58000,13.70000,-0.020924
25785,2010-03-30,F,FORD MOTOR CO DEL,,,13.18000,13.64000,13.28000,142055100,-0.021371,13.29000,13.29000,13.55000,-0.021371
25785,2010-03-31,F,FORD MOTOR CO DEL,,,12.42000,12.95000,12.57000,433659100,-0.053464,12.57000,12.58000,12.82000,-0.053464
25785,2010-04-01,F,FORD MOTOR CO DEL,,,12.58000,12.95000,12.63000,212952100,0.004773,12.63000,12.64000,12.84000,0.004773
25785,2010-04-05,F,FORD MOTOR CO DEL,,,12.76000,12.92000,12.77000,88957100,0.011085,12.77000,12.78000,12.89000,0.011085
25785,2010-04-06,F,FORD MOTOR CO DEL,,,12.60000,12.88000,12.70000,76423700,-0.005482,12.69000,12.70000,12.78000,-0.005482
25785,2010-04-07,F,FORD MOTOR CO DEL,,,12.53000,12.82000,12.58000,88112400,-0.009449,12.58000,12.59000,12.69000,-0.009449
25785,2010-04-08,F,FORD MOTOR CO DEL,,,12.34000,12.71000,12.63000,77491400,0.003975,12.64000,12.65000,12.55000,0.003975
25785,2010-04-09,F,FORD MOTOR CO DEL,,,12.61000,12.84000,12.72000,60408600,0.007126,12.71000,12.72000,12.73000,0.007126
25785,2010-04-12,F,FORD MOTOR CO DEL,,,12.64000,12.81000,12.77000,50783100,0.003931,12.77000,12.78000,12.72000,0.003931
25785,2010-04-13,F,FORD MOTOR CO DEL,,,12.71000,12.89000,12.79000,71008500,0.001566,12.78000,12.79000,12.75000,0.001566
25785,2010-04-14,F,FORD MOTOR CO DEL,,,12.86000,13.43000,13.35000,153602100,0.043784,13.34000,13.35000,12.92000,0.043784
25785,2010-04-15,F,FORD MOTOR CO DEL,,,13.41000,13.88000,13.76000,159110400,0.030712,13.75000,13.76000,13.42000,0.030712
25785,2010-04-16,F,FORD MOTOR CO DEL,,,13.30000,13.92000,13.42000,149644400,-0.024709,13.42000,13.43000,13.84000,-0.024709
25785,2010-04-19,F,FORD MOTOR CO DEL,,,13.36000,13.75000,13.60000,95855100,0.013413,13.59000,13.60000,13.38000,0.013413
25785,2010-04-20,F,FORD MOTOR CO DEL,,,13.67000,13.94000,13.91000,75630700,0.022794,13.92000,13.93000,13.72000,0.022794
25785,2010-04-21,F,FORD MOTOR CO DEL,,,13.92000,14.15000,14.13000,120393100,0.015816,14.12000,14.13000,14.02000,0.015816
25785,2010-04-22,F,FORD MOTOR CO DEL,,,13.85000,14.23000,14.20000,93331100,0.004954,14.18000,14.19000,14.00000,0.004954
25785,2010-04-23,F,FORD MOTOR CO DEL,,,14.11000,14.39000,14.21000,92002200,0.000704,14.20000,14.21000,14.22000,0.000704
25785,2010-04-26,F,FORD MOTOR CO DEL,,,14.28000,14.57000,14.46000,123029100,0.017593,14.47000,14.48000,14.39000,0.017593
25785,2010-04-27,F,FORD MOTOR CO DEL,,,13.15000,14.50000,13.57000,292667400,-0.061549,13.56000,13.57000,14.44000,-0.061549
25785,2010-04-28,F,FORD MOTOR CO DEL,,,12.90000,13.45000,13.25000,208023400,-0.023581,13.24000,13.25000,13.39000,-0.023581
25785,2010-04-29,F,FORD MOTOR CO DEL,,,13.38000,13.70000,13.58000,110114400,0.024906,13.56000,13.57000,13.45000,0.024906
25785,2010-04-30,F,FORD MOTOR CO DEL,,,12.96000,13.73000,13.02000,146322800,-0.041237,13.02000,13.03000,13.64000,-0.041237
25785,2010-05-03,F,FORD MOTOR CO DEL,,,13.18000,13.49000,13.30000,106416700,0.021505,13.29000,13.30000,13.18000,0.021505
25785,2010-05-04,F,FORD MOTOR CO DEL,,,12.75000,13.08000,12.85000,123207300,-0.033835,12.84000,12.85000,13.07000,-0.033835
25785,2010-05-05,F,FORD MOTOR CO DEL,,,11.59000,12.70000,12.34000,198525600,-0.039689,12.35000,12.35000,12.32000,-0.039689
25785,2010-05-06,F,FORD MOTOR CO DEL,,,10.59000,12.51000,11.78000,237093700,-0.045381,11.78000,11.80000,12.17000,-0.045381
25785,2010-05-07,F,FORD MOTOR CO DEL,,,10.95000,11.97000,11.51000,261066500,-0.022920,11.51000,11.52000,11.95000,-0.022920
25785,2010-05-10,F,FORD MOTOR CO DEL,,,12.02000,12.56000,12.15000,134388700,0.055604,12.14000,12.15000,12.54000,0.055604
25785,2010-05-11,F,FORD MOTOR CO DEL,,,11.85000,12.56000,12.31000,125738900,0.013169,12.31000,12.32000,11.99000,0.013169
25785,2010-05-12,F,FORD MOTOR CO DEL,,,12.49000,12.71000,12.68000,102656900,0.030057,12.67000,12.68000,12.57000,0.030057
25785,2010-05-13,F,FORD MOTOR CO DEL,,,12.32000,12.87000,12.42000,100159900,-0.020505,12.41000,12.42000,12.87000,-0.020505
25785,2010-05-14,F,FORD MOTOR CO DEL,,,11.87000,12.35000,12.11000,105855900,-0.024960,12.10000,12.11000,12.25000,-0.024960
25785,2010-05-17,F,FORD MOTOR CO DEL,,,11.49000,12.18000,11.95000,108686600,-0.013212,11.94000,11.95000,12.08000,-0.013212
25785,2010-05-18,F,FORD MOTOR CO DEL,,,11.45000,12.18000,11.54500,101318700,-0.033891,11.54000,11.55000,12.15000,-0.033891
25785,2010-05-19,F,FORD MOTOR CO DEL,,,11.11000,11.66000,11.55000,132864300,0.000433,11.54000,11.55000,11.30000,0.000433
25785,2010-05-20,F,FORD MOTOR CO DEL,,,10.76000,11.30000,10.80000,156449100,-0.064935,10.80000,10.81000,11.04000,-0.064935
25785,2010-05-21,F,FORD MOTOR CO DEL,,,10.17000,11.30000,11.26000,174455100,0.042593,11.26000,11.27000,10.25000,0.042593
25785,2010-05-24,F,FORD MOTOR CO DEL,,,11.01000,11.44000,11.01000,91090400,-0.022202,11.01000,11.02000,11.29000,-0.022202
25785,2010-05-25,F,FORD MOTOR CO DEL,,,10.42000,11.05000,11.02000,137858600,0.000908,11.03000,11.04000,10.47000,0.000908
25785,2010-05-26,F,FORD MOTOR CO DEL,,,11.35000,11.82000,11.39000,146872000,0.033575,11.40000,11.41000,11.45000,0.033575
25785,2010-05-27,F,FORD MOTOR CO DEL,,,11.66000,12.00000,11.99000,90700700,0.052678,11.99000,12.00000,11.85000,0.052678
25785,2010-05-28,F,FORD MOTOR CO DEL,,,11.62000,12.08000,11.73000,78823400,-0.021685,11.72000,11.73000,12.05000,-0.021685
25785,2010-06-01,F,FORD MOTOR CO DEL,,,11.37710,11.88000,11.41000,80977200,-0.027280,11.40000,11.41000,11.50000,-0.027280
25785,2010-06-02,F,FORD MOTOR CO DEL,,,11.45000,11.87000,11.85000,87265200,0.038563,11.85000,11.86000,11.66000,0.038563
25785,2010-06-03,F,FORD MOTOR CO DEL,,,11.81000,12.15000,11.96000,79568700,0.009283,11.96000,11.97000,12.01000,0.009283
25785,2010-06-04,F,FORD MOTOR CO DEL,,,11.39000,11.88000,11.50000,83480800,-0.038462,11.50000,11.51000,11.69000,-0.038462
25785,2010-06-07,F,FORD MOTOR CO DEL,,,11.06000,11.50000,11.09000,76228900,-0.035652,11.08000,11.09000,11.45000,-0.035652
25785,2010-06-08,F,FORD MOTOR CO DEL,,,10.89000,11.37000,11.22000,81494400,0.011722,11.22000,11.23000,11.14000,0.011722
25785,2010-06-09,F,FORD MOTOR CO DEL,,,11.00000,11.40000,11.05000,74947600,-0.015152,11.03000,11.04000,11.36000,-0.015152
25785,2010-06-10,F,FORD MOTOR CO DEL,,,11.10000,11.40000,11.39000,64799500,0.030769,11.39000,11.40000,11.21000,0.030769
25785,2010-06-11,F,FORD MOTOR CO DEL,,,11.21000,11.47000,11.40000,50280600,0.000878,11.39000,11.40000,11.23000,0.000878
25785,2010-06-14,F,FORD MOTOR CO DEL,,,11.40000,11.72000,11.46000,58144400,0.005263,11.45000,11.46000,11.48000,0.005263
25785,2010-06-15,F,FORD MOTOR CO DEL,,,11.52000,11.76000,11.70000,51790900,0.020942,11.70000,11.71000,11.55000,0.020942
25785,2010-06-16,F,FORD MOTOR CO DEL,,,11.50000,11.77000,11.63000,61954000,-0.005983,11.61000,11.62000,11.65000,-0.005983
25785,2010-06-17,F,FORD MOTOR CO DEL,,,11.33000,11.69000,11.48000,69430000,-0.012898,11.47000,11.48000,11.69000,-0.012898
25785,2010-06-18,F,FORD MOTOR CO DEL,,,11.40000,11.62000,11.46000,55417600,-0.001742,11.44000,11.45000,11.56000,-0.001742
25785,2010-06-21,F,FORD MOTOR CO DEL,,,11.50000,11.80000,11.53000,67814200,0.006108,11.53000,11.54000,11.68000,0.006108
25785,2010-06-22,F,FORD MOTOR CO DEL,,,11.18000,11.60000,11.21500,73508900,-0.027320,11.21000,11.22000,11.54000,-0.027320
25785,2010-06-23,F,FORD MOTOR CO DEL,,,11.00000,11.28000,11.03000,83134400,-0.016496,11.03000,11.04000,11.23000,-0.016496
25785,2010-06-24,F,FORD MOTOR CO DEL,,,10.64000,11.03000,10.78000,74491000,-0.022665,10.77000,10.78000,10.99000,-0.022665
25785,2010-06-25,F,FORD MOTOR CO DEL,,,10.42000,10.77000,10.75000,148168300,-0.002783,10.68000,10.69000,10.75000,-0.002783
25785,2010-06-28,F,FORD MOTOR CO DEL,,,10.43000,10.76000,10.43000,58047700,-0.029767,10.43000,10.44000,10.72000,-0.029767
25785,2010-06-29,F,FORD MOTOR CO DEL,,,9.75000,10.14400,9.88000,124866700,-0.052733,9.87000,9.88000,10.12000,-0.052733
25785,2010-06-30,F,FORD MOTOR CO DEL,,,10.04000,10.52000,10.08000,182831200,0.020243,10.06000,10.07000,10.10000,0.020243
25785,2010-07-01,F,FORD MOTOR CO DEL,,,10.02000,10.63000,10.57000,153383000,0.048611,10.59000,10.60000,10.23000,0.048611
25785,2010-07-02,F,FORD MOTOR CO DEL,,,10.15000,10.63000,10.28000,71607100,-0.027436,10.26000,10.27000,10.58000,-0.027436
25785,2010-07-06,F,FORD MOTOR CO DEL,,,10.04000,10.57000,10.16000,81246900,-0.011673,10.16000,10.17000,10.42000,-0.011673
25785,2010-07-07,F,FORD MOTOR CO DEL,,,10.17000,10.63000,10.59000,72565200,0.042323,10.59000,10.60000,10.21000,0.042323
25785,2010-07-08,F,FORD MOTOR CO DEL,,,10.45000,10.83000,10.62000,62355400,0.002833,10.60000,10.61000,10.72000,0.002833
25785,2010-07-09,F,FORD MOTOR CO DEL,,,10.54000,10.94000,10.85000,50732700,0.021657,10.85000,10.86000,10.58000,0.021657
25785,2010-07-12,F,FORD MOTOR CO DEL,,,10.83000,11.13000,11.10000,56354100,0.023041,11.10000,11.11000,10.84000,0.023041
25785,2010-07-13,F,FORD MOTOR CO DEL,,,11.26000,11.81000,11.66000,103923200,0.050450,11.64000,11.65000,11.47000,0.050450
25785,2010-07-14,F,FORD MOTOR CO DEL,,,11.54000,11.92000,11.81000,68051400,0.012865,11.81000,11.82000,11.62000,0.012865
25785,2010-07-15,F,FORD MOTOR CO DEL,,,11.51000,11.90000,11.86000,66020300,0.004234,11.85000,11.86000,11.86000,0.004234
25785,2010-07-16,F,FORD MOTOR CO DEL,,,11.30000,11.78000,11.34000,68905400,-0.043845,11.33000,11.34000,11.75000,-0.043845
25785,2010-07-19,F,FORD MOTOR CO DEL,,,11.23000,11.57000,11.48000,49909900,0.012346,11.48000,11.49000,11.44000,0.012346
25785,2010-07-20,F,FORD MOTOR CO DEL,,,11.25000,11.76000,11.75000,53134800,0.023519,11.73000,11.74000,11.30000,0.023519
25785,2010-07-21,F,FORD MOTOR CO DEL,,,11.43000,11.88000,11.55000,67645100,-0.017021,11.54000,11.55000,11.82000,-0.017021
25785,2010-07-22,F,FORD MOTOR CO DEL,,,11.75000,12.22000,12.09000,102031400,0.046753,12.09000,12.10000,11.76000,0.046753
25785,2010-07-23,F,FORD MOTOR CO DEL,,,12.35000,12.75000,12.72000,161608200,0.052109,12.73000,12.74000,12.55000,0.052109
25785,2010-07-26,F,FORD MOTOR CO DEL,,,12.75000,13.15000,12.94000,125629600,0.017296,12.93000,12.94000,12.82000,0.017296
25785,2010-07-27,F,FORD MOTOR CO DEL,,,12.85000,13.18000,13.03000,97305400,0.006955,13.01000,13.02000,13.16000,0.006955
25785,2010-07-28,F,FORD MOTOR CO DEL,,,12.86000,13.08000,12.91000,59746700,-0.009210,12.91000,12.92000,12.99000,-0.009210
25785,2010-07-29,F,FORD MOTOR CO DEL,,,12.72000,13.11000,12.97000,88544600,0.004648,12.97000,12.98000,13.03000,0.004648
25785,2010-07-30,F,FORD MOTOR CO DEL,,,12.58000,13.01000,12.77000,79539700,-0.015420,12.77000,12.78000,12.81000,-0.015420
25785,2010-08-02,F,FORD MOTOR CO DEL,,,12.94000,13.20000,13.16000,77124700,0.030540,13.16000,13.17000,13.06000,0.030540
25785,2010-08-03,F,FORD MOTOR CO DEL,,,12.77000,13.24000,12.91000,115202600,-0.018997,12.91000,12.92000,13.08000,-0.018997
25785,2010-08-04,F,FORD MOTOR CO DEL,,,12.95000,13.20520,13.11000,60874900,0.015492,13.11000,13.12000,13.00000,0.015492
25785,2010-08-05,F,FORD MOTOR CO DEL,,,12.90000,13.05000,12.98000,51574800,-0.009916,12.96000,12.97000,13.05000,-0.009916
25785,2010-08-06,F,FORD MOTOR CO DEL,,,12.80000,13.05000,13.04000,54704600,0.004623,13.03000,13.04000,12.83000,0.004623
25785,2010-08-09,F,FORD MOTOR CO DEL,,,12.92000,13.12000,13.05000,39072000,0.000767,13.04000,13.05000,13.12000,0.000767
25785,2010-08-10,F,FORD MOTOR CO DEL,,,12.80000,13.03000,12.92000,50265000,-0.009962,12.91000,12.92000,12.94000,-0.009962
25785,2010-08-11,F,FORD MOTOR CO DEL,,,12.33000,12.67000,12.41000,68132100,-0.039474,12.40000,12.41000,12.65000,-0.039474
25785,2010-08-12,F,FORD MOTOR CO DEL,,,11.90000,12.39000,12.27000,68017900,-0.011281,12.26000,12.27000,12.03000,-0.011281
25785,2010-08-13,F,FORD MOTOR CO DEL,,,12.13000,12.37000,12.15000,41635500,-0.009780,12.14000,12.15000,12.25000,-0.009780
25785,2010-08-16,F,FORD MOTOR CO DEL,,,11.88000,12.15000,11.99000,59316000,-0.013169,11.99000,12.00000,11.96000,-0.013169
25785,2010-08-17,F,FORD MOTOR CO DEL,,,12.06000,12.37500,12.16000,61043500,0.014178,12.15000,12.16000,12.20000,0.014178
25785,2010-08-18,F,FORD MOTOR CO DEL,,,11.80230,12.29000,12.20000,54218000,0.003289,12.20000,12.21000,12.17000,0.003289
25785,2010-08-19,F,FORD MOTOR CO DEL,,,11.83000,12.20000,11.89000,61058900,-0.025410,11.88000,11.89000,12.13000,-0.025410
25785,2010-08-20,F,FORD MOTOR CO DEL,,,11.60000,11.90000,11.77000,50814400,-0.010093,11.77000,11.78000,11.85000,-0.010093
25785,2010-08-23,F,FORD MOTOR CO DEL,,,11.60000,11.90000,11.61000,42449600,-0.013594,11.60000,11.61000,11.84000,-0.013594
25785,2010-08-24,F,FORD MOTOR CO DEL,,,11.09000,11.49000,11.24250,86304100,-0.031654,11.24000,11.25000,11.28000,-0.031654
25785,2010-08-25,F,FORD MOTOR CO DEL,,,10.95000,11.40000,11.32000,78587100,0.006893,11.32000,11.33000,11.04000,0.006893
25785,2010-08-26,F,FORD MOTOR CO DEL,,,11.14000,11.56000,11.17000,56953600,-0.013251,11.16000,11.17000,11.40000,-0.013251
25785,2010-08-27,F,FORD MOTOR CO DEL,,,11.05000,11.72000,11.56000,63568900,0.034915,11.56000,11.57000,11.26000,0.034915
25785,2010-08-30,F,FORD MOTOR CO DEL,,,11.35000,11.68000,11.35000,33651500,-0.018166,11.35000,11.36000,11.58000,-0.018166
25785,2010-08-31,F,FORD MOTOR CO DEL,,,11.13000,11.46000,11.28500,64987200,-0.005727,11.28000,11.29000,11.27000,-0.005727
25785,2010-09-01,F,FORD MOTOR CO DEL,,,11.46000,11.89000,11.61000,81988700,0.028799,11.61000,11.62000,11.53000,0.028799
25785,2010-09-02,F,FORD MOTOR CO DEL,,,11.57000,11.83000,11.71000,39943500,0.008613,11.70000,11.71000,11.68000,0.008613
25785,2010-09-03,F,FORD MOTOR CO DEL,,,11.84000,12.14000,12.07000,65243900,0.030743,12.07000,12.08000,11.88000,0.030743
25785,2010-09-07,F,FORD MOTOR CO DEL,,,11.78000,12.07000,11.80000,42497600,-0.022369,11.80000,11.81000,12.01000,-0.022369
25785,2010-09-08,F,FORD MOTOR CO DEL,,,11.70000,11.95000,11.80000,40798700,0.000000,11.79000,11.80000,11.81000,0.000000
25785,2010-09-09,F,FORD MOTOR CO DEL,,,11.64000,12.04000,11.75000,48528400,-0.004237,11.74000,11.75000,11.96000,-0.004237
25785,2010-09-10,F,FORD MOTOR CO DEL,,,11.75000,11.98500,11.79000,37858700,0.003404,11.79000,11.80000,11.81000,0.003404
25785,2010-09-13,F,FORD MOTOR CO DEL,,,11.84000,12.00000,11.99000,36689700,0.016964,11.98000,11.99000,11.93000,0.016964
25785,2010-09-14,F,FORD MOTOR CO DEL,,,11.89000,12.05000,11.98000,39772200,-0.000834,11.97000,11.98000,11.96000,-0.000834
25785,2010-09-15,F,FORD MOTOR CO DEL,,,11.76000,11.96000,11.87000,54102600,-0.009182,11.87000,11.88000,11.93000,-0.009182
25785,2010-09-16,F,FORD MOTOR CO DEL,,,12.10000,12.53000,12.44000,141408400,0.048020,12.44000,12.45000,12.12000,0.048020
25785,2010-09-17,F,FORD MOTOR CO DEL,,,12.34000,12.54000,12.49000,68954600,0.004019,12.49000,12.50000,12.53000,0.004019
25785,2010-09-20,F,FORD MOTOR CO DEL,,,12.38000,12.60000,12.57000,49864500,0.006405,12.57000,12.58000,12.55000,0.006405
25785,2010-09-21,F,FORD MOTOR CO DEL,,,12.51000,12.75000,12.55000,59130800,-0.001591,12.55000,12.56000,12.53000,-0.001591
25785,2010-09-22,F,FORD MOTOR CO DEL,,,12.29000,12.54000,12.38000,53190300,-0.013546,12.37000,12.38000,12.43000,-0.013546
25785,2010-09-23,F,FORD MOTOR CO DEL,,,12.15000,12.45000,12.31000,46873300,-0.005654,12.30000,12.31000,12.26000,-0.005654
25785,2010-09-24,F,FORD MOTOR CO DEL,,,12.38500,12.57000,12.56000,42647800,0.020309,12.54000,12.55000,12.42000,0.020309
25785,2010-09-27,F,FORD MOTOR CO DEL,,,12.46000,12.60000,12.48000,28805200,-0.006369,12.48000,12.49000,12.57000,-0.006369
25785,2010-09-28,F,FORD MOTOR CO DEL,,,12.27000,12.53000,12.52000,42674600,0.003205,12.51000,12.52000,12.48000,0.003205
25785,2010-09-29,F,FORD MOTOR CO DEL,,,12.28000,12.50000,12.33000,45211800,-0.015176,12.31000,12.32000,12.45000,-0.015176
25785,2010-09-30,F,FORD MOTOR CO DEL,,,12.20000,12.46000,12.24000,42679600,-0.007299,12.24000,12.25000,12.44000,-0.007299
25785,2010-10-01,F,FORD MOTOR CO DEL,,,12.12000,12.41000,12.26000,54565400,0.001634,12.24000,12.25000,12.24000,0.001634
25785,2010-10-04,F,FORD MOTOR CO DEL,,,12.53000,12.92000,12.84000,95949100,0.047308,12.83000,12.84000,12.57400,0.047308
25785,2010-10-05,F,FORD MOTOR CO DEL,,,12.92000,13.07000,13.01000,74701900,0.013240,13.01000,13.02000,13.00000,0.013240
25785,2010-10-06,F,FORD MOTOR CO DEL,,,13.04000,13.45000,13.24000,92325900,0.017679,13.22000,13.23000,13.06000,0.017679
25785,2010-10-07,F,FORD MOTOR CO DEL,,,13.19000,13.38000,13.32000,53526600,0.006042,13.32000,13.33000,13.32000,0.006042
25785,2010-10-08,F,FORD MOTOR CO DEL,,,13.28000,13.72000,13.66000,71857600,0.025526,13.66000,13.67000,13.30000,0.025526
25785,2010-10-11,F,FORD MOTOR CO DEL,,,13.68000,13.90000,13.78000,48002800,0.008785,13.79000,13.80000,13.72000,0.008785
25785,2010-10-12,F,FORD MOTOR CO DEL,,,13.51000,13.85000,13.78000,50056400,0.000000,13.79000,13.80000,13.71000,0.000000
25785,2010-10-13,F,FORD MOTOR CO DEL,,,13.64000,13.91000,13.64000,59061800,-0.010160,13.64000,13.65000,13.90000,-0.010160
25785,2010-10-14,F,FORD MOTOR CO DEL,,,13.78000,14.01000,13.91000,78814100,0.019795,13.90000,13.91000,13.88000,0.019795
25785,2010-10-15,F,FORD MOTOR CO DEL,,,13.61000,14.04000,13.80000,61337600,-0.007908,13.79000,13.80000,14.00000,-0.007908
25785,2010-10-18,F,FORD MOTOR CO DEL,,,13.64000,13.90000,13.88000,34938400,0.005797,13.87000,13.88000,13.75000,0.005797
25785,2010-10-19,F,FORD MOTOR CO DEL,,,13.18000,13.64000,13.32000,84613900,-0.040346,13.32000,13.33000,13.63000,-0.040346
25785,2010-10-20,F,FORD MOTOR CO DEL,,,13.35000,13.73000,13.64000,60800100,0.024024,13.64000,13.65000,13.45000,0.024024
25785,2010-10-21,F,FORD MOTOR CO DEL,,,13.66000,14.16000,13.81000,85364900,0.012463,13.81000,13.82000,13.78000,0.012463
25785,2010-10-22,F,FORD MOTOR CO DEL,,,13.83000,14.01000,13.95000,38003000,0.010138,13.93000,13.94000,13.86000,0.010138
25785,2010-10-25,F,FORD MOTOR CO DEL,,,14.01000,14.20000,14.15000,77370700,0.014337,14.15000,14.16000,14.05000,0.014337
25785,2010-10-26,F,FORD MOTOR CO DEL,,,13.76500,14.47000,14.36000,214814400,0.014841,14.36000,14.37000,13.97200,0.014841
25785,2010-10-27,F,FORD MOTOR CO DEL,,,14.09000,14.35000,14.23000,81025700,-0.009053,14.22000,14.23000,14.34000,-0.009053
25785,2010-10-28,F,FORD MOTOR CO DEL,,,14.06000,14.32000,14.22000,51719300,-0.000703,14.22000,14.23000,14.29000,-0.000703
25785,2010-10-29,F,FORD MOTOR CO DEL,,,14.10000,14.23000,14.13000,52281800,-0.006329,14.14000,14.15000,14.18000,-0.006329
25785,2010-11-01,F,FORD MOTOR CO DEL,,,14.16000,14.37000,14.23000,56605900,0.007077,14.23000,14.24000,14.32000,0.007077
25785,2010-11-02,F,FORD MOTOR CO DEL,,,14.22000,14.46000,14.43000,54691100,0.014055,14.44000,14.45000,14.32000,0.014055
25785,2010-11-03,F,FORD MOTOR CO DEL,,,14.44000,15.20000,15.18000,185668500,0.051975,15.18000,15.19000,14.48000,0.051975
25785,2010-11-04,F,FORD MOTOR CO DEL,,,15.40000,15.98000,15.86000,193231900,0.044796,15.86000,15.87000,15.51000,0.044796
25785,2010-11-05,F,FORD MOTOR CO DEL,,,15.81000,16.26000,16.21000,141539800,0.022068,16.22000,16.23000,15.98000,0.022068
25785,2010-11-08,F,FORD MOTOR CO DEL,,,16.06000,16.49000,16.41000,127386000,0.012338,16.40000,16.41000,16.36000,0.012338
25785,2010-11-09,F,FORD MOTOR CO DEL,,,15.88000,16.58000,16.07000,133717200,-0.020719,16.08000,16.09000,16.53000,-0.020719
25785,2010-11-10,F,FORD MOTOR CO DEL,,,16.08000,16.71000,16.63000,139738200,0.034848,16.63000,16.64000,16.32000,0.034848
25785,2010-11-11,F,FORD MOTOR CO DEL,,,16.20000,16.66000,16.61000,94746100,-0.001203,16.61000,16.62000,16.54000,-0.001203
25785,2010-11-12,F,FORD MOTOR CO DEL,,,16.04000,16.53000,16.30000,91657100,-0.018664,16.28000,16.29000,16.46000,-0.018664
25785,2010-11-15,F,FORD MOTOR CO DEL,,,16.68000,17.41000,17.00000,233268400,0.042945,17.00000,17.01000,16.81000,0.042945
25785,2010-11-16,F,FORD MOTOR CO DEL,,,16.36000,17.42000,16.51000,234693700,-0.028824,16.49000,16.50000,17.19000,-0.028824
25785,2010-11-17,F,FORD MOTOR CO DEL,,,16.52000,16.90000,16.68000,127748500,0.010297,16.68000,16.69000,16.76000,0.010297
25785,2010-11-18,F,FORD MOTOR CO DEL,,,16.05000,16.87000,16.12000,256937900,-0.033573,16.12000,16.13000,16.77000,-0.033573
25785,2010-11-19,F,FORD MOTOR CO DEL,,,15.83000,16.38000,16.28000,130323600,0.009926,16.27000,16.28000,16.02000,0.009926
25785,2010-11-22,F,FORD MOTOR CO DEL,,,16.11000,16.54000,16.20000,91288800,-0.004914,16.21000,16.22000,16.26000,-0.004914
25785,2010-11-23,F,FORD MOTOR CO DEL,,,15.62000,16.16000,15.70000,96689100,-0.030864,15.66000,15.67000,16.01000,-0.030864
25785,2010-11-24,F,FORD MOTOR CO DEL,,,15.81000,16.06000,15.95000,66919000,0.015924,15.93000,15.94000,15.95000,0.015924
25785,2010-11-26,F,FORD MOTOR CO DEL,,,15.75000,16.18000,16.12000,31557200,0.010658,16.14000,16.15000,15.81000,0.010658
25785,2010-11-29,F,FORD MOTOR CO DEL,,,15.86000,16.12000,16.06000,61577400,-0.003722,16.06000,16.07000,16.12000,-0.003722
25785,2010-11-30,F,FORD MOTOR CO DEL,,,15.83000,15.99000,15.94000,71737300,-0.007472,15.92000,15.93000,15.92000,-0.007472
25785,2010-12-01,F,FORD MOTOR CO DEL,,,16.14000,16.50000,16.46000,100724300,0.032622,16.46000,16.47000,16.24000,0.032622
25785,2010-12-02,F,FORD MOTOR CO DEL,,,16.63000,16.86000,16.78000,82484400,0.019441,16.78000,16.79000,16.72000,0.019441
25785,2010-12-03,F,FORD MOTOR CO DEL,,,16.60000,16.83000,16.80000,67399400,0.001192,16.79000,16.80000,16.63000,0.001192
25785,2010-12-06,F,FORD MOTOR CO DEL,,,16.52000,16.78000,16.65000,57290300,-0.008929,16.64000,16.65000,16.66000,-0.008929
25785,2010-12-07,F,FORD MOTOR CO DEL,,,16.55000,16.92000,16.56000,64104200,-0.005405,16.55000,16.56000,16.91000,-0.005405
25785,2010-12-08,F,FORD MOTOR CO DEL,,,16.35000,16.73000,16.69000,106699900,0.007850,16.64000,16.65000,16.66000,0.007850
25785,2010-12-09,F,FORD MOTOR CO DEL,,,16.66000,16.85000,16.76000,47280900,0.004194,16.75000,16.76000,16.82000,0.004194
25785,2010-12-10,F,FORD MOTOR CO DEL,,,16.65000,16.77000,16.73000,38196000,-0.001790,16.73000,16.74000,16.68000,-0.001790
25785,2010-12-13,F,FORD MOTOR CO DEL,,,16.47000,16.72000,16.47000,53899700,-0.015541,16.47000,16.48000,16.65000,-0.015541
25785,2010-12-14,F,FORD MOTOR CO DEL,,,16.39000,16.58000,16.42000,43069900,-0.003036,16.41000,16.42000,16.50000,-0.003036
25785,2010-12-15,F,FORD MOTOR CO DEL,,,16.35000,16.66000,16.55000,44901200,0.007917,16.55000,16.56000,16.37000,0.007917
25785,2010-12-16,F,FORD MOTOR CO DEL,,,16.44000,16.77000,16.77000,49567500,0.013293,16.75000,16.76000,16.52000,0.013293
25785,2010-12-17,F,FORD MOTOR CO DEL,,,16.68000,16.85000,16.80000,51948000,0.001789,16.79000,16.80000,16.76000,0.001789
25785,2010-12-20,F,FORD MOTOR CO DEL,,,16.63000,16.90000,16.85000,41879900,0.002976,16.85000,16.86000,16.85000,0.002976
25785,2010-12-21,F,FORD MOTOR CO DEL,,,16.83500,17.00000,16.99000,35604000,0.008309,16.99000,17.00000,16.89000,0.008309
25785,2010-12-22,F,FORD MOTOR CO DEL,,,16.85000,17.03000,16.99000,31602600,0.000000,16.97000,16.98000,17.00000,0.000000
25785,2010-12-23,F,FORD MOTOR CO DEL,,,16.75000,16.93000,16.78000,25767200,-0.012360,16.78000,16.79000,16.90000,-0.012360
25785,2010-12-27,F,FORD MOTOR CO DEL,,,16.60000,16.87000,16.87000,27710100,0.005364,16.86000,16.87000,16.72000,0.005364
25785,2010-12-28,F,FORD MOTOR CO DEL,,,16.65000,16.84900,16.73000,28413200,-0.008299,16.72000,16.73000,16.83000,-0.008299
25785,2010-12-29,F,FORD MOTOR CO DEL,,,16.65000,16.80000,16.74000,25556700,0.000598,16.75000,16.76000,16.67000,0.000598
25785,2010-12-30,F,FORD MOTOR CO DEL,,,16.65000,16.85000,16.69000,24055100,-0.002987,16.67000,16.68000,16.72000,-0.002987
25785,2010-12-31,F,FORD MOTOR CO DEL,,,16.61000,16.83000,16.79000,22426000,0.005992,16.79000,16.80000,16.65000,0.005992
25785,2011-01-03,F,FORD MOTOR CO DEL,,,17.00000,17.31000,17.25000,70794100,0.027397,17.24000,17.25000,17.01500,0.027397
25785,2011-01-04,F,FORD MOTOR CO DEL,,,16.96000,17.66000,17.38000,106477100,0.007536,17.37000,17.38000,17.39000,0.007536
25785,2011-01-05,F,FORD MOTOR CO DEL,,,17.22000,18.09000,17.89000,112377900,0.029344,17.89000,17.90000,17.31000,0.029344
25785,2011-01-06,F,FORD MOTOR CO DEL,,,17.95000,18.29000,18.22000,96284300,0.018446,18.22000,18.23000,18.03000,0.018446
25785,2011-01-07,F,FORD MOTOR CO DEL,,,18.08000,18.41500,18.27000,99029500,0.002744,18.25000,18.26000,18.41500,0.002744
25785,2011-01-10,F,FORD MOTOR CO DEL,,,18.15620,18.49000,18.31000,65348400,0.002189,18.31000,18.32000,18.42500,0.002189
25785,2011-01-11,F,FORD MOTOR CO DEL,,,18.13000,18.49000,18.28000,61312500,-0.001638,18.28000,18.29000,18.48000,-0.001638
25785,2011-01-12,F,FORD MOTOR CO DEL,,,18.29000,18.75000,18.71000,66841400,0.023523,18.72000,18.73000,18.36000,0.023523
25785,2011-01-13,F,FORD MOTOR CO DEL,,,18.55000,18.97000,18.68000,100531400,-0.001603,18.68000,18.69000,18.81000,-0.001603
25785,2011-01-14,F,FORD MOTOR CO DEL,,,18.58000,18.75000,18.65000,50279300,-0.001606,18.65000,18.66000,18.61000,-0.001606
25785,2011-01-18,F,FORD MOTOR CO DEL,,,18.61000,18.77000,18.70000,39737400,0.002681,18.70000,18.71000,18.66000,0.002681
25785,2011-01-19,F,FORD MOTOR CO DEL,,,17.77000,18.72000,17.90000,89216400,-0.042781,17.90000,17.91000,18.71000,-0.042781
25785,2011-01-20,F,FORD MOTOR CO DEL,,,17.35000,18.00000,17.78000,93501500,-0.006704,17.76000,17.77000,17.77000,-0.006704
25785,2011-01-21,F,FORD MOTOR CO DEL,,,17.87000,18.11000,17.95000,48717600,0.009561,17.94000,17.95000,17.99000,0.009561
25785,2011-01-24,F,FORD MOTOR CO DEL,,,17.75000,18.02500,17.93000,51698600,-0.001114,17.92000,17.93000,18.02500,-0.001114
25785,2011-01-25,F,FORD MOTOR CO DEL,,,17.66000,18.02000,17.89000,47155700,-0.002231,17.88000,17.89000,17.86000,-0.002231
25785,2011-01-26,F,FORD MOTOR CO DEL,,,17.90000,18.43000,18.37000,66834100,0.026831,18.36000,18.37000,17.97000,0.026831
25785,2011-01-27,F,FORD MOTOR CO DEL,,,18.33000,18.88000,18.79000,67711600,0.022863,18.80000,18.81000,18.52000,0.022863
25785,2011-01-28,F,FORD MOTOR CO DEL,,,15.98000,17.88000,16.27000,480879400,-0.134114,16.24000,16.25000,17.79000,-0.134114
25785,2011-01-31,F,FORD MOTOR CO DEL,,,15.45000,16.64000,15.95000,275198200,-0.019668,15.92000,15.93000,16.56000,-0.019668
25785,2011-02-01,F,FORD MOTOR CO DEL,,,15.85000,16.24000,15.89000,178894200,-0.003762,15.90000,15.91000,16.14000,-0.003762
25785,2011-02-02,F,FORD MOTOR CO DEL,,,15.31000,15.98000,15.40000,187008400,-0.030837,15.40000,15.41000,15.91000,-0.030837
25785,2011-02-03,F,FORD MOTOR CO DEL,,,15.10000,15.78000,15.76000,153131200,0.023377,15.77000,15.78000,15.38000,0.023377
25785,2011-02-04,F,FORD MOTOR CO DEL,,,15.64050,15.95000,15.72000,79198600,-0.002538,15.72000,15.73000,15.91000,-0.002538
25785,2011-02-07,F,FORD MOTOR CO DEL,,,15.80000,16.36000,16.11000,118132800,0.024809,16.10000,16.11000,15.84000,0.024809
25785,2011-02-08,F,FORD MOTOR CO DEL,,,16.02000,16.26000,16.24000,59674400,0.008069,16.25000,16.26000,16.17000,0.008069
25785,2011-02-09,F,FORD MOTOR CO DEL,,,16.02000,16.30000,16.09000,61896700,-0.009236,16.08000,16.09000,16.13000,-0.009236
25785,2011-02-10,F,FORD MOTOR CO DEL,,,15.90000,16.11000,15.95000,65334900,-0.008701,15.94000,15.95000,15.99000,-0.008701
25785,2011-02-11,F,FORD MOTOR CO DEL,,,15.99000,16.51000,16.38000,94736800,0.026959,16.39000,16.40000,16.05500,0.026959
25785,2011-02-14,F,FORD MOTOR CO DEL,,,16.02000,16.39000,16.09000,69632700,-0.017704,16.08000,16.09000,16.38000,-0.017704
25785,2011-02-15,F,FORD MOTOR CO DEL,,,15.95000,16.16000,16.10000,51612800,0.000622,16.08000,16.09000,16.03000,0.000622
25785,2011-02-16,F,FORD MOTOR CO DEL,,,16.00000,16.18000,16.05000,59843500,-0.003106,16.04000,16.05000,16.16000,-0.003106
25785,2011-02-17,F,FORD MOTOR CO DEL,,,15.83000,16.03000,15.97000,53727500,-0.004984,15.96000,15.97000,16.01000,-0.004984
25785,2011-02-18,F,FORD MOTOR CO DEL,,,15.70000,15.99000,15.77000,68773900,-0.012523,15.76000,15.77000,15.95000,-0.012523
25785,2011-02-22,F,FORD MOTOR CO DEL,,,15.08000,15.52000,15.23000,97449900,-0.034242,15.22000,15.23000,15.36000,-0.034242
25785,2011-02-23,F,FORD MOTOR CO DEL,,,14.49000,15.04000,14.86000,159528700,-0.024294,14.86000,14.87000,15.01500,-0.024294
25785,2011-02-24,F,FORD MOTOR CO DEL,,,14.50000,14.99000,14.70000,120283500,-0.010767,14.69000,14.70000,14.56500,-0.010767
25785,2011-02-25,F,FORD MOTOR CO DEL,,,14.85000,15.11000,15.07000,78341800,0.025170,15.05000,15.06000,14.94000,0.025170
25785,2011-02-28,F,FORD MOTOR CO DEL,,,14.89000,15.29000,15.05000,54120700,-0.001327,15.06000,15.07000,15.29000,-0.001327
25785,2011-03-01,F,FORD MOTOR CO DEL,,,14.60000,15.12000,14.66000,74339100,-0.025914,14.65000,14.66000,15.10000,-0.025914
25785,2011-03-02,F,FORD MOTOR CO DEL,,,14.62000,14.89000,14.66000,67126900,0.000000,14.66000,14.67000,14.66000,0.000000
25785,2011-03-03,F,FORD MOTOR CO DEL,,,14.66000,14.95000,14.76000,66722200,0.006821,14.74000,14.75000,14.90000,0.006821
25785,2011-03-04,F,FORD MOTOR CO DEL,,,14.28000,14.79000,14.42000,81625000,-0.023035,14.40000,14.41000,14.79000,-0.023035
25785,2011-03-07,F,FORD MOTOR CO DEL,,,13.98000,14.42000,14.01000,105402100,-0.028433,14.00000,14.01000,14.34000,-0.028433
25785,2011-03-08,F,FORD MOTOR CO DEL,,,14.01000,14.55000,14.47000,106709700,0.032834,14.47000,14.48000,14.02000,0.032834
25785,2011-03-09,F,FORD MOTOR CO DEL,,,14.25000,14.60000,14.29000,68056900,-0.012440,14.28000,14.29000,14.59000,-0.012440
25785,2011-03-10,F,FORD MOTOR CO DEL,,,14.01000,14.27500,14.06000,107253600,-0.016095,14.05000,14.06000,14.10000,-0.016095
25785,2011-03-11,F,FORD MOTOR CO DEL,,,13.87000,14.46300,14.36000,72258900,0.021337,14.36000,14.37000,13.90000,0.021337
25785,2011-03-14,F,FORD MOTOR CO DEL,,,14.20000,14.64000,14.30000,65186500,-0.004178,14.29000,14.30000,14.47000,-0.004178
25785,2011-03-15,F,FORD MOTOR CO DEL,,,13.75000,14.80000,14.67000,108984900,0.025874,14.66000,14.67000,13.80000,0.025874
25785,2011-03-16,F,FORD MOTOR CO DEL,,,13.89000,14.79000,14.18000,127903800,-0.033401,14.17000,14.18000,14.73000,-0.033401
25785,2011-03-17,F,FORD MOTOR CO DEL,,,14.18000,14.57950,14.26000,78692200,0.005642,14.25000,14.26000,14.56000,0.005642
25785,2011-03-18,F,FORD MOTOR CO DEL,,,14.43000,14.67000,14.49000,64591400,0.016129,14.47000,14.48000,14.58000,0.016129
25785,2011-03-21,F,FORD MOTOR CO DEL,,,14.48000,14.72000,14.59000,46489600,0.006901,14.58000,14.59000,14.70000,0.006901
25785,2011-03-22,F,FORD MOTOR CO DEL,,,14.32000,14.57000,14.34000,44832900,-0.017135,14.32000,14.33000,14.52000,-0.017135
25785,2011-03-23,F,FORD MOTOR CO DEL,,,14.02000,14.45000,14.31000,64447300,-0.002092,14.31000,14.32000,14.26000,-0.002092
25785,2011-03-24,F,FORD MOTOR CO DEL,,,14.39000,15.11500,15.04000,128208200,0.051013,15.04000,15.05000,14.40000,0.051013
25785,2011-03-25,F,FORD MOTOR CO DEL,,,14.90000,15.20000,15.01000,58966400,-0.001995,15.01000,15.02000,15.20000,-0.001995
25785,2011-03-28,F,FORD MOTOR CO DEL,,,14.83000,15.09000,14.86000,41290300,-0.009993,14.85000,14.86000,14.99000,-0.009993
25785,2011-03-29,F,FORD MOTOR CO DEL,,,14.73000,14.94000,14.84000,33304600,-0.001346,14.83000,14.84000,14.83000,-0.001346
25785,2011-03-30,F,FORD MOTOR CO DEL,,,14.74000,14.97000,14.86000,40931300,0.001348,14.86000,14.87000,14.88000,0.001348
25785,2011-03-31,F,FORD MOTOR CO DEL,,,14.71000,14.95000,14.91000,41975800,0.003365,14.90000,14.91000,14.82000,0.003365
25785,2011-04-01,F,FORD MOTOR CO DEL,,,14.92000,15.42000,15.16000,116309200,0.016767,15.18000,15.19000,15.03000,0.016767
25785,2011-04-04,F,FORD MOTOR CO DEL,,,15.39000,15.74000,15.55000,99126400,0.025726,15.55000,15.56000,15.39000,0.025726
25785,2011-04-05,F,FORD MOTOR CO DEL,,,15.55000,15.81000,15.79000,72461700,0.015434,15.80000,15.81000,15.65000,0.015434
25785,2011-04-06,F,FORD MOTOR CO DEL,,,15.61000,15.98000,15.73000,62322500,-0.003800,15.73000,15.74000,15.91000,-0.003800
25785,2011-04-07,F,FORD MOTOR CO DEL,,,15.45000,15.82000,15.53000,51336100,-0.012715,15.51000,15.52000,15.71000,-0.012715
25785,2011-04-08,F,FORD MOTOR CO DEL,,,15.16000,15.68000,15.33000,51197800,-0.012878,15.31000,15.32000,15.65000,-0.012878
25785,2011-04-11,F,FORD MOTOR CO DEL,,,14.74000,15.40000,14.86000,85631600,-0.030659,14.86000,14.87000,15.27000,-0.030659
25785,2011-04-12,F,FORD MOTOR CO DEL,,,14.50000,15.00000,14.91000,82765400,0.003365,14.90000,14.91000,14.59000,0.003365
25785,2011-04-13,F,FORD MOTOR CO DEL,,,14.80000,15.05000,14.98000,58745700,0.004695,14.97000,14.98000,15.04000,0.004695
25785,2011-04-14,F,FORD MOTOR CO DEL,,,14.61000,14.85000,14.81000,62386500,-0.011348,14.80000,14.81000,14.74000,-0.011348
25785,2011-04-15,F,FORD MOTOR CO DEL,,,14.61000,14.90500,14.71000,47501400,-0.006752,14.69000,14.70000,14.86000,-0.006752
25785,2011-04-18,F,FORD MOTOR CO DEL,,,14.48500,14.74000,14.62000,49845400,-0.006118,14.61000,14.62000,14.51000,-0.006118
25785,2011-04-19,F,FORD MOTOR CO DEL,,,14.54000,14.79000,14.66000,33587900,0.002736,14.66000,14.67000,14.65000,0.002736
25785,2011-04-20,F,FORD MOTOR CO DEL,,,14.84000,15.20000,15.09000,71006200,0.029332,15.09000,15.10000,14.95000,0.029332
25785,2011-04-21,F,FORD MOTOR CO DEL,,,15.10000,15.45000,15.43000,53198800,0.022531,15.42000,15.43000,15.23000,0.022531
25785,2011-04-25,F,FORD MOTOR CO DEL,,,15.35000,15.59000,15.54000,54506000,0.007129,15.54000,15.55000,15.51000,0.007129
25785,2011-04-26,F,FORD MOTOR CO DEL,,,15.66000,16.18000,15.66000,166852700,0.007722,15.66000,15.67000,16.04000,0.007722
25785,2011-04-27,F,FORD MOTOR CO DEL,,,15.42000,15.87000,15.58000,84396000,-0.005109,15.59000,15.60000,15.85000,-0.005109
25785,2011-04-28,F,FORD MOTOR CO DEL,,,15.42000,15.70000,15.50000,48148300,-0.005135,15.47000,15.48000,15.47000,-0.005135
25785,2011-04-29,F,FORD MOTOR CO DEL,,,15.40000,15.68000,15.47000,40215800,-0.001935,15.46000,15.46000,15.49000,-0.001935
25785,2011-05-02,F,FORD MOTOR CO DEL,,,15.41000,15.69000,15.45000,42187400,-0.001293,15.44000,15.45000,15.52000,-0.001293
25785,2011-05-03,F,FORD MOTOR CO DEL,,,15.26000,15.56000,15.38000,68681500,-0.004531,15.37000,15.38000,15.42000,-0.004531
25785,2011-05-04,F,FORD MOTOR CO DEL,,,14.97000,15.45000,15.15000,71777900,-0.014955,15.14000,15.15000,15.42000,-0.014955
25785,2011-05-05,F,FORD MOTOR CO DEL,,,14.88000,15.30000,15.08000,62569500,-0.004620,15.07000,15.08000,14.97000,-0.004620
25785,2011-05-06,F,FORD MOTOR CO DEL,,,15.08000,15.37000,15.11000,58410700,0.001989,15.10000,15.11000,15.26000,0.001989
25785,2011-05-09,F,FORD MOTOR CO DEL,,,15.02000,15.20000,15.08000,33380700,-0.001985,15.07000,15.08000,15.12000,-0.001985
25785,2011-05-10,F,FORD MOTOR CO DEL,,,15.08000,15.20000,15.15000,36654600,0.004642,15.14000,15.15000,15.13000,0.004642
25785,2011-05-11,F,FORD MOTOR CO DEL,,,15.06000,15.35000,15.15000,55013900,0.000000,15.13000,15.14000,15.11000,0.000000
25785,2011-05-12,F,FORD MOTOR CO DEL,,,15.12000,15.34000,15.26000,48857700,0.007261,15.25000,15.26000,15.14000,0.007261
25785,2011-05-13,F,FORD MOTOR CO DEL,,,15.03000,15.30000,15.08000,43326600,-0.011796,15.06000,15.07000,15.21500,-0.011796
25785,2011-05-16,F,FORD MOTOR CO DEL,,,15.10000,15.32000,15.13000,51708500,0.003316,15.13000,15.14000,15.21000,0.003316
25785,2011-05-17,F,FORD MOTOR CO DEL,,,14.82000,15.18000,14.97000,65269800,-0.010575,14.96000,14.97000,15.06000,-0.010575
25785,2011-05-18,F,FORD MOTOR CO DEL,,,14.87000,15.16000,15.12000,41282700,0.010020,15.12000,15.13000,15.01000,0.010020
25785,2011-05-19,F,FORD MOTOR CO DEL,,,15.01000,15.17000,15.12000,38719600,0.000000,15.11000,15.12000,15.10000,0.000000
25785,2011-05-20,F,FORD MOTOR CO DEL,,,14.96500,15.10800,15.00000,39287500,-0.007937,14.98000,14.99000,15.05000,-0.007937
25785,2011-05-23,F,FORD MOTOR CO DEL,,,14.65000,14.93000,14.80000,49541800,-0.013333,14.79000,14.80000,14.70500,-0.013333
25785,2011-05-24,F,FORD MOTOR CO DEL,,,14.56000,14.85000,14.66000,48890200,-0.009459,14.65000,14.66000,14.84000,-0.009459
25785,2011-05-25,F,FORD MOTOR CO DEL,,,14.35000,14.66000,14.58000,93974500,-0.005457,14.57000,14.58000,14.54000,-0.005457
25785,2011-05-26,F,FORD MOTOR CO DEL,,,14.40000,14.60000,14.56000,45970400,-0.001372,14.55000,14.56000,14.51000,-0.001372
25785,2011-05-27,F,FORD MOTOR CO DEL,,,14.46000,14.64000,14.60000,35654100,0.002747,14.58000,14.59000,14.55000,0.002747
25785,2011-05-31,F,FORD MOTOR CO DEL,,,14.64000,14.92000,14.92000,66438900,0.021918,14.90000,14.91000,14.75000,0.021918
25785,2011-06-01,F,FORD MOTOR CO DEL,,,14.20000,14.90000,14.23000,91509300,-0.046247,14.23000,14.24000,14.78000,-0.046247
25785,2011-06-02,F,FORD MOTOR CO DEL,,,14.08500,14.36500,14.18000,58588000,-0.003514,14.17000,14.18000,14.26000,-0.003514
25785,2011-06-03,F,FORD MOTOR CO DEL,,,13.81000,14.22000,14.01000,57295800,-0.011989,14.01000,14.02000,13.88000,-0.011989
25785,2011-06-06,F,FORD MOTOR CO DEL,,,13.86000,14.12000,13.91000,54183600,-0.007138,13.91000,13.92000,13.99000,-0.007138
25785,2011-06-07,F,FORD MOTOR CO DEL,,,13.94000,14.19000,13.95000,73293900,0.002876,13.95000,13.96000,14.17000,0.002876
25785,2011-06-08,F,FORD MOTOR CO DEL,,,13.65000,14.01000,13.70000,77161600,-0.017921,13.68000,13.69000,13.96000,-0.017921
25785,2011-06-09,F,FORD MOTOR CO DEL,,,13.58000,13.87000,13.80000,55365400,0.007299,13.79000,13.80000,13.74000,0.007299
25785,2011-06-10,F,FORD MOTOR CO DEL,,,13.33000,13.74000,13.35000,96683900,-0.032609,13.40000,13.41000,13.68000,-0.032609
25785,2011-06-13,F,FORD MOTOR CO DEL,,,12.78000,13.26000,13.14000,110748300,-0.015730,13.13000,13.14000,13.14000,-0.015730
25785,2011-06-14,F,FORD MOTOR CO DEL,,,13.25000,13.56000,13.43000,61363100,0.022070,13.43000,13.44000,13.29000,0.022070
25785,2011-06-15,F,FORD MOTOR CO DEL,,,13.05000,13.36000,13.15000,88736600,-0.020849,13.14000,13.15000,13.30000,-0.020849
25785,2011-06-16,F,FORD MOTOR CO DEL,,,12.68000,13.17990,12.83000,91842100,-0.024335,12.82000,12.83000,13.05000,-0.024335
25785,2011-06-17,F,FORD MOTOR CO DEL,,,12.68000,12.95000,12.77000,81067000,-0.004676,12.76000,12.77000,12.94000,-0.004676
25785,2011-06-20,F,FORD MOTOR CO DEL,,,12.65000,13.03000,12.94000,51392700,0.013312,12.94000,12.95000,12.66000,0.013312
25785,2011-06-21,F,FORD MOTOR CO DEL,,,13.04000,13.53000,13.32000,72508000,0.029366,13.32000,13.33000,13.08000,0.029366
25785,2011-06-22,F,FORD MOTOR CO DEL,,,13.33000,13.50000,13.36000,42589500,0.003003,13.36000,13.37000,13.39000,0.003003
25785,2011-06-23,F,FORD MOTOR CO DEL,,,13.06000,13.50000,13.47000,59361900,0.008234,13.46000,13.47000,13.12000,0.008234
25785,2011-06-24,F,FORD MOTOR CO DEL,,,13.14000,13.60000,13.24000,82743600,-0.017075,13.24000,13.25000,13.52000,-0.017075
25785,2011-06-27,F,FORD MOTOR CO DEL,,,13.08500,13.55000,13.46000,50006300,0.016616,13.46000,13.47000,13.35000,0.016616
25785,2011-06-28,F,FORD MOTOR CO DEL,,,13.25000,13.55000,13.33000,54017500,-0.009658,13.32000,13.33000,13.55000,-0.009658
25785,2011-06-29,F,FORD MOTOR CO DEL,,,13.32000,13.51000,13.42000,54119700,0.006752,13.42000,13.43000,13.41000,0.006752
25785,2011-06-30,F,FORD MOTOR CO DEL,,,13.36000,13.97000,13.79000,74124000,0.027571,13.79000,13.80000,13.46000,0.027571
25785,2011-07-01,F,FORD MOTOR CO DEL,,,13.73000,14.13000,14.02000,66311100,0.016679,14.01000,14.02000,13.92000,0.016679
25785,2011-07-05,F,FORD MOTOR CO DEL,,,13.91000,14.18000,14.10000,47019400,0.005706,14.10000,14.11000,14.07000,0.005706
25785,2011-07-06,F,FORD MOTOR CO DEL,,,13.89000,14.13000,13.96000,46235100,-0.009929,13.95000,13.96000,14.13000,-0.009929
25785,2011-07-07,F,FORD MOTOR CO DEL,,,13.90000,14.22000,14.12000,66182700,0.011461,14.12000,14.13000,14.13000,0.011461
25785,2011-07-08,F,FORD MOTOR CO DEL,,,13.61000,13.90000,13.88000,68554700,-0.016997,13.88000,13.89000,13.86000,-0.016997
25785,2011-07-11,F,FORD MOTOR CO DEL,,,13.26000,13.69000,13.32000,61376100,-0.040346,13.32000,13.33000,13.64000,-0.040346
25785,2011-07-12,F,FORD MOTOR CO DEL,,,13.12000,13.38000,13.12000,57768900,-0.015015,13.12000,13.13000,13.13000,-0.015015
25785,2011-07-13,F,FORD MOTOR CO DEL,,,13.23000,13.43000,13.27000,44328100,0.011433,13.27000,13.28000,13.30000,0.011433
25785,2011-07-14,F,FORD MOTOR CO DEL,,,13.04000,13.40000,13.09000,45988900,-0.013564,13.08000,13.09000,13.33000,-0.013564
25785,2011-07-15,F,FORD MOTOR CO DEL,,,13.00000,13.20000,13.09000,41225000,0.000000,13.09000,13.10000,13.14000,0.000000
25785,2011-07-18,F,FORD MOTOR CO DEL,,,12.63000,13.06000,12.90000,66084700,-0.014515,12.89000,12.90000,13.02000,-0.014515
25785,2011-07-19,F,FORD MOTOR CO DEL,,,12.86000,13.18000,13.09000,53892600,0.014729,13.09000,13.10000,13.00000,0.014729
25785,2011-07-20,F,FORD MOTOR CO DEL,,,12.92000,13.19000,13.08000,33450600,-0.000764,13.07000,13.08000,13.19000,-0.000764
25785,2011-07-21,F,FORD MOTOR CO DEL,,,13.08000,13.32000,13.28000,43706200,0.015291,13.28000,13.29000,13.16000,0.015291
25785,2011-07-22,F,FORD MOTOR CO DEL,,,13.15000,13.34000,13.31000,26480500,0.002259,13.31000,13.32000,13.29000,0.002259
25785,2011-07-25,F,FORD MOTOR CO DEL,,,13.01000,13.24000,13.17000,45334200,-0.010518,13.15000,13.16000,13.04000,-0.010518
25785,2011-07-26,F,FORD MOTOR CO DEL,,,12.85000,13.44000,12.94000,109165800,-0.017464,12.93000,12.94000,13.30000,-0.017464
25785,2011-07-27,F,FORD MOTOR CO DEL,,,12.30000,12.85000,12.37000,113808500,-0.044049,12.37000,12.38000,12.80000,-0.044049
25785,2011-07-28,F,FORD MOTOR CO DEL,,,12.30000,12.65000,12.32000,69884600,-0.004042,12.32000,12.33000,12.40000,-0.004042
25785,2011-07-29,F,FORD MOTOR CO DEL,,,12.00000,12.42000,12.21000,68621600,-0.008929,12.21000,12.22000,12.11000,-0.008929
25785,2011-08-01,F,FORD MOTOR CO DEL,,,12.21000,12.81000,12.35000,73793500,0.011466,12.35000,12.36000,12.75000,0.011466
25785,2011-08-02,F,FORD MOTOR CO DEL,,,11.82000,12.35000,11.85000,97171100,-0.040486,11.83000,11.84000,12.28000,-0.040486
25785,2011-08-03,F,FORD MOTOR CO DEL,,,11.36000,11.92000,11.65000,127291400,-0.016878,11.64000,11.65000,11.92000,-0.016878
25785,2011-08-04,F,FORD MOTOR CO DEL,,,10.77000,11.51000,10.86000,153368700,-0.067811,10.85000,10.86000,11.49000,-0.067811
25785,2011-08-05,F,FORD MOTOR CO DEL,,,10.32000,11.23000,10.84000,139254200,-0.001842,10.82000,10.83000,11.05000,-0.001842
25785,2011-08-08,F,FORD MOTOR CO DEL,,,9.87000,10.42000,9.93000,202155800,-0.083948,9.92000,9.93000,10.02000,-0.083948
25785,2011-08-09,F,FORD MOTOR CO DEL,,,10.13000,10.95000,10.91000,177330900,0.098691,10.91000,10.92000,10.50000,0.098691
25785,2011-08-10,F,FORD MOTOR CO DEL,,,10.32000,10.87000,10.41000,119886400,-0.045830,10.40000,10.41000,10.82000,-0.045830
25785,2011-08-11,F,FORD MOTOR CO DEL,,,10.43000,11.12000,10.94000,114926700,0.050913,10.91000,10.92000,10.48000,0.050913
25785,2011-08-12,F,FORD MOTOR CO DEL,,,11.00000,11.31000,11.06000,79279200,0.010969,11.06000,11.07000,11.29000,0.010969
25785,2011-08-15,F,FORD MOTOR CO DEL,,,11.17000,11.37000,11.35000,46296000,0.026221,11.34000,11.35000,11.29000,0.026221
25785,2011-08-16,F,FORD MOTOR CO DEL,,,11.04760,11.45000,11.22000,53398200,-0.011454,11.21000,11.22000,11.23000,-0.011454
25785,2011-08-17,F,FORD MOTOR CO DEL,,,10.92000,11.40000,11.11000,52262000,-0.009804,11.10000,11.11000,11.34000,-0.009804
25785,2011-08-18,F,FORD MOTOR CO DEL,,,10.22000,10.70000,10.38000,87187900,-0.065707,10.38000,10.39000,10.67000,-0.065707
25785,2011-08-19,F,FORD MOTOR CO DEL,,,9.90000,10.45000,9.99000,87207200,-0.037572,9.98000,9.99000,10.05000,-0.037572
25785,2011-08-22,F,FORD MOTOR CO DEL,,,9.81000,10.39000,10.01000,73424400,0.002002,10.01000,10.02000,10.39000,0.002002
25785,2011-08-23,F,FORD MOTOR CO DEL,,,10.01000,10.32000,10.31000,52107600,0.029970,10.31000,10.32000,10.16000,0.029970
25785,2011-08-24,F,FORD MOTOR CO DEL,,,10.13000,10.46000,10.45000,53035500,0.013579,10.44000,10.45000,10.31000,0.013579
25785,2011-08-25,F,FORD MOTOR CO DEL,,,10.22000,10.72000,10.28000,50166000,-0.016268,10.28000,10.29000,10.53000,-0.016268
25785,2011-08-26,F,FORD MOTOR CO DEL,,,10.06000,10.53000,10.40000,59398600,0.011673,10.40000,10.41000,10.18000,0.011673
25785,2011-08-29,F,FORD MOTOR CO DEL,,,10.61000,10.95000,10.93000,48857900,0.050962,10.92000,10.93000,10.64000,0.050962
25785,2011-08-30,F,FORD MOTOR CO DEL,,,10.64000,10.96000,10.87000,50354300,-0.005490,10.86000,10.87000,10.87000,-0.005490
25785,2011-08-31,F,FORD MOTOR CO DEL,,,10.98000,11.30000,11.12000,69283600,0.022999,11.11000,11.12000,11.03000,0.022999
25785,2011-09-01,F,FORD MOTOR CO DEL,,,10.81000,11.27000,10.85000,64030900,-0.024281,10.84000,10.85000,11.14000,-0.024281
25785,2011-09-02,F,FORD MOTOR CO DEL,,,10.26000,10.68240,10.42000,62021000,-0.039631,10.41000,10.42000,10.53000,-0.039631
25785,2011-09-06,F,FORD MOTOR CO DEL,,,10.00000,10.27000,10.22000,65565600,-0.019194,10.22000,10.23000,10.02000,-0.019194
25785,2011-09-07,F,FORD MOTOR CO DEL,,,10.32000,10.58000,10.56000,45052700,0.033268,10.54000,10.55000,10.44000,0.033268
25785,2011-09-08,F,FORD MOTOR CO DEL,,,10.27000,10.64000,10.34000,45105400,-0.020833,10.34000,10.35000,10.49000,-0.020833
25785,2011-09-09,F,FORD MOTOR CO DEL,,,9.98000,10.29000,10.05000,69911200,-0.028046,10.05000,10.06000,10.11000,-0.028046
25785,2011-09-12,F,FORD MOTOR CO DEL,,,9.85000,10.14000,10.11000,58352000,0.005970,10.11000,10.12000,9.86000,0.005970
25785,2011-09-13,F,FORD MOTOR CO DEL,,,10.00000,10.23000,10.17000,44205200,0.005935,10.15000,10.16000,10.16000,0.005935
25785,2011-09-14,F,FORD MOTOR CO DEL,,,10.04000,10.50000,10.32000,70810200,0.014749,10.32000,10.33000,10.25000,0.014749
25785,2011-09-15,F,FORD MOTOR CO DEL,,,10.32000,10.64000,10.63000,53843200,0.030039,10.62000,10.63000,10.45000,0.030039
25785,2011-09-16,F,FORD MOTOR CO DEL,,,10.35470,10.69000,10.62000,46859500,-0.000941,10.61000,10.62000,10.62000,-0.000941
25785,2011-09-19,F,FORD MOTOR CO DEL,,,10.30000,10.62000,10.54000,41663800,-0.007533,10.54000,10.55000,10.34000,-0.007533
25785,2011-09-20,F,FORD MOTOR CO DEL,,,10.41000,10.65000,10.42000,37706900,-0.011385,10.42000,10.43000,10.61000,-0.011385
25785,2011-09-21,F,FORD MOTOR CO DEL,,,9.97000,10.51000,9.97000,62309200,-0.043186,9.98000,9.98000,10.40000,-0.043186
25785,2011-09-22,F,FORD MOTOR CO DEL,,,9.43000,10.14000,9.62000,115851100,-0.035105,9.61000,9.62000,9.79000,-0.035105
25785,2011-09-23,F,FORD MOTOR CO DEL,,,9.32000,9.98000,9.86000,70702500,0.024948,9.85000,9.86000,9.46000,0.024948
25785,2011-09-26,F,FORD MOTOR CO DEL,,,9.70000,10.09000,10.08000,54424800,0.022312,10.07000,10.08000,9.96000,0.022312
25785,2011-09-27,F,FORD MOTOR CO DEL,,,10.09000,10.35000,10.12000,65062200,0.003968,10.12000,10.13000,10.32000,0.003968
25785,2011-09-28,F,FORD MOTOR CO DEL,,,9.90000,10.22000,9.93000,43567600,-0.018775,9.92000,9.93000,10.18000,-0.018775
25785,2011-09-29,F,FORD MOTOR CO DEL,,,9.75000,10.15000,10.00000,52634800,0.007049,9.99000,10.00000,10.14000,0.007049
25785,2011-09-30,F,FORD MOTOR CO DEL,,,9.65000,10.01000,9.67000,56819900,-0.033000,9.66000,9.67000,9.89000,-0.033000
25785,2011-10-03,F,FORD MOTOR CO DEL,,,9.36000,9.92000,9.37000,72828100,-0.031024,9.36000,9.37000,9.66000,-0.031024
25785,2011-10-04,F,FORD MOTOR CO DEL,,,9.05000,10.13000,10.08000,103876100,0.075774,10.09000,10.10000,9.22000,0.075774
25785,2011-10-05,F,FORD MOTOR CO DEL,,,9.83000,10.59000,10.56000,96318000,0.047619,10.55000,10.56000,10.06500,0.047619
25785,2011-10-06,F,FORD MOTOR CO DEL,,,10.56000,11.00000,10.99000,86277500,0.040720,10.98000,10.99000,10.61000,0.040720
25785,2011-10-07,F,FORD MOTOR CO DEL,,,10.63000,11.20000,10.69000,87812400,-0.027298,10.68000,10.69000,11.04000,-0.027298
25785,2011-10-10,F,FORD MOTOR CO DEL,,,10.90130,11.23000,11.21000,57668200,0.048644,11.21000,11.22000,10.93000,0.048644
25785,2011-10-11,F,FORD MOTOR CO DEL,,,11.02000,11.29000,11.24000,61331900,0.002676,11.23000,11.24000,11.17000,0.002676
25785,2011-10-12,F,FORD MOTOR CO DEL,,,11.38000,11.80000,11.38000,82907400,0.012456,11.38000,11.39000,11.40000,0.012456
25785,2011-10-13,F,FORD MOTOR CO DEL,,,11.04000,11.46000,11.34000,60021300,-0.003515,11.33000,11.34000,11.39000,-0.003515
25785,2011-10-14,F,FORD MOTOR CO DEL,,,11.34000,11.67000,11.56000,54535700,0.019400,11.56000,11.57000,11.58000,0.019400
25785,2011-10-17,F,FORD MOTOR CO DEL,,,11.32000,11.76000,11.40000,53715600,-0.013841,11.39000,11.40000,11.71000,-0.013841
25785,2011-10-18,F,FORD MOTOR CO DEL,,,11.27000,11.93000,11.78000,66804200,0.033333,11.77000,11.78000,11.41000,0.033333
25785,2011-10-19,F,FORD MOTOR CO DEL,,,11.46000,11.92000,11.56000,69510100,-0.018676,11.55000,11.56000,11.77000,-0.018676
25785,2011-10-20,F,FORD MOTOR CO DEL,,,11.47000,11.75000,11.70000,62145700,0.012111,11.70000,11.71000,11.66000,0.012111
25785,2011-10-21,F,FORD MOTOR CO DEL,,,11.84000,12.32000,12.26000,86635900,0.047863,12.27000,12.28000,11.86000,0.047863
25785,2011-10-24,F,FORD MOTOR CO DEL,,,12.30000,12.65000,12.51000,68986800,0.020392,12.51000,12.52000,12.31000,0.020392
25785,2011-10-25,F,FORD MOTOR CO DEL,,,12.14000,12.59000,12.43000,77049100,-0.006395,12.43000,12.44000,12.58000,-0.006395
25785,2011-10-26,F,FORD MOTOR CO DEL,,,11.54000,12.20000,11.87000,159678600,-0.045052,11.86000,11.87000,12.09000,-0.045052
25785,2011-10-27,F,FORD MOTOR CO DEL,,,11.71000,12.29000,12.08000,132348300,0.017692,12.07000,12.08000,12.29000,0.017692
25785,2011-10-28,F,FORD MOTOR CO DEL,,,11.86000,12.07000,12.00000,60363200,-0.006623,11.98000,11.99000,11.97000,-0.006623
25785,2011-10-31,F,FORD MOTOR CO DEL,,,11.68000,11.91000,11.68000,41740300,-0.026667,11.68000,11.69000,11.80000,-0.026667
25785,2011-11-01,F,FORD MOTOR CO DEL,,,11.03000,11.39000,11.08000,108259900,-0.051370,11.07000,11.08000,11.33000,-0.051370
25785,2011-11-02,F,FORD MOTOR CO DEL,,,11.04000,11.28000,11.15000,52811700,0.006318,11.15000,11.16000,11.26000,0.006318
25785,2011-11-03,F,FORD MOTOR CO DEL,,,11.02000,11.39000,11.32000,57802100,0.015247,11.32000,11.33000,11.29000,0.015247
25785,2011-11-04,F,FORD MOTOR CO DEL,,,11.12000,11.39000,11.27000,43133100,-0.004417,11.26000,11.27000,11.28000,-0.004417
25785,2011-11-07,F,FORD MOTOR CO DEL,,,11.06000,11.30000,11.22000,39924300,-0.004437,11.21000,11.22000,11.20000,-0.004437
25785,2011-11-08,F,FORD MOTOR CO DEL,,,11.18000,11.68000,11.61000,60893300,0.034759,11.61000,11.62000,11.27000,0.034759
25785,2011-11-09,F,FORD MOTOR CO DEL,,,10.98000,11.37850,11.04000,72025900,-0.049096,11.03000,11.04000,11.20000,-0.049096
25785,2011-11-10,F,FORD MOTOR CO DEL,,,10.90000,11.19000,10.99000,50555100,-0.004529,10.97000,10.98000,11.17000,-0.004529
25785,2011-11-11,F,FORD MOTOR CO DEL,,,11.05000,11.18000,11.14000,32872300,0.013649,11.12000,11.13000,11.15000,0.013649
25785,2011-11-14,F,FORD MOTOR CO DEL,,,10.98000,11.16500,11.02000,30530100,-0.010772,11.00000,11.01000,11.12000,-0.010772
25785,2011-11-15,F,FORD MOTOR CO DEL,,,10.82000,11.00000,10.87000,43972800,-0.013612,10.87000,10.88000,10.93000,-0.013612
25785,2011-11-16,F,FORD MOTOR CO DEL,,,10.50000,10.82000,10.56000,49001200,-0.028519,10.55000,10.56000,10.80000,-0.028519
25785,2011-11-17,F,FORD MOTOR CO DEL,,,10.07000,10.56000,10.17000,69670700,-0.036932,10.16000,10.16000,10.54000,-0.036932
25785,2011-11-18,F,FORD MOTOR CO DEL,,,10.07000,10.30000,10.10000,44422000,-0.006883,10.09000,10.10000,10.28000,-0.006883
25785,2011-11-21,F,FORD MOTOR CO DEL,,,9.80000,10.12000,10.05000,60890000,-0.004951,10.05000,10.06000,9.99000,-0.004951
25785,2011-11-22,F,FORD MOTOR CO DEL,,,9.90000,10.15000,10.09000,43750600,0.003980,10.08000,10.09000,10.02000,0.003980
25785,2011-11-23,F,FORD MOTOR CO DEL,,,9.83000,10.04000,9.83000,44979300,-0.025768,9.83000,9.84000,9.97000,-0.025768
25785,2011-11-25,F,FORD MOTOR CO DEL,,,9.75000,9.95000,9.75000,20118500,-0.008138,9.75000,9.76000,9.81000,-0.008138
25785,2011-11-28,F,FORD MOTOR CO DEL,,,9.90000,10.19000,10.00000,57953200,0.025641,10.00000,10.01000,10.15000,0.025641
25785,2011-11-29,F,FORD MOTOR CO DEL,,,9.92000,10.12820,9.99000,40449900,-0.001000,9.99000,10.00000,10.03000,-0.001000
25785,2011-11-30,F,FORD MOTOR CO DEL,,,10.17000,10.60000,10.60000,66922200,0.061061,10.59000,10.60000,10.33000,0.061061
25785,2011-12-01,F,FORD MOTOR CO DEL,,,10.41000,10.81000,10.59000,61396900,-0.000943,10.59000,10.60000,10.51000,-0.000943
25785,2011-12-02,F,FORD MOTOR CO DEL,,,10.75000,11.10000,10.90000,67252600,0.029273,10.90000,10.91000,10.79000,0.029273
25785,2011-12-05,F,FORD MOTOR CO DEL,,,11.02000,11.42000,11.11000,65924600,0.019266,11.11000,11.12000,11.16000,0.019266
25785,2011-12-06,F,FORD MOTOR CO DEL,,,11.00000,11.19000,11.05000,39786100,-0.005400,11.04000,11.05000,11.10000,-0.005400
25785,2011-12-07,F,FORD MOTOR CO DEL,,,10.88000,11.15000,11.08000,45168700,0.002715,11.06000,11.07000,11.00000,0.002715
25785,2011-12-08,F,FORD MOTOR CO DEL,,,9.84000,11.11000,10.75000,82552200,-0.029783,10.75000,10.76000,10.96000,-0.029783
25785,2011-12-09,F,FORD MOTOR CO DEL,,,10.87000,11.11000,11.03000,48326600,0.026046,11.02000,11.03000,10.94000,0.026046
25785,2011-12-12,F,FORD MOTOR CO DEL,,,10.68000,10.89000,10.85000,40785400,-0.016319,10.83000,10.84000,10.87000,-0.016319
25785,2011-12-13,F,FORD MOTOR CO DEL,,,10.36000,11.04000,10.48000,67905500,-0.034101,10.46000,10.47000,10.92000,-0.034101
25785,2011-12-14,F,FORD MOTOR CO DEL,,,10.10000,10.41000,10.15000,53224200,-0.031489,10.13000,10.14000,10.33000,-0.031489
25785,2011-12-15,F,FORD MOTOR CO DEL,,,10.19000,10.41500,10.25000,46640200,0.009852,10.25000,10.26000,10.31000,0.009852
25785,2011-12-16,F,FORD MOTOR CO DEL,,,10.16000,10.40000,10.25000,45999100,0.000000,10.23000,10.24000,10.32000,0.000000
25785,2011-12-19,F,FORD MOTOR CO DEL,,,9.99000,10.39000,10.02000,45068200,-0.022439,10.01000,10.02000,10.25000,-0.022439
25785,2011-12-20,F,FORD MOTOR CO DEL,,,10.18000,10.38000,10.33000,45235000,0.030938,10.33000,10.34000,10.21000,0.030938
25785,2011-12-21,F,FORD MOTOR CO DEL,,,10.33000,10.74000,10.66000,56203000,0.031946,10.65000,10.66000,10.38000,0.031946
25785,2011-12-22,F,FORD MOTOR CO DEL,,,10.66000,10.98000,10.94000,43983100,0.026266,10.94000,10.95000,10.78000,0.026266
25785,2011-12-23,F,FORD MOTOR CO DEL,,,10.79000,11.00000,10.95000,26953000,0.000914,10.93000,10.94000,10.99000,0.000914
25785,2011-12-27,F,FORD MOTOR CO DEL,,,10.76000,10.98000,10.81000,25444800,-0.012785,10.80000,10.81000,10.87000,-0.012785
25785,2011-12-28,F,FORD MOTOR CO DEL,,,10.43000,10.84000,10.52000,33450900,-0.026827,10.52000,10.53000,10.82000,-0.026827
25785,2011-12-29,F,FORD MOTOR CO DEL,,,10.50000,10.75000,10.68000,34317000,0.015209,10.67000,10.68000,10.56000,0.015209
25785,2011-12-30,F,FORD MOTOR CO DEL,,,10.60000,10.79000,10.76000,26815800,0.007491,10.75000,10.76000,10.64000,0.007491
25785,2012-01-03,F,FORD MOTOR CO DEL,,,10.99000,11.25000,11.13000,45709800,0.034387,11.13000,11.14000,11.00000,0.034387
25785,2012-01-04,F,FORD MOTOR CO DEL,,,11.07000,11.53000,11.30000,79725200,0.015274,11.33000,11.34000,11.15000,0.015274
25785,2012-01-05,F,FORD MOTOR CO DEL,,,11.24000,11.63000,11.59000,67877400,0.025664,11.59000,11.60000,11.33000,0.025664
25785,2012-01-06,F,FORD MOTOR CO DEL,,,11.52000,11.80000,11.71000,59840600,0.010354,11.72000,11.73000,11.74000,0.010354
25785,2012-01-09,F,FORD MOTOR CO DEL,,,11.70000,11.95000,11.80000,53981500,0.007686,11.80000,11.81000,11.83000,0.007686
25785,2012-01-10,F,FORD MOTOR CO DEL,,,11.63000,12.05000,11.80000,121750600,0.000000,11.79000,11.80000,12.00000,0.000000
25785,2012-01-11,F,FORD MOTOR CO DEL,,,11.65000,12.18000,12.07000,63806000,0.022881,12.07000,12.08000,11.74000,0.022881
25785,2012-01-12,F,FORD MOTOR CO DEL,,,11.89000,12.18000,12.14000,48687700,0.005800,12.13000,12.14000,12.16000,0.005800
25785,2012-01-13,F,FORD MOTOR CO DEL,,,11.84000,12.08000,12.04000,46388700,-0.008237,12.03000,12.04000,12.01000,-0.008237
25785,2012-01-17,F,FORD MOTOR CO DEL,,,11.96000,12.26000,12.01500,44398500,-0.002076,12.01000,12.02000,12.20000,-0.002076
25785,2012-01-18,F,FORD MOTOR CO DEL,,,12.00000,12.37000,12.34000,47102600,0.027050,12.33000,12.34000,12.03000,0.027050
25785,2012-01-19,F,FORD MOTOR CO DEL,,,12.43000,12.72000,12.61000,70894200,0.021880,12.60000,12.61000,12.48000,0.021880
25785,2012-01-20,F,FORD MOTOR CO DEL,,,12.45000,12.63500,12.59000,43705700,-0.001586,12.59000,12.60000,12.55000,-0.001586
25785,2012-01-23,F,FORD MOTOR CO DEL,,,12.55000,12.84000,12.66000,49388600,0.005560,12.66000,12.67000,12.69000,0.005560
25785,2012-01-24,F,FORD MOTOR CO DEL,,,12.46000,12.86000,12.82000,45768300,0.012638,12.82000,12.83000,12.56000,0.012638
25785,2012-01-25,F,FORD MOTOR CO DEL,,,12.70000,12.98000,12.93000,54021600,0.008580,12.91000,12.92000,12.80000,0.008580
25785,2012-01-26,F,FORD MOTOR CO DEL,,,12.66000,13.05000,12.79000,75470600,-0.010828,12.78000,12.79000,13.03000,-0.010828
25785,2012-01-27,F,FORD MOTOR CO DEL,,,11.79000,12.53000,12.21000,142155200,-0.041439,12.21000,12.22000,11.96000,-0.045348
25785,2012-01-30,F,FORD MOTOR CO DEL,,,12.00000,12.44000,12.29000,57752500,0.006552,12.30000,12.31000,12.06000,0.006552
25785,2012-01-31,F,FORD MOTOR CO DEL,,,12.20000,12.51000,12.42000,46425300,0.010578,12.41000,12.42000,12.47000,0.010578
25785,2012-02-01,F,FORD MOTOR CO DEL,,,12.29000,12.75000,12.33000,71669000,-0.007246,12.33000,12.34000,12.73000,-0.007246
25785,2012-02-02,F,FORD MOTOR CO DEL,,,12.20000,12.43000,12.26000,48347600,-0.005677,12.26000,12.27000,12.40000,-0.005677
25785,2012-02-03,F,FORD MOTOR CO DEL,,,12.39000,12.84000,12.79000,78851100,0.043230,12.77000,12.78000,12.47000,0.043230
25785,2012-02-06,F,FORD MOTOR CO DEL,,,12.71000,13.00000,12.96000,46363200,0.013292,12.95000,12.96000,12.85000,0.013292
25785,2012-02-07,F,FORD MOTOR CO DEL,,,12.83000,12.97000,12.88000,39413400,-0.006173,12.88000,12.89000,12.93000,-0.006173
25785,2012-02-08,F,FORD MOTOR CO DEL,,,12.80000,12.96000,12.84000,35352400,-0.003106,12.85000,12.86000,12.91000,-0.003106
25785,2012-02-09,F,FORD MOTOR CO DEL,,,12.67000,12.90000,12.69000,52290500,-0.011682,12.69000,12.70000,12.89000,-0.011682
25785,2012-02-10,F,FORD MOTOR CO DEL,,,12.37000,12.66000,12.44000,52508000,-0.019701,12.43000,12.44000,12.52000,-0.019701
25785,2012-02-13,F,FORD MOTOR CO DEL,,,12.51000,12.74000,12.54000,34474400,0.008039,12.53000,12.54000,12.74000,0.008039
25785,2012-02-14,F,FORD MOTOR CO DEL,,,12.34000,12.57990,12.48000,39641900,-0.004785,12.47000,12.48000,12.46000,-0.004785
25785,2012-02-15,F,FORD MOTOR CO DEL,,,12.33000,12.57000,12.38000,38174700,-0.008013,12.37000,12.38000,12.47000,-0.008013
25785,2012-02-16,F,FORD MOTOR CO DEL,,,12.38000,12.77000,12.74000,49166900,0.029079,12.74000,12.75000,12.38000,0.029079
25785,2012-02-17,F,FORD MOTOR CO DEL,,,12.71000,12.87500,12.75000,30778000,0.000785,12.74000,12.75000,12.84000,0.000785
25785,2012-02-21,F,FORD MOTOR CO DEL,,,12.46000,12.76000,12.53000,38436300,-0.017255,12.53000,12.54000,12.74000,-0.017255
25785,2012-02-22,F,FORD MOTOR CO DEL,,,12.22000,12.51000,12.28000,43325900,-0.019952,12.27000,12.28000,12.49000,-0.019952
25785,2012-02-23,F,FORD MOTOR CO DEL,,,12.16000,12.44000,12.40000,36747500,0.009772,12.39000,12.40000,12.27000,0.009772
25785,2012-02-24,F,FORD MOTOR CO DEL,,,12.19000,12.46000,12.23000,31399300,-0.013710,12.22000,12.23000,12.43000,-0.013710
25785,2012-02-27,F,FORD MOTOR CO DEL,,,11.99000,12.36000,12.30000,38703300,0.005724,12.30000,12.31000,12.11000,0.005724
25785,2012-02-28,F,FORD MOTOR CO DEL,,,12.20000,12.35000,12.25000,30789400,-0.004065,12.25000,12.26000,12.34000,-0.004065
25785,2012-02-29,F,FORD MOTOR CO DEL,,,12.25000,12.55000,12.38000,62093700,0.010612,12.37000,12.38000,12.28000,0.010612
25785,2012-03-01,F,FORD MOTOR CO DEL,,,12.45000,12.77000,12.66000,68263200,0.022617,12.67000,12.68000,12.48000,0.022617
25785,2012-03-02,F,FORD MOTOR CO DEL,,,12.68000,12.94000,12.72000,49064400,0.004739,12.72000,12.73000,12.74000,0.004739
25785,2012-03-05,F,FORD MOTOR CO DEL,,,12.41000,12.68000,12.46000,28438500,-0.020440,12.45000,12.46000,12.67000,-0.020440
25785,2012-03-06,F,FORD MOTOR CO DEL,,,12.00000,12.25000,12.09000,57374500,-0.029695,12.08000,12.09000,12.23000,-0.029695
25785,2012-03-07,F,FORD MOTOR CO DEL,,,12.15000,12.30000,12.24000,28440900,0.012407,12.24000,12.25000,12.21000,0.012407
25785,2012-03-08,F,FORD MOTOR CO DEL,,,12.32000,12.55000,12.46000,37130400,0.017974,12.46000,12.47000,12.41000,0.017974
25785,2012-03-09,F,FORD MOTOR CO DEL,,,12.48000,12.73000,12.58000,36162800,0.009631,12.58000,12.59000,12.53000,0.009631
25785,2012-03-12,F,FORD MOTOR CO DEL,,,12.37000,12.59000,12.43000,30275700,-0.011924,12.42000,12.43000,12.57000,-0.011924
25785,2012-03-13,F,FORD MOTOR CO DEL,,,12.40000,12.72000,12.70000,42783600,0.021722,12.69000,12.70000,12.48000,0.021722
25785,2012-03-14,F,FORD MOTOR CO DEL,,,12.63000,12.90000,12.88000,47578400,0.014173,12.87000,12.88000,12.64000,0.014173
25785,2012-03-15,F,FORD MOTOR CO DEL,,,12.83000,13.04000,12.90000,55316900,0.001553,12.89000,12.90000,12.90000,0.001553
25785,2012-03-16,F,FORD MOTOR CO DEL,,,12.50750,12.90000,12.51000,77123700,-0.030233,12.52000,12.53000,12.86000,-0.030233
25785,2012-03-19,F,FORD MOTOR CO DEL,,,12.48000,12.68000,12.63000,52445600,0.009592,12.62000,12.63000,12.52000,0.009592
25785,2012-03-20,F,FORD MOTOR CO DEL,,,12.39000,12.61000,12.54000,40217400,-0.007126,12.54000,12.55000,12.48000,-0.007126
25785,2012-03-21,F,FORD MOTOR CO DEL,,,12.54500,12.67000,12.57000,27528400,0.002392,12.57000,12.58000,12.59000,0.002392
25785,2012-03-22,F,FORD MOTOR CO DEL,,,12.24000,12.53850,12.32000,50125100,-0.019889,12.31000,12.32000,12.48000,-0.019889
25785,2012-03-23,F,FORD MOTOR CO DEL,,,12.18000,12.37000,12.32000,44759200,0.000000,12.32000,12.33000,12.31000,0.000000
25785,2012-03-26,F,FORD MOTOR CO DEL,,,12.39000,12.50000,12.48000,26756800,0.012987,12.48000,12.49000,12.45000,0.012987
25785,2012-03-27,F,FORD MOTOR CO DEL,,,12.30000,12.61000,12.32000,35070600,-0.012821,12.31000,12.32000,12.51000,-0.012821
25785,2012-03-28,F,FORD MOTOR CO DEL,,,12.18000,12.35900,12.32000,41051700,0.000000,12.31000,12.32000,12.35000,0.000000
25785,2012-03-29,F,FORD MOTOR CO DEL,,,12.23750,12.52000,12.50000,51039800,0.014610,12.49000,12.50000,12.33000,0.014610
25785,2012-03-30,F,FORD MOTOR CO DEL,,,12.40000,12.58000,12.47500,36391800,-0.002000,12.47000,12.48000,12.55000,-0.002000
25785,2012-04-02,F,FORD MOTOR CO DEL,,,12.44000,12.65000,12.62000,43966800,0.011623,12.62000,12.63000,12.50000,0.011623
25785,2012-04-03,F,FORD MOTOR CO DEL,,,12.46000,12.95000,12.64000,97034500,0.001585,12.63000,12.64000,12.71000,0.001585
25785,2012-04-04,F,FORD MOTOR CO DEL,,,12.32000,12.52000,12.50500,51507200,-0.010680,12.50000,12.51000,12.46000,-0.010680
25785,2012-04-05,F,FORD MOTOR CO DEL,,,12.38000,12.58000,12.47000,37939400,-0.002799,12.46000,12.47000,12.38000,-0.002799
25785,2012-04-09,F,FORD MOTOR CO DEL,,,12.11000,12.29000,12.22000,42515300,-0.020048,12.20000,12.21000,12.26000,-0.020048
25785,2012-04-10,F,FORD MOTOR CO DEL,,,11.65000,12.28000,11.79000,77373200,-0.035188,11.78000,11.79000,12.19000,-0.035188
25785,2012-04-11,F,FORD MOTOR CO DEL,,,11.88000,12.02000,11.91000,34757900,0.010178,11.91000,11.92000,11.99000,0.010178
25785,2012-04-12,F,FORD MOTOR CO DEL,,,11.86000,12.13000,12.07000,26988800,0.013434,12.07000,12.08000,11.94000,0.013434
25785,2012-04-13,F,FORD MOTOR CO DEL,,,11.84000,12.03000,11.92000,39707300,-0.012427,11.91000,11.92000,11.98000,-0.012427
25785,2012-04-16,F,FORD MOTOR CO DEL,,,11.83000,12.04990,11.88000,31903500,-0.003356,11.87000,11.88000,12.01000,-0.003356
25785,2012-04-17,F,FORD MOTOR CO DEL,,,11.88000,12.00000,11.91000,35994600,0.002525,11.90000,11.91000,11.98000,0.002525
25785,2012-04-18,F,FORD MOTOR CO DEL,,,11.72000,11.85000,11.79000,32328800,-0.010076,11.78000,11.79000,11.81000,-0.010076
25785,2012-04-19,F,FORD MOTOR CO DEL,,,11.58000,11.88000,11.66000,48172000,-0.011026,11.65000,11.66000,11.81000,-0.011026
25785,2012-04-20,F,FORD MOTOR CO DEL,,,11.39000,11.72000,11.41000,52630900,-0.021441,11.41000,11.42000,11.71000,-0.021441
25785,2012-04-23,F,FORD MOTOR CO DEL,,,11.15000,11.40000,11.35000,31311900,-0.005258,11.34000,11.35000,11.15000,-0.005258
25785,2012-04-24,F,FORD MOTOR CO DEL,,,11.36000,11.61000,11.39000,38656300,0.003524,11.40000,11.41000,11.61000,0.003524
25785,2012-04-25,F,FORD MOTOR CO DEL,,,11.43000,11.75000,11.73000,45186000,0.029851,11.73000,11.74000,11.51000,0.029851
25785,2012-04-26,F,FORD MOTOR CO DEL,,,11.66900,11.93000,11.87000,40894100,0.011935,11.88000,11.89000,11.71000,0.011935
25785,2012-04-27,F,FORD MOTOR CO DEL,,,11.52150,12.04000,11.60000,79459400,-0.022746,11.59000,11.60000,12.03000,-0.022746
25785,2012-04-30,F,FORD MOTOR CO DEL,,,11.15000,11.47000,11.28000,46156300,-0.023276,11.26000,11.27000,11.42000,-0.027586
25785,2012-05-01,F,FORD MOTOR CO DEL,,,11.11000,11.34000,11.23000,44020300,-0.004433,11.23000,11.24000,11.25000,-0.004433
25785,2012-05-02,F,FORD MOTOR CO DEL,,,11.00000,11.17000,11.10000,48572900,-0.011576,11.09000,11.10000,11.16000,-0.011576
25785,2012-05-03,F,FORD MOTOR CO DEL,,,10.85000,11.15000,10.92000,40243300,-0.016216,10.91000,10.92000,11.13000,-0.016216
25785,2012-05-04,F,FORD MOTOR CO DEL,,,10.63000,10.87000,10.67000,53268300,-0.022894,10.66000,10.67000,10.84000,-0.022894
25785,2012-05-07,F,FORD MOTOR CO DEL,,,10.52000,10.79000,10.66000,33246700,-0.000937,10.66000,10.67000,10.53000,-0.000937
25785,2012-05-08,F,FORD MOTOR CO DEL,,,10.40000,10.64000,10.61000,46195500,-0.004690,10.60000,10.61000,10.60000,-0.004690
25785,2012-05-09,F,FORD MOTOR CO DEL,,,10.41000,10.81000,10.69000,54512500,0.007540,10.69000,10.70000,10.48000,0.007540
25785,2012-05-10,F,FORD MOTOR CO DEL,,,10.66000,10.86000,10.71000,42526100,0.001871,10.70000,10.71000,10.83000,0.001871
25785,2012-05-11,F,FORD MOTOR CO DEL,,,10.56000,10.83000,10.58000,36568200,-0.012138,10.57000,10.58000,10.61000,-0.012138
25785,2012-05-14,F,FORD MOTOR CO DEL,,,10.30000,10.52500,10.32000,50225100,-0.024575,10.31000,10.32000,10.41000,-0.024575
25785,2012-05-15,F,FORD MOTOR CO DEL,,,10.10000,10.34000,10.15000,41923700,-0.016473,10.14000,10.15000,10.34000,-0.016473
25785,2012-05-16,F,FORD MOTOR CO DEL,,,10.15000,10.43000,10.16000,44321400,0.000985,10.15000,10.16000,10.23000,0.000985
25785,2012-05-17,F,FORD MOTOR CO DEL,,,10.01000,10.25000,10.01000,49660700,-0.014764,10.01000,10.02000,10.16000,-0.014764
25785,2012-05-18,F,FORD MOTOR CO DEL,,,9.96000,10.18000,10.01000,50572000,0.000000,10.00000,10.01000,10.08000,0.000000
25785,2012-05-21,F,FORD MOTOR CO DEL,,,10.00000,10.23000,10.20000,38137100,0.018981,10.20000,10.21000,10.02000,0.018981
25785,2012-05-22,F,FORD MOTOR CO DEL,,,10.15000,10.40000,10.19000,44295600,-0.000980,10.20000,10.21000,10.25000,-0.000980
25785,2012-05-23,F,FORD MOTOR CO DEL,,,10.22000,10.45000,10.41000,75648900,0.021590,10.42000,10.43000,10.32000,0.021590
25785,2012-05-24,F,FORD MOTOR CO DEL,,,10.38000,10.62000,10.59000,45334000,0.017291,10.59000,10.60000,10.50000,0.017291
25785,2012-05-25,F,FORD MOTOR CO DEL,,,10.51000,10.68000,10.60000,30441200,0.000944,10.59000,10.60000,10.61000,0.000944
25785,2012-05-29,F,FORD MOTOR CO DEL,,,10.68000,10.88000,10.84000,43785500,0.022641,10.85000,10.86000,10.69000,0.022641
25785,2012-05-30,F,FORD MOTOR CO DEL,,,10.52000,10.75000,10.66000,44601600,-0.016605,10.65000,10.66000,10.73000,-0.016605
25785,2012-05-31,F,FORD MOTOR CO DEL,,,10.40000,10.68000,10.56000,54328700,-0.009381,10.58000,10.59000,10.62000,-0.009381
25785,2012-06-01,F,FORD MOTOR CO DEL,,,10.06000,10.37000,10.12000,68237500,-0.041667,10.11000,10.12000,10.33000,-0.041667
25785,2012-06-04,F,FORD MOTOR CO DEL,,,9.91000,10.18000,10.04000,57311500,-0.007905,10.02000,10.03000,10.15000,-0.007905
25785,2012-06-05,F,FORD MOTOR CO DEL,,,9.97000,10.24000,10.19000,38326200,0.014940,10.19000,10.20000,10.01000,0.014940
25785,2012-06-06,F,FORD MOTOR CO DEL,,,10.27000,10.58000,10.57000,50461100,0.037291,10.56000,10.57000,10.29000,0.037291
25785,2012-06-07,F,FORD MOTOR CO DEL,,,10.52000,10.78000,10.55000,33846100,-0.001892,10.54000,10.55000,10.73000,-0.001892
25785,2012-06-08,F,FORD MOTOR CO DEL,,,10.38000,10.68000,10.66000,30816600,0.010427,10.65000,10.66000,10.48000,0.010427
25785,2012-06-11,F,FORD MOTOR CO DEL,,,10.45000,10.80000,10.45000,35811400,-0.019700,10.45000,10.46000,10.77000,-0.019700
25785,2012-06-12,F,FORD MOTOR CO DEL,,,10.31000,10.55000,10.50000,35145500,0.004785,10.49000,10.50000,10.47000,0.004785
25785,2012-06-13,F,FORD MOTOR CO DEL,,,10.22000,10.48500,10.30000,41384200,-0.019048,10.29000,10.30000,10.39000,-0.019048
25785,2012-06-14,F,FORD MOTOR CO DEL,,,10.21000,10.45000,10.41000,37539800,0.010680,10.41000,10.42000,10.27000,0.010680
25785,2012-06-15,F,FORD MOTOR CO DEL,,,10.26000,10.42000,10.35000,39461400,-0.005764,10.33000,10.34000,10.40000,-0.005764
25785,2012-06-18,F,FORD MOTOR CO DEL,,,10.26000,10.40000,10.34000,27379800,-0.000966,10.32000,10.33000,10.35000,-0.000966
25785,2012-06-19,F,FORD MOTOR CO DEL,,,10.35000,10.64000,10.56000,37162200,0.021277,10.57000,10.58000,10.37000,0.021277
25785,2012-06-20,F,FORD MOTOR CO DEL,,,10.52000,10.74000,10.65000,40811700,0.008523,10.64000,10.65000,10.58000,0.008523
25785,2012-06-21,F,FORD MOTOR CO DEL,,,10.25000,10.68000,10.27000,40062700,-0.035681,10.25000,10.26000,10.65000,-0.035681
25785,2012-06-22,F,FORD MOTOR CO DEL,,,10.18000,10.40000,10.19000,56547100,-0.007790,10.19000,10.20000,10.35000,-0.007790
25785,2012-06-25,F,FORD MOTOR CO DEL,,,9.95000,10.18000,10.01000,44299200,-0.017664,10.00000,10.01000,10.13000,-0.017664
25785,2012-06-26,F,FORD MOTOR CO DEL,,,9.96000,10.08000,10.01000,31895200,0.000000,10.01000,10.02000,10.06000,0.000000
25785,2012-06-27,F,FORD MOTOR CO DEL,,,9.97000,10.10000,10.02000,33283400,0.000999,10.01000,10.02000,10.05000,0.000999
25785,2012-06-28,F,FORD MOTOR CO DEL,,,9.93000,10.09000,10.09000,38649000,0.006986,10.08000,10.09000,9.93000,0.006986
25785,2012-06-29,F,FORD MOTOR CO DEL,,,9.46000,9.98000,9.59000,138158600,-0.049554,9.58000,9.59000,9.95000,-0.049554
25785,2012-07-02,F,FORD MOTOR CO DEL,,,9.30000,9.60000,9.39000,63406800,-0.020855,9.38000,9.39000,9.50000,-0.020855
25785,2012-07-03,F,FORD MOTOR CO DEL,,,9.49000,9.79000,9.60000,49629300,0.022364,9.60000,9.61000,9.53000,0.022364
25785,2012-07-05,F,FORD MOTOR CO DEL,,,9.53000,9.74000,9.57000,31783800,-0.003125,9.56000,9.57000,9.67000,-0.003125
25785,2012-07-06,F,FORD MOTOR CO DEL,,,9.40000,9.52000,9.50000,30363000,-0.007314,9.49000,9.50000,9.47000,-0.007314
25785,2012-07-09,F,FORD MOTOR CO DEL,,,9.31000,9.47000,9.45000,37441500,-0.005263,9.44000,9.45000,9.46000,-0.005263
25785,2012-07-10,F,FORD MOTOR CO DEL,,,9.28000,9.55000,9.35000,33523000,-0.010582,9.34000,9.35000,9.50000,-0.010582
25785,2012-07-11,F,FORD MOTOR CO DEL,,,9.26000,9.38000,9.33000,32034500,-0.002139,9.32000,9.33000,9.33000,-0.002139
25785,2012-07-12,F,FORD MOTOR CO DEL,,,9.12000,9.28000,9.13000,55111000,-0.021436,9.12000,9.13000,9.26000,-0.021436
25785,2012-07-13,F,FORD MOTOR CO DEL,,,9.14000,9.32000,9.27000,30249600,0.015334,9.27000,9.28000,9.16000,0.015334
25785,2012-07-16,F,FORD MOTOR CO DEL,,,9.15000,9.32000,9.26000,28840600,-0.001079,9.26000,9.27000,9.22000,-0.001079
25785,2012-07-17,F,FORD MOTOR CO DEL,,,9.12000,9.35000,9.34000,29516900,0.008639,9.33000,9.34000,9.28000,0.008639
25785,2012-07-18,F,FORD MOTOR CO DEL,,,9.34000,9.52000,9.38000,31010000,0.004283,9.38000,9.39000,9.38000,0.004283
25785,2012-07-19,F,FORD MOTOR CO DEL,,,9.33000,9.50000,9.35000,33614900,-0.003198,9.34000,9.35000,9.45000,-0.003198
25785,2012-07-20,F,FORD MOTOR CO DEL,,,9.18000,9.35000,9.21000,27973100,-0.014973,9.20000,9.21000,9.28000,-0.014973
25785,2012-07-23,F,FORD MOTOR CO DEL,,,9.05000,9.20500,9.17000,33779800,-0.004343,9.16000,9.17000,9.08000,-0.004343
25785,2012-07-24,F,FORD MOTOR CO DEL,,,8.95000,9.24000,9.06000,53519200,-0.011996,9.04000,9.06000,9.17000,-0.011996
25785,2012-07-25,F,FORD MOTOR CO DEL,,,8.91440,9.20000,8.97000,44341600,-0.009934,8.96000,8.97000,9.17000,-0.009934
25785,2012-07-26,F,FORD MOTOR CO DEL,,,8.83000,9.11000,8.96000,51818600,-0.001115,8.95000,8.96000,9.05000,-0.001115
25785,2012-07-27,F,FORD MOTOR CO DEL,,,8.88000,9.10000,9.00000,67989300,0.004464,9.00000,9.01000,8.99000,0.004464
25785,2012-07-30,F,FORD MOTOR CO DEL,,,9.01000,9.18000,9.10000,40966900,0.011111,9.10000,9.11000,9.04000,0.011111
25785,2012-07-31,F,FORD MOTOR CO DEL,,,9.12000,9.28000,9.24000,41384800,0.015385,9.23000,9.24000,9.13000,0.015385
25785,2012-08-01,F,FORD MOTOR CO DEL,,,8.99000,9.42000,9.04000,65973000,-0.016234,9.03000,9.04000,9.29000,-0.021645
25785,2012-08-02,F,FORD MOTOR CO DEL,,,8.82000,9.03000,8.92000,45326500,-0.013274,8.91000,8.92000,8.99000,-0.013274
25785,2012-08-03,F,FORD MOTOR CO DEL,,,8.96000,9.15000,9.09000,38635800,0.019058,9.09000,9.10000,9.02000,0.019058
25785,2012-08-06,F,FORD MOTOR CO DEL,,,9.09000,9.21000,9.15000,23820000,0.006601,9.15000,9.16000,9.13000,0.006601
25785,2012-08-07,F,FORD MOTOR CO DEL,,,9.18000,9.39000,9.31000,43581100,0.017486,9.31000,9.32000,9.18000,0.017486
25785,2012-08-08,F,FORD MOTOR CO DEL,,,9.24000,9.38000,9.35000,22637600,0.004296,9.34000,9.35000,9.25000,0.004296
25785,2012-08-09,F,FORD MOTOR CO DEL,,,9.30000,9.46000,9.34000,30911300,-0.001070,9.34000,9.35000,9.31000,-0.001070
25785,2012-08-10,F,FORD MOTOR CO DEL,,,9.23000,9.36000,9.35000,19620100,0.001071,9.34000,9.35000,9.30000,0.001071
25785,2012-08-13,F,FORD MOTOR CO DEL,,,9.25000,9.42000,9.40000,21129500,0.005348,9.39000,9.40000,9.35000,0.005348
25785,2012-08-14,F,FORD MOTOR CO DEL,,,9.42000,9.66000,9.44000,47635300,0.004255,9.44000,9.45000,9.45000,0.004255
25785,2012-08-15,F,FORD MOTOR CO DEL,,,9.41000,9.53500,9.49000,21308200,0.005297,9.48000,9.49000,9.44000,0.005297
25785,2012-08-16,F,FORD MOTOR CO DEL,,,9.49000,9.67000,9.59000,34329300,0.010537,9.59000,9.60000,9.50000,0.010537
25785,2012-08-17,F,FORD MOTOR CO DEL,,,9.60000,9.78000,9.63000,34533800,0.004171,9.63000,9.64000,9.66000,0.004171
25785,2012-08-20,F,FORD MOTOR CO DEL,,,9.51000,9.64000,9.63000,38923800,0.000000,9.62000,9.63000,9.58000,0.000000
25785,2012-08-21,F,FORD MOTOR CO DEL,,,9.52000,9.70000,9.53000,26296200,-0.010384,9.53000,9.54000,9.65000,-0.010384
25785,2012-08-22,F,FORD MOTOR CO DEL,,,9.40000,9.56000,9.49000,26969900,-0.004197,9.49000,9.50000,9.50000,-0.004197
25785,2012-08-23,F,FORD MOTOR CO DEL,,,9.42000,9.54000,9.45000,23537700,-0.004215,9.45000,9.46000,9.45000,-0.004215
25785,2012-08-24,F,FORD MOTOR CO DEL,,,9.41000,9.52000,9.49000,19578800,0.004233,9.48000,9.49000,9.42000,0.004233
25785,2012-08-27,F,FORD MOTOR CO DEL,,,9.38000,9.52000,9.39000,22755300,-0.010537,9.38000,9.39000,9.51000,-0.010537
25785,2012-08-28,F,FORD MOTOR CO DEL,,,9.31000,9.44000,9.34000,23084500,-0.005325,9.33000,9.34000,9.37000,-0.005325
25785,2012-08-29,F,FORD MOTOR CO DEL,,,9.29000,9.40000,9.32000,26119600,-0.002141,9.32000,9.33000,9.33000,-0.002141
25785,2012-08-30,F,FORD MOTOR CO DEL,,,9.25000,9.34000,9.31000,16466600,-0.001073,9.30000,9.31000,9.30000,-0.001073
25785,2012-08-31,F,FORD MOTOR CO DEL,,,9.31000,9.43000,9.34000,28029600,0.003222,9.34000,9.35000,9.39000,0.003222
25785,2012-09-04,F,FORD MOTOR CO DEL,,,9.35000,9.47000,9.41000,37965000,0.007495,9.41000,9.42000,9.37000,0.007495
25785,2012-09-05,F,FORD MOTOR CO DEL,,,9.39000,9.62000,9.57000,40616200,0.017003,9.57000,9.58000,9.45000,0.017003
25785,2012-09-06,F,FORD MOTOR CO DEL,,,9.66000,9.96000,9.91500,68002200,0.036050,9.91000,9.92000,9.66000,0.036050
25785,2012-09-07,F,FORD MOTOR CO DEL,,,9.93000,10.23000,10.14000,60622100,0.022693,10.13000,10.14000,9.95000,0.022693
25785,2012-09-10,F,FORD MOTOR CO DEL,,,10.06000,10.28000,10.11000,43381300,-0.002959,10.11000,10.12000,10.08000,-0.002959
25785,2012-09-11,F,FORD MOTOR CO DEL,,,10.13000,10.25000,10.15000,28165200,0.003956,10.15000,10.16000,10.18000,0.003956
25785,2012-09-12,F,FORD MOTOR CO DEL,,,10.17000,10.30000,10.21000,28046500,0.005911,10.21000,10.22000,10.25000,0.005911
25785,2012-09-13,F,FORD MOTOR CO DEL,,,10.12000,10.38000,10.34000,50923300,0.012733,10.34000,10.34000,10.20000,0.012733
25785,2012-09-14,F,FORD MOTOR CO DEL,,,10.39000,10.57000,10.53000,55946700,0.018375,10.51000,10.52000,10.41000,0.018375
25785,2012-09-17,F,FORD MOTOR CO DEL,,,10.26000,10.42000,10.39000,31929500,-0.013295,10.38000,10.39000,10.27000,-0.013295
25785,2012-09-18,F,FORD MOTOR CO DEL,,,10.28000,10.45000,10.42000,34945200,0.002887,10.42000,10.43000,10.30000,0.002887
25785,2012-09-19,F,FORD MOTOR CO DEL,,,10.45000,10.66000,10.59000,42408200,0.016315,10.58000,10.59000,10.49000,0.016315
25785,2012-09-20,F,FORD MOTOR CO DEL,,,10.35000,10.52000,10.44000,28756900,-0.014164,10.44000,10.45000,10.48000,-0.014164
25785,2012-09-21,F,FORD MOTOR CO DEL,,,10.36000,10.54000,10.40000,35467000,-0.003831,10.38000,10.39000,10.53000,-0.003831
25785,2012-09-24,F,FORD MOTOR CO DEL,,,10.26000,10.39500,10.32000,28558200,-0.007692,10.32000,10.33000,10.30000,-0.007692
25785,2012-09-25,F,FORD MOTOR CO DEL,,,10.06000,10.37000,10.09000,36868800,-0.022287,10.08000,10.09000,10.35000,-0.022287
25785,2012-09-26,F,FORD MOTOR CO DEL,,,9.86000,10.12000,10.01000,44365500,-0.007929,10.00000,10.01000,9.98000,-0.007929
25785,2012-09-27,F,FORD MOTOR CO DEL,,,10.02000,10.18000,10.02000,25740900,0.000999,10.02000,10.03000,10.13000,0.000999
25785,2012-09-28,F,FORD MOTOR CO DEL,,,9.81000,10.00100,9.86000,44594200,-0.015968,9.85000,9.86000,9.99000,-0.015968
25785,2012-10-01,F,FORD MOTOR CO DEL,,,9.88000,10.08000,9.93000,33446700,0.007099,9.92000,9.93000,9.89000,0.007099
25785,2012-10-02,F,FORD MOTOR CO DEL,,,9.71000,10.05000,9.79000,63638400,-0.014099,9.78000,9.79000,10.01000,-0.014099
25785,2012-10-03,F,FORD MOTOR CO DEL,,,9.76000,10.02000,9.94000,51024100,0.015322,9.94000,9.95000,9.82000,0.015322
25785,2012-10-04,F,FORD MOTOR CO DEL,,,9.96000,10.15000,10.11000,46858300,0.017103,10.11000,10.12000,10.06000,0.017103
25785,2012-10-05,F,FORD MOTOR CO DEL,,,10.13000,10.28000,10.16000,40696200,0.004946,10.14000,10.15000,10.17000,0.004946
25785,2012-10-08,F,FORD MOTOR CO DEL,,,9.99000,10.12000,10.05000,25476600,-0.010827,10.04000,10.05000,10.06000,-0.010827
25785,2012-10-09,F,FORD MOTOR CO DEL,,,10.02000,10.25000,10.10000,38244900,0.004975,10.08000,10.09000,10.21000,0.004975
25785,2012-10-10,F,FORD MOTOR CO DEL,,,9.95000,10.12000,9.98000,33959200,-0.011881,9.98000,9.99000,10.12000,-0.011881
25785,2012-10-11,F,FORD MOTOR CO DEL,,,10.05000,10.26000,10.14000,39328700,0.016032,10.14000,10.15000,10.06000,0.016032
25785,2012-10-12,F,FORD MOTOR CO DEL,,,10.09000,10.25000,10.12000,24113300,-0.001972,10.12000,10.13000,10.14000,-0.001972
25785,2012-10-15,F,FORD MOTOR CO DEL,,,10.09000,10.25000,10.22000,26466500,0.009881,10.22000,10.23000,10.11000,0.009881
25785,2012-10-16,F,FORD MOTOR CO DEL,,,10.22000,10.32000,10.30000,32788400,0.007828,10.29000,10.30000,10.26000,0.007828
25785,2012-10-17,F,FORD MOTOR CO DEL,,,10.26000,10.41000,10.41000,29346200,0.010680,10.40000,10.41000,10.31000,0.010680
25785,2012-10-18,F,FORD MOTOR CO DEL,,,10.33000,10.57000,10.43000,44044100,0.001921,10.43000,10.44000,10.36000,0.001921
25785,2012-10-19,F,FORD MOTOR CO DEL,,,10.13000,10.43000,10.17990,40496000,-0.023979,10.17000,10.18000,10.42000,-0.023979
25785,2012-10-22,F,FORD MOTOR CO DEL,,,10.03000,10.24030,10.17000,39149700,-0.000973,10.16000,10.17000,10.14000,-0.000973
25785,2012-10-23,F,FORD MOTOR CO DEL,,,9.97000,10.11000,10.00000,32484200,-0.016716,10.00000,10.01000,10.02000,-0.016716
25785,2012-10-24,F,FORD MOTOR CO DEL,,,10.01000,10.29000,10.17000,49341400,0.017000,10.16000,10.17000,10.08000,0.017000
25785,2012-10-25,F,FORD MOTOR CO DEL,,,10.28000,10.49000,10.39000,59298100,0.021632,10.38000,10.39000,10.42000,0.021632
25785,2012-10-26,F,FORD MOTOR CO DEL,,,10.22000,10.42000,10.36000,43489900,-0.002887,10.35000,10.36000,10.35000,-0.002887
25785,2012-10-31,F,FORD MOTOR CO DEL,,,10.60000,11.17000,11.16000,137970800,0.082046,11.16000,11.17000,10.70000,0.077220
25785,2012-11-01,F,FORD MOTOR CO DEL,,,10.88000,11.30000,11.25000,88770100,0.008065,11.24000,11.25000,11.19000,0.008065
25785,2012-11-02,F,FORD MOTOR CO DEL,,,11.15000,11.38000,11.17000,53408600,-0.007111,11.17000,11.18000,11.31000,-0.007111
25785,2012-11-05,F,FORD MOTOR CO DEL,,,11.13000,11.35000,11.25000,38004100,0.007162,11.24000,11.25000,11.15000,0.007162
25785,2012-11-06,F,FORD MOTOR CO DEL,,,11.26000,11.59000,11.42000,51232200,0.015111,11.41000,11.42000,11.33000,0.015111
25785,2012-11-07,F,FORD MOTOR CO DEL,,,11.04000,11.34000,11.06000,56679800,-0.031524,11.06000,11.07000,11.25000,-0.031524
25785,2012-11-08,F,FORD MOTOR CO DEL,,,10.89000,11.23000,10.90000,45949500,-0.014467,10.89000,10.90000,11.07000,-0.014467
25785,2012-11-09,F,FORD MOTOR CO DEL,,,10.71000,11.10000,10.93000,40705700,0.002752,10.93000,10.94000,10.76000,0.002752
25785,2012-11-12,F,FORD MOTOR CO DEL,,,10.96000,11.16000,10.97000,25723000,0.003660,10.97000,10.98000,11.03000,0.003660
25785,2012-11-13,F,FORD MOTOR CO DEL,,,10.86000,11.10000,11.00000,33348300,0.002735,11.00000,11.01000,10.89000,0.002735
25785,2012-11-14,F,FORD MOTOR CO DEL,,,10.62000,11.05000,10.67000,45664700,-0.030000,10.67000,10.68000,11.02000,-0.030000
25785,2012-11-15,F,FORD MOTOR CO DEL,,,10.46000,10.80000,10.57000,48895300,-0.009372,10.56000,10.57000,10.57000,-0.009372
25785,2012-11-16,F,FORD MOTOR CO DEL,,,10.38000,10.64000,10.50000,45346500,-0.006622,10.49000,10.50000,10.58000,-0.006622
25785,2012-11-19,F,FORD MOTOR CO DEL,,,10.65000,10.90000,10.83000,39359200,0.031429,10.82000,10.83000,10.65000,0.031429
25785,2012-11-20,F,FORD MOTOR CO DEL,,,10.76000,11.02000,10.85000,34745000,0.001847,10.84000,10.85000,10.85000,0.001847
25785,2012-11-21,F,FORD MOTOR CO DEL,,,10.80000,11.00000,10.92000,21184600,0.006452,10.92000,10.93000,10.84000,0.006452
25785,2012-11-23,F,FORD MOTOR CO DEL,,,10.96000,11.10000,11.10000,16032200,0.016484,11.09000,11.10000,10.98000,0.016484
25785,2012-11-26,F,FORD MOTOR CO DEL,,,10.97000,11.14000,11.10500,26831700,0.000450,11.10000,11.11000,11.05000,0.000450
25785,2012-11-27,F,FORD MOTOR CO DEL,,,11.10000,11.27000,11.10000,37615800,-0.000450,11.10000,11.11000,11.10000,-0.000450
25785,2012-11-28,F,FORD MOTOR CO DEL,,,10.98000,11.26000,11.25000,38496800,0.013513,11.24000,11.25000,11.05000,0.013513
25785,2012-11-29,F,FORD MOTOR CO DEL,,,11.32000,11.53000,11.53000,57289200,0.024889,11.52000,11.53000,11.32000,0.024889
25785,2012-11-30,F,FORD MOTOR CO DEL,,,11.33000,11.60000,11.45000,41336000,-0.006938,11.44000,11.45000,11.52000,-0.006938
25785,2012-12-03,F,FORD MOTOR CO DEL,,,11.40000,11.70000,11.41000,47749000,-0.003493,11.42000,11.43000,11.56000,-0.003493
25785,2012-12-04,F,FORD MOTOR CO DEL,,,11.23000,11.44000,11.31000,37767000,-0.008764,11.30000,11.31000,11.40000,-0.008764
25785,2012-12-05,F,FORD MOTOR CO DEL,,,11.18000,11.40000,11.31000,33156500,0.000000,11.30000,11.31000,11.32000,0.000000
25785,2012-12-06,F,FORD MOTOR CO DEL,,,11.19000,11.31000,11.24000,31068900,-0.006189,11.23000,11.24000,11.26000,-0.006189
25785,2012-12-07,F,FORD MOTOR CO DEL,,,11.26000,11.50000,11.48000,38411400,0.021352,11.47000,11.48000,11.27000,0.021352
25785,2012-12-10,F,FORD MOTOR CO DEL,,,11.41000,11.53000,11.47000,26028600,-0.000871,11.47000,11.48000,11.41000,-0.000871
25785,2012-12-11,F,FORD MOTOR CO DEL,,,11.40000,11.58000,11.49000,36329400,0.001744,11.48000,11.49000,11.51000,0.001744
25785,2012-12-12,F,FORD MOTOR CO DEL,,,11.43000,11.56000,11.47000,31104500,-0.001741,11.47000,11.48000,11.52000,-0.001741
25785,2012-12-13,F,FORD MOTOR CO DEL,,,11.21000,11.50000,11.27000,35445800,-0.017437,11.27000,11.28000,11.46100,-0.017437
25785,2012-12-14,F,FORD MOTOR CO DEL,,,11.03000,11.27000,11.10000,36936300,-0.015084,11.09000,11.10000,11.27000,-0.015084
25785,2012-12-17,F,FORD MOTOR CO DEL,,,11.14000,11.41000,11.39000,46998700,0.026126,11.39000,11.40000,11.16000,0.026126
25785,2012-12-18,F,FORD MOTOR CO DEL,,,11.40000,11.68000,11.67000,61814900,0.024583,11.66000,11.67000,11.48000,0.024583
25785,2012-12-19,F,FORD MOTOR CO DEL,,,11.62000,11.85000,11.73000,54886600,0.005141,11.73000,11.74000,11.79000,0.005141
25785,2012-12-20,F,FORD MOTOR CO DEL,,,11.58000,11.80000,11.77000,47756300,0.003410,11.76000,11.77000,11.74000,0.003410
25785,2012-12-21,F,FORD MOTOR CO DEL,,,11.47000,11.86000,11.86000,94519500,0.007646,11.82000,11.83000,11.55000,0.007646
25785,2012-12-24,F,FORD MOTOR CO DEL,,,11.67000,12.40000,12.40000,91734800,0.045531,12.39000,12.40000,11.67000,0.045531
25785,2012-12-26,F,FORD MOTOR CO DEL,,,12.31000,12.79000,12.79000,140331900,0.031452,12.77000,12.78000,12.31000,0.031452
25785,2012-12-27,F,FORD MOTOR CO DEL,,,12.36000,12.81000,12.76000,108315000,-0.002346,12.74000,12.75000,12.79000,-0.002346
25785,2012-12-28,F,FORD MOTOR CO DEL,,,12.52000,12.88000,12.87000,95668600,0.008621,12.82000,12.83000,12.54500,0.008621
25785,2012-12-31,F,FORD MOTOR CO DEL,,,12.76000,13.08000,12.95000,106936300,0.006216,12.95000,12.96000,12.88000,0.006216
25785,2013-01-02,F,FORD MOTOR CO DEL,,,13.00000,13.28000,13.20000,75275000,0.019305,13.19000,13.20000,13.23000,0.019305
25785,2013-01-03,F,FORD MOTOR CO DEL,,,13.05000,13.69500,13.46000,121284700,0.019697,13.44000,13.45000,13.24000,0.019697
25785,2013-01-04,F,FORD MOTOR CO DEL,,,13.35000,13.61000,13.57000,54675000,0.008172,13.55000,13.56000,13.51000,0.008172
25785,2013-01-07,F,FORD MOTOR CO DEL,,,13.35000,13.58000,13.43000,43482400,-0.010317,13.41000,13.42000,13.52000,-0.010317
25785,2013-01-08,F,FORD MOTOR CO DEL,,,13.20000,13.43000,13.35000,46336600,-0.005957,13.33000,13.34000,13.38000,-0.005957
25785,2013-01-09,F,FORD MOTOR CO DEL,,,13.39000,13.60000,13.47000,36980700,0.008989,13.47000,13.48000,13.40000,0.008989
25785,2013-01-10,F,FORD MOTOR CO DEL,,,13.68000,13.94000,13.83000,84885400,0.026726,13.84000,13.85000,13.78000,0.026726
25785,2013-01-11,F,FORD MOTOR CO DEL,,,13.90000,14.07000,14.00000,67646800,0.012292,13.99000,14.00000,14.00000,0.012292
25785,2013-01-14,F,FORD MOTOR CO DEL,,,13.86000,14.08000,13.99000,46224800,-0.000714,13.98000,13.99000,14.04000,-0.000714
25785,2013-01-15,F,FORD MOTOR CO DEL,,,13.89000,14.30000,14.30000,55424900,0.022159,14.29000,14.30000,13.91000,0.022159
25785,2013-01-16,F,FORD MOTOR CO DEL,,,14.01000,14.25000,14.22000,51453400,-0.005594,14.20000,14.21000,14.16000,-0.005594
25785,2013-01-17,F,FORD MOTOR CO DEL,,,14.07000,14.30000,14.22000,44299800,0.000000,14.22000,14.23000,14.27000,0.000000
25785,2013-01-18,F,FORD MOTOR CO DEL,,,13.97000,14.13000,14.11000,45726600,-0.007736,14.09000,14.10000,14.10000,-0.007736
25785,2013-01-22,F,FORD MOTOR CO DEL,,,14.00000,14.19000,14.17000,35475100,0.004252,14.16000,14.17000,14.06000,0.004252
25785,2013-01-23,F,FORD MOTOR CO DEL,,,13.79000,14.02000,13.88000,58122100,-0.020466,13.87000,13.88000,14.00000,-0.020466
25785,2013-01-24,F,FORD MOTOR CO DEL,,,13.81000,13.98000,13.87000,42536100,-0.000720,13.87000,13.88000,13.82000,-0.000720
25785,2013-01-25,F,FORD MOTOR CO DEL,,,13.64000,13.84000,13.68000,53405300,-0.013699,13.66000,13.67000,13.83000,-0.013699
25785,2013-01-28,F,FORD MOTOR CO DEL,,,13.42000,13.82000,13.78000,51190800,0.014620,13.78000,13.79000,13.49000,0.007310
25785,2013-01-29,F,FORD MOTOR CO DEL,,,12.89000,13.60870,13.14000,131148800,-0.046444,13.13000,13.14000,13.55990,-0.046444
25785,2013-01-30,F,FORD MOTOR CO DEL,,,12.89000,13.20000,12.93000,59595800,-0.015982,12.91000,12.92000,13.01000,-0.015982
25785,2013-01-31,F,FORD MOTOR CO DEL,,,12.67000,13.02000,12.95000,65925400,0.001547,12.95000,12.96000,12.86000,0.001547
25785,2013-02-01,F,FORD MOTOR CO DEL,,,12.94000,13.13100,13.02000,45225700,0.005405,13.01000,13.02000,13.10000,0.005405
25785,2013-02-04,F,FORD MOTOR CO DEL,,,12.86000,13.00000,12.88000,32709300,-0.010753,12.87000,12.88000,12.94000,-0.010753
25785,2013-02-05,F,FORD MOTOR CO DEL,,,12.94000,13.25000,13.18000,39122700,0.023292,13.18000,13.19000,12.97000,0.023292
25785,2013-02-06,F,FORD MOTOR CO DEL,,,13.05000,13.27000,13.20000,33530000,0.001517,13.19000,13.20000,13.13000,0.001517
25785,2013-02-07,F,FORD MOTOR CO DEL,,,13.00000,13.31000,13.07000,33987400,-0.009848,13.06000,13.07000,13.26000,-0.009848
25785,2013-02-08,F,FORD MOTOR CO DEL,,,13.05000,13.16000,13.10000,18613300,0.002295,13.08000,13.09000,13.10000,0.002295
25785,2013-02-11,F,FORD MOTOR CO DEL,,,13.02000,13.20000,13.11000,17692100,0.000763,13.10000,13.11000,13.06000,0.000763
25785,2013-02-12,F,FORD MOTOR CO DEL,,,13.05000,13.20000,13.08000,26243300,-0.002288,13.06000,13.07000,13.12000,-0.002288
25785,2013-02-13,F,FORD MOTOR CO DEL,,,12.99000,13.14000,13.04000,24513100,-0.003058,13.02000,13.03000,13.11000,-0.003058
25785,2013-02-14,F,FORD MOTOR CO DEL,,,12.96000,13.17000,13.11000,33496400,0.005368,13.10000,13.11000,13.00000,0.005368
25785,2013-02-15,F,FORD MOTOR CO DEL,,,13.01000,13.14000,13.02000,32449500,-0.006865,13.02000,13.03000,13.14000,-0.006865
25785,2013-02-19,F,FORD MOTOR CO DEL,,,12.90000,13.09000,12.99000,31092200,-0.002304,12.98000,12.99000,13.04000,-0.002304
25785,2013-02-20,F,FORD MOTOR CO DEL,,,12.57000,12.98000,12.60000,50381900,-0.030023,12.58000,12.59000,12.95000,-0.030023
25785,2013-02-21,F,FORD MOTOR CO DEL,,,12.30000,12.51000,12.39000,43735700,-0.016667,12.38000,12.39000,12.51000,-0.016667
25785,2013-02-22,F,FORD MOTOR CO DEL,,,12.31000,12.50000,12.48000,23874600,0.007264,12.47000,12.48000,12.44000,0.007264
25785,2013-02-25,F,FORD MOTOR CO DEL,,,12.10000,12.57000,12.13000,38631300,-0.028045,12.12000,12.13000,12.53000,-0.028045
25785,2013-02-26,F,FORD MOTOR CO DEL,,,12.11000,12.35000,12.34000,29194300,0.017312,12.33000,12.34000,12.24000,0.017312
25785,2013-02-27,F,FORD MOTOR CO DEL,,,12.35000,12.85000,12.76000,51580700,0.034036,12.76000,12.77000,12.35000,0.034036
25785,2013-02-28,F,FORD MOTOR CO DEL,,,12.60000,12.87000,12.61000,37697000,-0.011756,12.60000,12.61000,12.78000,-0.011756
25785,2013-03-01,F,FORD MOTOR CO DEL,,,12.38000,12.75000,12.61000,38807300,0.000000,12.61000,12.62000,12.56000,0.000000
25785,2013-03-04,F,FORD MOTOR CO DEL,,,12.53000,12.75000,12.75000,24347000,0.011102,12.74000,12.75000,12.55000,0.011102
25785,2013-03-05,F,FORD MOTOR CO DEL,,,12.79000,12.98000,12.87000,26870000,0.009412,12.87000,12.88000,12.87000,0.009412
25785,2013-03-06,F,FORD MOTOR CO DEL,,,12.85000,13.00000,12.89000,28953300,0.001554,12.88000,12.89000,12.97000,0.001554
25785,2013-03-07,F,FORD MOTOR CO DEL,,,12.77000,12.91000,12.83000,27712200,-0.004655,12.83000,12.84000,12.89000,-0.004655
25785,2013-03-08,F,FORD MOTOR CO DEL,,,12.80500,12.99000,12.98000,24719800,0.011691,12.96000,12.97000,12.94000,0.011691
25785,2013-03-11,F,FORD MOTOR CO DEL,,,12.90000,13.40000,13.34000,48696900,0.027735,13.34000,13.35000,12.97000,0.027735
25785,2013-03-12,F,FORD MOTOR CO DEL,,,13.17000,13.47000,13.39000,46047600,0.003748,13.39000,13.40000,13.37000,0.003748
25785,2013-03-13,F,FORD MOTOR CO DEL,,,13.35000,13.45000,13.40000,26467800,0.000747,13.39000,13.40000,13.37000,0.000747
25785,2013-03-14,F,FORD MOTOR CO DEL,,,13.37000,13.45000,13.43000,31658200,0.002239,13.42000,13.43000,13.43000,0.002239
25785,2013-03-15,F,FORD MOTOR CO DEL,,,13.26000,13.45000,13.45000,63020600,0.001489,13.44000,13.45000,13.31000,0.001489
25785,2013-03-18,F,FORD MOTOR CO DEL,,,12.80000,13.39000,13.26000,36877700,-0.014126,13.26000,13.27000,13.16000,-0.014126
25785,2013-03-19,F,FORD MOTOR CO DEL,,,13.09000,13.35000,13.16000,37639900,-0.007542,13.16000,13.17000,13.27000,-0.007542
25785,2013-03-20,F,FORD MOTOR CO DEL,,,13.18000,13.40000,13.36000,32694000,0.015198,13.36000,13.37000,13.22000,0.015198
25785,2013-03-21,F,FORD MOTOR CO DEL,,,13.23000,13.42000,13.26000,29740300,-0.007485,13.27000,13.28000,13.25000,-0.007485
25785,2013-03-22,F,FORD MOTOR CO DEL,,,13.20000,13.31000,13.26000,21423900,0.000000,13.26000,13.27000,13.24000,0.000000
25785,2013-03-25,F,FORD MOTOR CO DEL,,,13.26000,13.40000,13.29000,27244500,0.002262,13.30000,13.31000,13.31000,0.002262
25785,2013-03-26,F,FORD MOTOR CO DEL,,,13.24000,13.37000,13.31000,24241300,0.001505,13.30000,13.31000,13.35000,0.001505
25785,2013-03-27,F,FORD MOTOR CO DEL,,,13.10000,13.25000,13.22000,26240600,-0.006762,13.21000,13.22000,13.23000,-0.006762
25785,2013-03-28,F,FORD MOTOR CO DEL,,,13.10000,13.23500,13.15000,25474700,-0.005295,13.14000,13.15000,13.23500,-0.005295
25785,2013-04-01,F,FORD MOTOR CO DEL,,,12.90000,13.15000,12.90000,32966100,-0.019011,12.90000,12.91000,13.01000,-0.019011
25785,2013-04-02,F,FORD MOTOR CO DEL,,,12.96000,13.19000,13.01000,35197500,0.008527,13.01000,13.02000,13.00000,0.008527
25785,2013-04-03,F,FORD MOTOR CO DEL,,,12.59000,13.05000,12.68000,45191900,-0.025365,12.67000,12.68000,13.05000,-0.025365
25785,2013-04-04,F,FORD MOTOR CO DEL,,,12.44630,12.78000,12.65000,29808100,-0.002366,12.65000,12.66000,12.68000,-0.002366
25785,2013-04-05,F,FORD MOTOR CO DEL,,,12.15000,12.50000,12.44000,42610700,-0.016601,12.42000,12.43000,12.43000,-0.016601
25785,2013-04-08,F,FORD MOTOR CO DEL,,,12.40000,12.83000,12.78000,23891000,0.027331,12.77000,12.78000,12.46000,0.027331
25785,2013-04-09,F,FORD MOTOR CO DEL,,,12.75000,12.96000,12.80000,29826100,0.001565,12.79000,12.80000,12.85000,0.001565
25785,2013-04-10,F,FORD MOTOR CO DEL,,,12.82000,13.13000,13.12000,31095600,0.025000,13.11000,13.12000,12.87000,0.025000
25785,2013-04-11,F,FORD MOTOR CO DEL,,,13.13000,13.58000,13.55000,51493300,0.032774,13.54000,13.55000,13.15000,0.032774
25785,2013-04-12,F,FORD MOTOR CO DEL,,,13.26000,13.55000,13.53000,37956200,-0.001476,13.52000,13.53000,13.43000,-0.001476
25785,2013-04-15,F,FORD MOTOR CO DEL,,,12.91000,13.46000,12.95000,55886300,-0.042868,12.95000,12.96000,13.36000,-0.042868
25785,2013-04-16,F,FORD MOTOR CO DEL,,,12.99500,13.24000,13.12000,36346100,0.013127,13.11000,13.12000,13.17000,0.013127
25785,2013-04-17,F,FORD MOTOR CO DEL,,,12.79830,13.05000,12.92500,44583500,-0.014863,12.92000,12.93000,12.97000,-0.014863
25785,2013-04-18,F,FORD MOTOR CO DEL,,,12.65000,12.98000,12.75000,34884600,-0.013540,12.75000,12.76000,12.94000,-0.013540
25785,2013-04-19,F,FORD MOTOR CO DEL,,,12.75000,12.97000,12.93000,26972700,0.014118,12.92000,12.93000,12.88000,0.014118
25785,2013-04-22,F,FORD MOTOR CO DEL,,,12.80000,13.08000,13.06000,26089800,0.010054,13.05000,13.06000,12.97000,0.010054
25785,2013-04-23,F,FORD MOTOR CO DEL,,,13.11000,13.45000,13.36000,40082600,0.022971,13.36000,13.37000,13.12000,0.022971
25785,2013-04-24,F,FORD MOTOR CO DEL,,,13.12000,13.54000,13.33000,46035800,-0.002245,13.32000,13.33000,13.48000,-0.002245
25785,2013-04-25,F,FORD MOTOR CO DEL,,,13.35000,13.55760,13.47000,42025200,0.010503,13.48000,13.49000,13.40000,0.010503
25785,2013-04-26,F,FORD MOTOR CO DEL,,,13.45000,13.76000,13.67000,43817900,0.014848,13.67000,13.68000,13.52000,0.014848
25785,2013-04-29,F,FORD MOTOR CO DEL,,,13.57000,13.76000,13.66000,20670600,-0.000732,13.64000,13.65000,13.73000,-0.000732
25785,2013-04-30,F,FORD MOTOR CO DEL,,,13.52000,13.74000,13.71000,24864600,0.003660,13.70000,13.71000,13.66000,0.003660
25785,2013-05-01,F,FORD MOTOR CO DEL,,,13.35000,13.78000,13.38000,39354000,-0.016776,13.36000,13.37000,13.64000,-0.024070
25785,2013-05-02,F,FORD MOTOR CO DEL,,,13.38000,13.55000,13.41000,33982900,0.002242,13.40000,13.41000,13.54000,0.002242
25785,2013-05-03,F,FORD MOTOR CO DEL,,,13.57000,13.83000,13.83000,45935200,0.031320,13.82000,13.83000,13.58000,0.031320
25785,2013-05-06,F,FORD MOTOR CO DEL,,,13.83000,14.15000,14.09000,53821300,0.018800,14.09000,14.10000,13.86000,0.018800
25785,2013-05-07,F,FORD MOTOR CO DEL,,,14.09000,14.25000,14.19000,42077000,0.007097,14.18000,14.19000,14.20000,0.007097
25785,2013-05-08,F,FORD MOTOR CO DEL,,,14.10000,14.24000,14.21000,33340100,0.001409,14.22000,14.23000,14.15000,0.001409
25785,2013-05-09,F,FORD MOTOR CO DEL,,,14.16000,14.26000,14.20000,30576800,-0.000704,14.19000,14.20000,14.19000,-0.000704
25785,2013-05-10,F,FORD MOTOR CO DEL,,,14.02000,14.23000,14.11000,30887500,-0.006338,14.10000,14.11000,14.21000,-0.006338
25785,2013-05-13,F,FORD MOTOR CO DEL,,,13.92000,14.12000,14.01000,22763700,-0.007087,14.00000,14.01000,14.10000,-0.007087
25785,2013-05-14,F,FORD MOTOR CO DEL,,,13.98000,14.30000,14.27000,32394500,0.018558,14.27000,14.28000,14.00000,0.018558
25785,2013-05-15,F,FORD MOTOR CO DEL,,,14.27000,14.77000,14.67000,56874900,0.028031,14.65000,14.66000,14.28000,0.028031
25785,2013-05-16,F,FORD MOTOR CO DEL,,,14.60000,14.85000,14.64000,40931300,-0.002045,14.64000,14.65000,14.77000,-0.002045
25785,2013-05-17,F,FORD MOTOR CO DEL,,,14.75000,15.15000,15.08000,59748200,0.030055,15.05000,15.06000,14.79000,0.030055
25785,2013-05-20,F,FORD MOTOR CO DEL,,,15.00000,15.23000,15.05000,34582900,-0.001989,15.04000,15.05000,15.01000,-0.001989
25785,2013-05-21,F,FORD MOTOR CO DEL,,,14.75000,15.22000,14.95000,61840300,-0.006645,14.95000,14.96000,15.07000,-0.006645
25785,2013-05-22,F,FORD MOTOR CO DEL,,,14.86000,15.32000,14.97000,67177900,0.001338,14.96000,14.97000,15.08000,0.001338
25785,2013-05-23,F,FORD MOTOR CO DEL,,,14.37000,14.94000,14.81000,49131100,-0.010688,14.80000,14.81000,14.50000,-0.010688
25785,2013-05-24,F,FORD MOTOR CO DEL,,,14.66000,14.88000,14.79000,25291600,-0.001350,14.79000,14.80000,14.71000,-0.001350
25785,2013-05-28,F,FORD MOTOR CO DEL,,,15.10000,15.35000,15.28000,59250400,0.033130,15.27000,15.28000,15.22000,0.033130
25785,2013-05-29,F,FORD MOTOR CO DEL,,,15.24000,15.72000,15.63000,65167300,0.022906,15.63000,15.64000,15.27000,0.022906
25785,2013-05-30,F,FORD MOTOR CO DEL,,,15.74000,16.02000,15.90000,61804900,0.017274,15.90000,15.91000,15.76000,0.017274
25785,2013-05-31,F,FORD MOTOR CO DEL,,,15.68000,16.04000,15.68000,52118900,-0.013836,15.68000,15.69000,15.88000,-0.013836
25785,2013-06-03,F,FORD MOTOR CO DEL,,,15.51000,16.08000,15.89000,59023500,0.013393,15.87000,15.88000,15.93000,0.013393
25785,2013-06-04,F,FORD MOTOR CO DEL,,,15.63000,16.09000,15.78000,50273300,-0.006923,15.78000,15.79000,15.98000,-0.006923
25785,2013-06-05,F,FORD MOTOR CO DEL,,,15.18000,15.71000,15.25000,64862400,-0.033587,15.25000,15.26000,15.70000,-0.033587
25785,2013-06-06,F,FORD MOTOR CO DEL,,,15.06000,15.48000,15.44000,54820100,0.012459,15.44000,15.45000,15.25000,0.012459
25785,2013-06-07,F,FORD MOTOR CO DEL,,,15.46000,15.76000,15.73000,37107800,0.018782,15.72000,15.73000,15.58000,0.018782
25785,2013-06-10,F,FORD MOTOR CO DEL,,,15.60000,15.90000,15.71000,29590000,-0.001271,15.70000,15.71000,15.86000,-0.001271
25785,2013-06-11,F,FORD MOTOR CO DEL,,,15.40000,15.68000,15.51000,35368500,-0.012731,15.50000,15.51000,15.52000,-0.012731
25785,2013-06-12,F,FORD MOTOR CO DEL,,,15.31000,15.71000,15.37000,36213600,-0.009026,15.36000,15.37000,15.63000,-0.009026
25785,2013-06-13,F,FORD MOTOR CO DEL,,,15.18000,15.59880,15.58000,34327500,0.013663,15.57000,15.58000,15.31000,0.013663
25785,2013-06-14,F,FORD MOTOR CO DEL,,,15.35000,15.57000,15.37000,27188900,-0.013479,15.36000,15.37000,15.52000,-0.013479
25785,2013-06-17,F,FORD MOTOR CO DEL,,,15.44000,15.72000,15.55000,31360000,0.011711,15.54000,15.55000,15.53000,0.011711
25785,2013-06-18,F,FORD MOTOR CO DEL,,,15.44000,15.71000,15.65000,25959700,0.006431,15.66000,15.67000,15.54000,0.006431
25785,2013-06-19,F,FORD MOTOR CO DEL,,,15.31000,15.62000,15.32000,35997900,-0.021086,15.31000,15.32000,15.60000,-0.021086
25785,2013-06-20,F,FORD MOTOR CO DEL,,,14.75000,15.28000,14.82000,57317700,-0.032637,14.83000,14.84000,15.19000,-0.032637
25785,2013-06-21,F,FORD MOTOR CO DEL,,,14.59000,15.05500,15.00000,48246900,0.012146,14.99000,15.00000,15.02000,0.012146
25785,2013-06-24,F,FORD MOTOR CO DEL,,,14.30000,14.83000,14.67000,58604800,-0.022000,14.67000,14.68000,14.67000,-0.022000
25785,2013-06-25,F,FORD MOTOR CO DEL,,,14.84000,15.00000,14.97000,34037200,0.020450,14.96000,14.97000,14.85000,0.020450
25785,2013-06-26,F,FORD MOTOR CO DEL,,,15.09500,15.31000,15.29000,39603700,0.021376,15.29000,15.30000,15.16000,0.021376
25785,2013-06-27,F,FORD MOTOR CO DEL,,,15.39000,15.70000,15.65000,35859600,0.023545,15.65000,15.66000,15.43000,0.023545
25785,2013-06-28,F,FORD MOTOR CO DEL,,,15.44000,15.65000,15.47000,45071300,-0.011502,15.45000,15.46000,15.56000,-0.011502
25785,2013-07-01,F,FORD MOTOR CO DEL,,,15.55500,15.79000,15.74000,36012500,0.017453,15.73000,15.74000,15.61000,0.017453
25785,2013-07-02,F,FORD MOTOR CO DEL,,,15.69000,16.21000,16.18000,70277400,0.027954,16.17000,16.18000,15.76000,0.027954
25785,2013-07-03,F,FORD MOTOR CO DEL,,,16.14000,16.45000,16.43000,38114500,0.015451,16.42000,16.43000,16.15000,0.015451
25785,2013-07-05,F,FORD MOTOR CO DEL,,,16.48000,16.74000,16.70000,44732200,0.016433,16.70000,16.71000,16.53000,0.016433
25785,2013-07-08,F,FORD MOTOR CO DEL,,,16.75000,16.93000,16.81000,42020800,0.006587,16.80000,16.81000,16.85000,0.006587
25785,2013-07-09,F,FORD MOTOR CO DEL,,,16.72000,16.94000,16.84000,33770400,0.001785,16.83000,16.84000,16.86000,0.001785
25785,2013-07-10,F,FORD MOTOR CO DEL,,,16.65000,16.88000,16.72000,38164700,-0.007126,16.72000,16.73000,16.76000,-0.007126
25785,2013-07-11,F,FORD MOTOR CO DEL,,,16.86000,16.99000,16.98000,34601800,0.015550,16.98000,16.99000,16.95000,0.015550
25785,2013-07-12,F,FORD MOTOR CO DEL,,,16.96980,17.11000,17.11000,27306000,0.007656,17.09000,17.10000,16.98000,0.007656
25785,2013-07-15,F,FORD MOTOR CO DEL,,,17.10000,17.29000,17.12000,26663500,0.000584,17.10000,17.11000,17.24000,0.000584
25785,2013-07-16,F,FORD MOTOR CO DEL,,,16.41000,16.95000,16.60000,63282500,-0.030374,16.59000,16.60000,16.95000,-0.030374
25785,2013-07-17,F,FORD MOTOR CO DEL,,,16.62000,16.83000,16.78000,27888000,0.010843,16.76000,16.77000,16.64000,0.010843
25785,2013-07-18,F,FORD MOTOR CO DEL,,,16.78000,16.98000,16.93000,24606400,0.008939,16.93000,16.94000,16.82000,0.008939
25785,2013-07-19,F,FORD MOTOR CO DEL,,,16.65000,16.89000,16.76000,29593900,-0.010041,16.75000,16.76000,16.89000,-0.010041
25785,2013-07-22,F,FORD MOTOR CO DEL,,,16.83000,17.04000,17.04000,28747600,0.016706,17.03000,17.04000,16.87000,0.016706
25785,2013-07-23,F,FORD MOTOR CO DEL,,,16.82000,17.17000,16.94000,35019100,-0.005869,16.95000,16.96000,17.16000,-0.005869
25785,2013-07-24,F,FORD MOTOR CO DEL,,,17.25000,17.67500,17.37000,78609300,0.025384,17.37000,17.38000,17.48000,0.025384
25785,2013-07-25,F,FORD MOTOR CO DEL,,,16.88000,17.27000,16.96000,51596200,-0.023604,16.94000,16.95000,17.26000,-0.023604
25785,2013-07-26,F,FORD MOTOR CO DEL,,,16.90000,17.13000,17.02000,30356100,0.003538,17.02000,17.03000,16.92000,0.003538
25785,2013-07-29,F,FORD MOTOR CO DEL,,,17.05000,17.19000,17.08000,27831400,0.003525,17.08000,17.09000,17.08000,0.003525
25785,2013-07-30,F,FORD MOTOR CO DEL,,,17.06000,17.25000,17.08000,25879800,0.000000,17.09000,17.10000,17.19000,0.000000
25785,2013-07-31,F,FORD MOTOR CO DEL,,,16.84000,17.15000,16.88000,42167300,-0.005855,16.88000,16.89000,17.09000,-0.011710
25785,2013-08-01,F,FORD MOTOR CO DEL,,,16.95000,17.21000,17.19000,39519500,0.018365,17.18000,17.19000,17.04000,0.018365
25785,2013-08-02,F,FORD MOTOR CO DEL,,,17.12000,17.50000,17.50000,32234800,0.018034,17.48000,17.49000,17.15000,0.018034
25785,2013-08-05,F,FORD MOTOR CO DEL,,,17.11000,17.50000,17.19000,53813000,-0.017714,17.17000,17.18000,17.44000,-0.017714
25785,2013-08-06,F,FORD MOTOR CO DEL,,,17.00000,17.23000,17.03000,29013900,-0.009308,17.02000,17.03000,17.18000,-0.009308
25785,2013-08-07,F,FORD MOTOR CO DEL,,,16.72000,16.96000,16.77000,33058000,-0.015267,16.76000,16.77000,16.95000,-0.015267
25785,2013-08-08,F,FORD MOTOR CO DEL,,,16.87000,17.03000,16.98000,26626200,0.012522,16.97000,16.98000,16.94000,0.012522
25785,2013-08-09,F,FORD MOTOR CO DEL,,,16.94000,17.11000,17.02000,25640700,0.002356,17.01000,17.02000,16.95000,0.002356
25785,2013-08-12,F,FORD MOTOR CO DEL,,,16.89000,17.14000,17.07000,23170600,0.002938,17.07000,17.08000,16.91000,0.002938
25785,2013-08-13,F,FORD MOTOR CO DEL,,,16.96000,17.21000,17.06000,22371900,-0.000586,17.05000,17.06000,17.15000,-0.000586
25785,2013-08-14,F,FORD MOTOR CO DEL,,,16.85000,17.06000,16.89000,29255600,-0.009965,16.88000,16.89000,17.04000,-0.009965
25785,2013-08-15,F,FORD MOTOR CO DEL,,,16.22000,16.73000,16.43000,55905200,-0.027235,16.42000,16.43000,16.71000,-0.027235
25785,2013-08-16,F,FORD MOTOR CO DEL,,,16.22000,16.60000,16.30000,30477300,-0.007912,16.29000,16.30000,16.45000,-0.007912
25785,2013-08-19,F,FORD MOTOR CO DEL,,,16.11000,16.31000,16.12000,28013500,-0.011043,16.11000,16.12000,16.29000,-0.011043
25785,2013-08-20,F,FORD MOTOR CO DEL,,,15.82000,16.36000,16.31000,42599200,0.011787,16.31000,16.32000,16.06000,0.011787
25785,2013-08-21,F,FORD MOTOR CO DEL,,,16.11000,16.42000,16.25000,34926500,-0.003679,16.24000,16.25000,16.31000,-0.003679
25785,2013-08-22,F,FORD MOTOR CO DEL,,,16.25000,16.49000,16.41000,16471900,0.009846,16.41000,16.42000,16.29000,0.009846
25785,2013-08-23,F,FORD MOTOR CO DEL,,,16.35000,16.52000,16.45000,21547900,0.002438,16.44000,16.45000,16.47000,0.002438
25785,2013-08-26,F,FORD MOTOR CO DEL,,,16.38000,16.62000,16.41000,24792600,-0.002432,16.41000,16.42000,16.44000,-0.002432
25785,2013-08-27,F,FORD MOTOR CO DEL,,,15.85000,16.18000,15.88000,44005200,-0.032297,15.87000,15.88000,16.16000,-0.032297
25785,2013-08-28,F,FORD MOTOR CO DEL,,,15.71000,16.15000,16.02000,37035400,0.008816,16.03000,16.04000,15.86000,0.008816
25785,2013-08-29,F,FORD MOTOR CO DEL,,,16.15000,16.66000,16.50000,47727500,0.029963,16.51000,16.52000,16.21000,0.029963
25785,2013-08-30,F,FORD MOTOR CO DEL,,,16.12100,16.59000,16.19000,40290600,-0.018788,16.17000,16.18000,16.58000,-0.018788
25785,2013-09-03,F,FORD MOTOR CO DEL,,,16.21000,16.54000,16.34000,33457700,0.009265,16.33000,16.34000,16.42000,0.009265
25785,2013-09-04,F,FORD MOTOR CO DEL,,,16.37000,17.02000,16.91000,69543400,0.034884,16.90000,16.91000,16.38000,0.034884
25785,2013-09-05,F,FORD MOTOR CO DEL,,,17.03000,17.35000,17.30000,55979800,0.023063,17.28000,17.29000,17.10000,0.023063
25785,2013-09-06,F,FORD MOTOR CO DEL,,,16.82000,17.34000,17.00000,61743600,-0.017341,16.99000,17.00000,17.33000,-0.017341
25785,2013-09-09,F,FORD MOTOR CO DEL,,,17.10000,17.41000,17.31000,38516900,0.018235,17.30000,17.31000,17.11000,0.018235
25785,2013-09-10,F,FORD MOTOR CO DEL,,,17.37000,17.68000,17.55000,45861800,0.013865,17.55000,17.56000,17.49000,0.013865
25785,2013-09-11,F,FORD MOTOR CO DEL,,,17.39000,17.58000,17.54000,32902800,-0.000570,17.52000,17.53000,17.50000,-0.000570
25785,2013-09-12,F,FORD MOTOR CO DEL,,,17.31000,17.56000,17.39000,26855300,-0.008552,17.38000,17.39000,17.55000,-0.008552
25785,2013-09-13,F,FORD MOTOR CO DEL,,,17.28000,17.48760,17.35000,21581400,-0.002300,17.33000,17.34000,17.45000,-0.002300
25785,2013-09-16,F,FORD MOTOR CO DEL,,,17.30000,17.59000,17.35000,27078900,0.000000,17.34000,17.35000,17.53000,0.000000
25785,2013-09-17,F,FORD MOTOR CO DEL,,,17.30000,17.45000,17.44000,23176300,0.005187,17.44000,17.45000,17.35000,0.005187
25785,2013-09-18,F,FORD MOTOR CO DEL,,,17.34000,17.77000,17.62500,45175000,0.010608,17.62000,17.63000,17.36000,0.010608
25785,2013-09-19,F,FORD MOTOR CO DEL,,,17.51000,17.77000,17.66000,30750300,0.001986,17.66000,17.67000,17.75000,0.001986
25785,2013-09-20,F,FORD MOTOR CO DEL,,,17.30000,17.71000,17.39000,47962000,-0.015289,17.38000,17.39000,17.71000,-0.015289
25785,2013-09-23,F,FORD MOTOR CO DEL,,,16.98000,17.35000,17.20000,42739900,-0.010926,17.20000,17.21000,17.27000,-0.010926
25785,2013-09-24,F,FORD MOTOR CO DEL,,,17.08000,17.40000,17.26000,33788900,0.003488,17.25000,17.26000,17.23000,0.003488
25785,2013-09-25,F,FORD MOTOR CO DEL,,,17.16000,17.40000,17.19000,31638500,-0.004056,17.20000,17.21000,17.25000,-0.004056
25785,2013-09-26,F,FORD MOTOR CO DEL,,,17.12000,17.38000,17.27000,32360900,0.004654,17.26000,17.27000,17.26000,0.004654
25785,2013-09-27,F,FORD MOTOR CO DEL,,,17.00000,17.20000,17.05000,34024200,-0.012739,17.03000,17.04000,17.17000,-0.012739
25785,2013-09-30,F,FORD MOTOR CO DEL,,,16.69000,17.01000,16.87000,36511300,-0.010557,16.86000,16.87000,16.77000,-0.010557
25785,2013-10-01,F,FORD MOTOR CO DEL,,,16.92000,17.34000,17.19000,41817000,0.018969,17.17000,17.18000,16.93000,0.018969
25785,2013-10-02,F,FORD MOTOR CO DEL,,,16.95000,17.22000,17.21000,29527300,0.001163,17.20000,17.21000,17.09000,0.001163
25785,2013-10-03,F,FORD MOTOR CO DEL,,,16.76000,17.17000,16.95000,36628800,-0.015107,16.94000,16.95000,17.11000,-0.015107
25785,2013-10-04,F,FORD MOTOR CO DEL,,,16.94000,17.14000,17.09000,24997200,0.008260,17.07000,17.08000,16.97000,0.008260
25785,2013-10-07,F,FORD MOTOR CO DEL,,,16.81000,16.95000,16.81000,30339600,-0.016384,16.81000,16.82000,16.86000,-0.016384
25785,2013-10-08,F,FORD MOTOR CO DEL,,,16.45000,16.85000,16.50000,45491300,-0.018441,16.50000,16.51000,16.83000,-0.018441
25785,2013-10-09,F,FORD MOTOR CO DEL,,,16.35000,16.74000,16.62000,50838200,0.007273,16.62000,16.63000,16.51000,0.007273
25785,2013-10-10,F,FORD MOTOR CO DEL,,,16.83000,17.00000,16.93000,46955700,0.018652,16.92000,16.93000,16.87000,0.018652
25785,2013-10-11,F,FORD MOTOR CO DEL,,,16.88000,17.12000,17.11000,30814200,0.010632,17.10000,17.11000,17.02000,0.010632
25785,2013-10-14,F,FORD MOTOR CO DEL,,,16.92000,17.25000,17.18000,31229600,0.004091,17.18000,17.19000,16.93000,0.004091
25785,2013-10-15,F,FORD MOTOR CO DEL,,,16.95000,17.21000,16.97000,39294100,-0.012224,16.97000,16.98000,17.18000,-0.012224
25785,2013-10-16,F,FORD MOTOR CO DEL,,,17.03000,17.29000,17.29000,33098300,0.018857,17.28000,17.29000,17.08000,0.018857
25785,2013-10-17,F,FORD MOTOR CO DEL,,,17.24000,17.49000,17.46000,26889400,0.009832,17.44000,17.45000,17.24000,0.009832
25785,2013-10-18,F,FORD MOTOR CO DEL,,,17.43000,17.55000,17.53000,23022100,0.004009,17.52000,17.53000,17.52000,0.004009
25785,2013-10-21,F,FORD MOTOR CO DEL,,,17.41000,17.60000,17.50000,22159700,-0.001711,17.49000,17.50000,17.59000,-0.001711
25785,2013-10-22,F,FORD MOTOR CO DEL,,,17.44000,17.68000,17.60000,30226500,0.005714,17.60000,17.61000,17.55000,0.005714
25785,2013-10-23,F,FORD MOTOR CO DEL,,,17.39000,17.71000,17.52000,45496200,-0.004545,17.50000,17.51000,17.66000,-0.004545
25785,2013-10-24,F,FORD MOTOR CO DEL,,,17.64000,18.02000,17.76000,71402600,0.013699,17.75000,17.76000,18.01000,0.013699
25785,2013-10-25,F,FORD MOTOR CO DEL,,,17.42000,17.85000,17.60000,47515700,-0.009009,17.60000,17.61000,17.84000,-0.009009
25785,2013-10-28,F,FORD MOTOR CO DEL,,,17.52000,17.72000,17.57000,37323000,-0.001705,17.56000,17.57000,17.66000,-0.001705
25785,2013-10-29,F,FORD MOTOR CO DEL,,,17.41000,17.62000,17.61000,36931500,0.002277,17.61000,17.62000,17.57000,0.002277
25785,2013-10-30,F,FORD MOTOR CO DEL,,,17.25000,17.64000,17.34000,39898500,-0.009654,17.33000,17.34000,17.62000,-0.015332
25785,2013-10-31,F,FORD MOTOR CO DEL,,,17.10000,17.33000,17.11000,38742700,-0.013264,17.11000,17.12000,17.29000,-0.013264
25785,2013-11-01,F,FORD MOTOR CO DEL,,,16.76000,17.24000,16.89000,52493000,-0.012858,16.89000,16.90000,17.24000,-0.012858
25785,2013-11-04,F,FORD MOTOR CO DEL,,,16.78000,17.01000,17.00000,33974700,0.006513,16.99000,17.00000,16.97000,0.006513
25785,2013-11-05,F,FORD MOTOR CO DEL,,,16.83260,17.14000,17.09000,43523800,0.005294,17.09000,17.10000,16.89000,0.005294
25785,2013-11-06,F,FORD MOTOR CO DEL,,,16.85000,17.20000,16.91000,37052400,-0.010532,16.90000,16.91000,17.16000,-0.010532
25785,2013-11-07,F,FORD MOTOR CO DEL,,,16.53000,16.92000,16.55000,47526900,-0.021289,16.55000,16.56000,16.91000,-0.021289
25785,2013-11-08,F,FORD MOTOR CO DEL,,,16.61000,16.87000,16.85000,38987300,0.018127,16.84000,16.85000,16.66000,0.018127
25785,2013-11-11,F,FORD MOTOR CO DEL,,,16.73000,17.14000,16.89000,29561200,0.002374,16.88000,16.89000,16.87000,0.002374
25785,2013-11-12,F,FORD MOTOR CO DEL,,,16.66000,16.85000,16.72000,31432300,-0.010065,16.72000,16.73000,16.80000,-0.010065
25785,2013-11-13,F,FORD MOTOR CO DEL,,,16.64000,17.10000,17.10000,39160000,0.022727,17.09000,17.10000,16.66000,0.022727
25785,2013-11-14,F,FORD MOTOR CO DEL,,,17.01000,17.20000,17.09000,35559900,-0.000585,17.08000,17.09000,17.12000,-0.000585
25785,2013-11-15,F,FORD MOTOR CO DEL,,,16.99590,17.15010,17.07000,33105200,-0.001170,17.05000,17.06000,17.13000,-0.001170
25785,2013-11-18,F,FORD MOTOR CO DEL,,,16.92000,17.18000,16.98000,31231300,-0.005272,16.97000,16.98000,17.07000,-0.005272
25785,2013-11-19,F,FORD MOTOR CO DEL,,,16.82000,17.03000,16.87000,26841800,-0.006478,16.86000,16.87000,16.99000,-0.006478
25785,2013-11-20,F,FORD MOTOR CO DEL,,,16.84000,17.08000,16.92000,31087600,0.002964,16.92000,16.93000,16.89000,0.002964
25785,2013-11-21,F,FORD MOTOR CO DEL,,,16.98000,17.15000,17.09000,33051200,0.010047,17.09000,17.10000,17.01000,0.010047
25785,2013-11-22,F,FORD MOTOR CO DEL,,,17.00000,17.14000,17.01000,29794800,-0.004681,17.00000,17.01000,17.12000,-0.004681
25785,2013-11-25,F,FORD MOTOR CO DEL,,,16.93000,17.14000,16.94000,25129500,-0.004115,16.94000,16.95000,17.10000,-0.004115
25785,2013-11-26,F,FORD MOTOR CO DEL,,,16.85000,17.05000,16.87000,26440600,-0.004132,16.87000,16.88000,17.05000,-0.004132
25785,2013-11-27,F,FORD MOTOR CO DEL,,,16.81000,17.09000,17.03000,31559700,0.009484,17.04000,17.05000,16.86000,0.009484
25785,2013-11-29,F,FORD MOTOR CO DEL,,,17.04000,17.18000,17.08000,14918800,0.002936,17.07000,17.08000,17.06000,0.002936
25785,2013-12-02,F,FORD MOTOR CO DEL,,,17.03000,17.20000,17.06000,27749600,-0.001171,17.06000,17.07000,17.12000,-0.001171
25785,2013-12-03,F,FORD MOTOR CO DEL,,,16.42000,17.20000,16.56000,74867000,-0.029308,16.55000,16.56000,17.05000,-0.029308
25785,2013-12-04,F,FORD MOTOR CO DEL,,,16.49000,16.76000,16.62000,40104000,0.003623,16.61000,16.62000,16.61000,0.003623
25785,2013-12-05,F,FORD MOTOR CO DEL,,,16.52000,16.86000,16.74000,44793800,0.007220,16.74000,16.75000,16.66000,0.007220
25785,2013-12-06,F,FORD MOTOR CO DEL,,,16.61500,16.95000,16.70000,33263100,-0.002389,16.69000,16.70000,16.92000,-0.002389
25785,2013-12-09,F,FORD MOTOR CO DEL,,,16.50000,16.79000,16.56000,34379300,-0.008383,16.56000,16.57000,16.68000,-0.008383
25785,2013-12-10,F,FORD MOTOR CO DEL,,,16.51000,16.69000,16.53000,30523600,-0.001812,16.53000,16.54000,16.54000,-0.001812
25785,2013-12-11,F,FORD MOTOR CO DEL,,,16.33000,16.61000,16.41000,37848800,-0.007260,16.40000,16.41000,16.54000,-0.007260
25785,2013-12-12,F,FORD MOTOR CO DEL,,,16.20000,16.46000,16.39000,30945400,-0.001219,16.38000,16.39000,16.36000,-0.001219
25785,2013-12-13,F,FORD MOTOR CO DEL,,,16.46000,16.79000,16.59000,48535500,0.012203,16.59000,16.60000,16.47000,0.012203
25785,2013-12-16,F,FORD MOTOR CO DEL,,,16.71000,16.94000,16.86000,38001800,0.016275,16.86000,16.87000,16.72000,0.016275
25785,2013-12-17,F,FORD MOTOR CO DEL,,,16.66000,16.99000,16.70000,40555800,-0.009490,16.69000,16.70000,16.86000,-0.009490
25785,2013-12-18,F,FORD MOTOR CO DEL,,,15.17000,16.00000,15.65000,220362800,-0.062874,15.64000,15.65000,15.99000,-0.062874
25785,2013-12-19,F,FORD MOTOR CO DEL,,,15.25000,15.50000,15.30000,84659700,-0.022364,15.28000,15.29000,15.46000,-0.022364
25785,2013-12-20,F,FORD MOTOR CO DEL,,,15.32000,15.50000,15.42000,61508300,0.007843,15.41000,15.42000,15.35000,0.007843
25785,2013-12-23,F,FORD MOTOR CO DEL,,,15.12000,15.50000,15.15000,59222300,-0.017510,15.14000,15.15000,15.49000,-0.017510
25785,2013-12-24,F,FORD MOTOR CO DEL,,,15.10000,15.23000,15.19000,22642200,0.002640,15.18000,15.19000,15.20000,0.002640
25785,2013-12-26,F,FORD MOTOR CO DEL,,,15.22000,15.34000,15.33000,24966300,0.009217,15.32000,15.33000,15.23000,0.009217
25785,2013-12-27,F,FORD MOTOR CO DEL,,,15.25000,15.35000,15.30000,21841900,-0.001957,15.28000,15.29000,15.35000,-0.001957
25785,2013-12-30,F,FORD MOTOR CO DEL,,,15.25000,15.42000,15.28000,32838100,-0.001307,15.27000,15.28000,15.36000,-0.001307
25785,2013-12-31,F,FORD MOTOR CO DEL,,,15.26000,15.43000,15.43000,27836400,0.009817,15.41000,15.42000,15.29000,0.009817
25785,2014-01-02,F,FORD MOTOR CO DEL,,,15.28000,15.45000,15.44000,31544200,0.000648,15.43000,15.44000,15.42000,0.000648
25785,2014-01-03,F,FORD MOTOR CO DEL,,,15.30000,15.64000,15.51000,46128800,0.004534,15.50000,15.51000,15.52000,0.004534
25785,2014-01-06,F,FORD MOTOR CO DEL,,,15.52000,15.76000,15.58000,42672700,0.004513,15.57000,15.58000,15.72000,0.004513
25785,2014-01-07,F,FORD MOTOR CO DEL,,,15.35000,15.74000,15.38000,54797500,-0.012837,15.37000,15.38000,15.73000,-0.012837
25785,2014-01-08,F,FORD MOTOR CO DEL,,,15.51000,15.71000,15.54000,48519000,0.010403,15.54000,15.55000,15.60000,0.010403
25785,2014-01-09,F,FORD MOTOR CO DEL,,,15.77000,16.02000,15.84000,68016400,0.019305,15.84000,15.85000,15.83000,0.019305
25785,2014-01-10,F,FORD MOTOR CO DEL,,,15.94000,16.11000,16.07000,45141400,0.014520,16.07000,16.08000,16.01000,0.014520
25785,2014-01-13,F,FORD MOTOR CO DEL,,,16.08000,16.53000,16.11000,57736100,0.002489,16.10000,16.11000,16.37000,0.002489
25785,2014-01-14,F,FORD MOTOR CO DEL,,,16.17000,16.43000,16.40000,44158900,0.018001,16.39000,16.40000,16.31000,0.018001
25785,2014-01-15,F,FORD MOTOR CO DEL,,,16.35000,16.73000,16.70000,64167800,0.018293,16.69000,16.70000,16.37000,0.018293
25785,2014-01-16,F,FORD MOTOR CO DEL,,,16.56000,16.76000,16.73000,38469000,0.001796,16.72000,16.73000,16.67000,0.001796
25785,2014-01-17,F,FORD MOTOR CO DEL,,,16.45000,16.78000,16.52000,37283700,-0.012552,16.50000,16.51000,16.78000,-0.012552
25785,2014-01-21,F,FORD MOTOR CO DEL,,,16.36000,16.68000,16.41000,35696000,-0.006659,16.41000,16.42000,16.64000,-0.006659
25785,2014-01-22,F,FORD MOTOR CO DEL,,,16.37000,16.62000,16.55000,28873500,0.008531,16.55000,16.56000,16.44000,0.008531
25785,2014-01-23,F,FORD MOTOR CO DEL,,,16.31000,16.53000,16.43000,37967000,-0.007251,16.43000,16.44000,16.49000,-0.007251
25785,2014-01-24,F,FORD MOTOR CO DEL,,,15.78000,16.21000,15.83000,66257600,-0.036519,15.84000,15.85000,16.19000,-0.036519
25785,2014-01-27,F,FORD MOTOR CO DEL,,,15.52000,15.91000,15.71000,51362300,-0.007581,15.72000,15.73000,15.90000,-0.007581
25785,2014-01-28,F,FORD MOTOR CO DEL,,,15.51000,16.01000,15.72000,57854600,0.000637,15.71000,15.72000,15.97000,0.000637
25785,2014-01-29,F,FORD MOTOR CO DEL,,,15.20000,15.53000,15.26000,52359600,-0.021310,15.26000,15.27000,15.48000,-0.029262
25785,2014-01-30,F,FORD MOTOR CO DEL,,,15.18000,15.45000,15.25000,32712100,-0.000655,15.25000,15.26000,15.43000,-0.000655
25785,2014-01-31,F,FORD MOTOR CO DEL,,,14.90000,15.10000,14.96000,64223500,-0.019016,14.95000,14.96000,15.09000,-0.019016
25785,2014-02-03,F,FORD MOTOR CO DEL,,,14.40000,15.00000,14.55000,92459000,-0.027406,14.56000,14.57000,15.00000,-0.027406
25785,2014-02-04,F,FORD MOTOR CO DEL,,,14.45000,14.93000,14.87000,55444600,0.021993,14.87000,14.88000,14.57000,0.021993
25785,2014-02-05,F,FORD MOTOR CO DEL,,,14.50000,14.93000,14.73000,45571800,-0.009415,14.72000,14.73000,14.93000,-0.009415
25785,2014-02-06,F,FORD MOTOR CO DEL,,,14.53000,14.85000,14.85000,47659200,0.008147,14.84000,14.85000,14.57000,0.008147
25785,2014-02-07,F,FORD MOTOR CO DEL,,,14.94000,15.13000,14.97000,38649900,0.008081,14.97000,14.98000,14.94000,0.008081
25785,2014-02-10,F,FORD MOTOR CO DEL,,,14.78000,15.06000,14.84000,36280500,-0.008684,14.83000,14.84000,15.05000,-0.008684
25785,2014-02-11,F,FORD MOTOR CO DEL,,,14.82000,15.01000,14.96000,43604000,0.008086,14.95000,14.96000,14.91000,0.008086
25785,2014-02-12,F,FORD MOTOR CO DEL,,,14.99000,15.12000,15.00000,30597600,0.002674,15.00000,15.01000,15.09000,0.002674
25785,2014-02-13,F,FORD MOTOR CO DEL,,,14.88000,15.09000,15.08000,27131400,0.005333,15.07000,15.08000,14.90000,0.005333
25785,2014-02-14,F,FORD MOTOR CO DEL,,,15.03000,15.36000,15.24000,34400600,0.010610,15.23000,15.24000,15.12000,0.010610
25785,2014-02-18,F,FORD MOTOR CO DEL,,,15.28000,15.45000,15.39000,32322700,0.009843,15.39000,15.40000,15.38000,0.009843
25785,2014-02-19,F,FORD MOTOR CO DEL,,,15.21000,15.49000,15.25000,26345800,-0.009097,15.24000,15.25000,15.31000,-0.009097
25785,2014-02-20,F,FORD MOTOR CO DEL,,,15.15000,15.30000,15.27000,20654500,0.001312,15.28000,15.29000,15.27000,0.001312
25785,2014-02-21,F,FORD MOTOR CO DEL,,,15.11000,15.31000,15.16000,30089900,-0.007204,15.16000,15.17000,15.27000,-0.007204
25785,2014-02-24,F,FORD MOTOR CO DEL,,,15.12000,15.36000,15.18000,30629400,0.001319,15.18000,15.19000,15.18000,0.001319
25785,2014-02-25,F,FORD MOTOR CO DEL,,,15.11000,15.29000,15.15000,26479900,-0.001976,15.14000,15.15000,15.21000,-0.001976
25785,2014-02-26,F,FORD MOTOR CO DEL,,,15.07000,15.45550,15.26000,34966200,0.007261,15.26000,15.27000,15.14000,0.007261
25785,2014-02-27,F,FORD MOTOR CO DEL,,,15.16000,15.43000,15.39000,25822500,0.008519,15.39000,15.40000,15.22000,0.008519
25785,2014-02-28,F,FORD MOTOR CO DEL,,,15.23000,15.41000,15.39000,35692600,0.000000,15.38000,15.39000,15.33000,0.000000
25785,2014-03-03,F,FORD MOTOR CO DEL,,,15.03000,15.32000,15.20000,42914671,-0.012346,15.19000,15.20000,15.20000,-0.012346
25785,2014-03-04,F,FORD MOTOR CO DEL,,,15.26500,15.39000,15.37000,33116978,0.011184,15.36000,15.37000,15.33000,0.011184
25785,2014-03-05,F,FORD MOTOR CO DEL,,,15.36000,15.67000,15.63000,33000463,0.016916,15.64000,15.65000,15.38000,0.016916
25785,2014-03-06,F,FORD MOTOR CO DEL,,,15.66000,15.83000,15.67000,26660880,0.002559,15.67000,15.68000,15.72000,0.002559
25785,2014-03-07,F,FORD MOTOR CO DEL,,,15.54000,15.80000,15.62000,23726212,-0.003191,15.61000,15.62000,15.72000,-0.003191
25785,2014-03-10,F,FORD MOTOR CO DEL,,,15.45000,15.64000,15.51000,30529475,-0.007042,15.51000,15.52000,15.50000,-0.007042
25785,2014-03-11,F,FORD MOTOR CO DEL,,,15.17000,15.52000,15.30000,34681984,-0.013540,15.29000,15.30000,15.49000,-0.013540
25785,2014-03-12,F,FORD MOTOR CO DEL,,,15.15000,15.42000,15.40000,31278451,0.006536,15.39000,15.40000,15.24000,0.006536
25785,2014-03-13,F,FORD MOTOR CO DEL,,,15.10000,15.46000,15.18000,34344086,-0.014286,15.17000,15.18000,15.46000,-0.014286
25785,2014-03-14,F,FORD MOTOR CO DEL,,,15.06000,15.25000,15.08000,26943258,-0.006588,15.07000,15.08000,15.18000,-0.006588
25785,2014-03-17,F,FORD MOTOR CO DEL,,,15.16000,15.33000,15.28000,26929074,0.013263,15.28000,15.29000,15.18000,0.013263
25785,2014-03-18,F,FORD MOTOR CO DEL,,,15.28000,15.57000,15.49000,28324233,0.013743,15.49000,15.50000,15.29000,0.013743
25785,2014-03-19,F,FORD MOTOR CO DEL,,,15.35000,15.55000,15.48000,24374283,-0.000646,15.47000,15.48000,15.51000,-0.000646
25785,2014-03-20,F,FORD MOTOR CO DEL,,,15.37000,15.55000,15.55000,21203080,0.004522,15.54000,15.55000,15.45000,0.004522
25785,2014-03-21,F,FORD MOTOR CO DEL,,,15.45000,15.74000,15.47000,31763321,-0.005145,15.46000,15.47000,15.73000,-0.005145
25785,2014-03-24,F,FORD MOTOR CO DEL,,,15.30000,15.54000,15.39000,27033551,-0.005171,15.38000,15.39000,15.48000,-0.005171
25785,2014-03-25,F,FORD MOTOR CO DEL,,,15.29000,15.46000,15.33000,24656682,-0.003899,15.33000,15.34000,15.42000,-0.003899
25785,2014-03-26,F,FORD MOTOR CO DEL,,,15.23000,15.44000,15.25000,24444055,-0.005219,15.25000,15.26000,15.38000,-0.005219
25785,2014-03-27,F,FORD MOTOR CO DEL,,,15.17000,15.38000,15.25000,28244793,0.000000,15.24000,15.25000,15.25000,0.000000
25785,2014-03-28,F,FORD MOTOR CO DEL,,,15.31000,15.58000,15.45000,36615051,0.013115,15.44000,15.45000,15.32000,0.013115
25785,2014-03-31,F,FORD MOTOR CO DEL,,,15.48000,15.63000,15.60000,27054549,0.009709,15.59000,15.60000,15.60000,0.009709
25785,2014-04-01,F,FORD MOTOR CO DEL,,,15.67000,16.45500,16.32000,84938937,0.046154,16.31000,16.32000,15.67000,0.046154
25785,2014-04-02,F,FORD MOTOR CO DEL,,,16.15000,16.49000,16.46000,39927114,0.008578,16.45000,16.46000,16.25000,0.008578
25785,2014-04-03,F,FORD MOTOR CO DEL,,,16.34000,16.49000,16.39000,26108319,-0.004253,16.39000,16.40000,16.46000,-0.004253
25785,2014-04-04,F,FORD MOTOR CO DEL,,,16.11000,16.49000,16.13000,30524895,-0.015863,16.13000,16.14000,16.49000,-0.015863
25785,2014-04-07,F,FORD MOTOR CO DEL,,,15.86000,16.17000,15.94000,28112902,-0.011779,15.93000,15.94000,16.08000,-0.011779
25785,2014-04-08,F,FORD MOTOR CO DEL,,,15.92000,16.16000,16.10000,26836366,0.010038,16.09000,16.10000,15.99000,0.010038
25785,2014-04-09,F,FORD MOTOR CO DEL,,,15.75000,16.08500,15.84000,36882845,-0.016149,15.84000,15.85000,16.00000,-0.016149
25785,2014-04-10,F,FORD MOTOR CO DEL,,,15.59000,15.91000,15.63000,31254932,-0.013258,15.63000,15.64000,15.90000,-0.013258
25785,2014-04-11,F,FORD MOTOR CO DEL,,,15.60000,15.93000,15.63000,39337243,0.000000,15.63000,15.64000,15.80000,0.000000
25785,2014-04-14,F,FORD MOTOR CO DEL,,,15.53000,15.77000,15.70000,20414693,0.004479,15.69000,15.70000,15.73000,0.004479
25785,2014-04-15,F,FORD MOTOR CO DEL,,,15.66000,15.88000,15.84000,28666175,0.008917,15.84000,15.85000,15.77000,0.008917
25785,2014-04-16,F,FORD MOTOR CO DEL,,,15.90000,16.07000,16.07000,21861208,0.014520,16.06000,16.07000,15.94000,0.014520
25785,2014-04-17,F,FORD MOTOR CO DEL,,,15.99000,16.09990,16.00000,17657937,-0.004356,16.00000,16.01000,15.99000,-0.004356
25785,2014-04-21,F,FORD MOTOR CO DEL,,,15.90000,16.08000,15.98000,24911768,-0.001250,15.97000,15.98000,16.01000,-0.001250
25785,2014-04-22,F,FORD MOTOR CO DEL,,,15.93000,16.18000,16.10000,18916815,0.007509,16.10000,16.11000,15.96000,0.007509
25785,2014-04-23,F,FORD MOTOR CO DEL,,,16.08000,16.32000,16.23000,19808733,0.008074,16.23000,16.24000,16.08000,0.008074
25785,2014-04-24,F,FORD MOTOR CO DEL,,,16.20000,16.44000,16.32000,27453234,0.005545,16.32000,16.33000,16.41000,0.005545
25785,2014-04-25,F,FORD MOTOR CO DEL,,,15.71000,15.90000,15.78000,53874192,-0.033088,15.78000,15.79000,15.81000,-0.033088
25785,2014-04-28,F,FORD MOTOR CO DEL,,,15.75000,16.05000,15.97000,33030096,0.012041,15.96000,15.97000,15.94000,0.012041
25785,2014-04-29,F,FORD MOTOR CO DEL,,,15.91000,16.15000,16.12000,27163734,0.009393,16.11000,16.12000,16.00000,0.009393
25785,2014-04-30,F,FORD MOTOR CO DEL,,,15.92000,16.18000,16.15000,26524968,0.009615,16.14000,16.15000,16.03000,0.001861
25785,2014-05-01,F,FORD MOTOR CO DEL,,,15.85000,16.20000,15.91000,30722099,-0.014861,15.90000,15.91000,16.15000,-0.014861
25785,2014-05-02,F,FORD MOTOR CO DEL,,,15.80000,15.98000,15.90000,22182779,-0.000629,15.89000,15.90000,15.95000,-0.000629
25785,2014-05-05,F,FORD MOTOR CO DEL,,,15.71000,15.87000,15.74000,25127144,-0.010063,15.74000,15.75000,15.81000,-0.010063
25785,2014-05-06,F,FORD MOTOR CO DEL,,,15.53000,15.76000,15.56000,23289128,-0.011436,15.55000,15.56000,15.74000,-0.011436
25785,2014-05-07,F,FORD MOTOR CO DEL,,,15.43000,15.63000,15.46000,32181828,-0.006427,15.46000,15.47000,15.63000,-0.006427
25785,2014-05-08,F,FORD MOTOR CO DEL,,,15.51000,15.95000,15.81000,36794779,0.022639,15.81000,15.82000,15.54000,0.022639
25785,2014-05-09,F,FORD MOTOR CO DEL,,,15.73000,15.90000,15.77000,25172568,-0.002530,15.77000,15.78000,15.73000,-0.002530
25785,2014-05-12,F,FORD MOTOR CO DEL,,,15.78000,15.90000,15.84000,17164707,0.004439,15.84000,15.85000,15.81000,0.004439
25785,2014-05-13,F,FORD MOTOR CO DEL,,,15.75000,15.90000,15.86000,16509281,0.001263,15.86000,15.87000,15.85000,0.001263
25785,2014-05-14,F,FORD MOTOR CO DEL,,,15.75000,15.89000,15.75000,15087866,-0.006936,15.75000,15.76000,15.85000,-0.006936
25785,2014-05-15,F,FORD MOTOR CO DEL,,,15.55000,15.75000,15.69000,27244262,-0.003810,15.68000,15.69000,15.74000,-0.003810
25785,2014-05-16,F,FORD MOTOR CO DEL,,,15.56000,15.86000,15.76000,25639225,0.004461,15.76000,15.77000,15.70000,0.004461
25785,2014-05-19,F,FORD MOTOR CO DEL,,,15.72000,15.94000,15.92000,17368319,0.010152,15.92000,15.93000,15.72000,0.010152
25785,2014-05-20,F,FORD MOTOR CO DEL,,,15.74000,15.93000,15.77000,20348850,-0.009422,15.77000,15.78000,15.90000,-0.009422
25785,2014-05-21,F,FORD MOTOR CO DEL,,,15.80000,15.98000,15.91000,17811407,0.008878,15.90000,15.91000,15.82000,0.008878
25785,2014-05-22,F,FORD MOTOR CO DEL,,,15.85000,16.03000,15.91000,24848656,0.000000,15.90000,15.91000,15.85000,0.000000
25785,2014-05-23,F,FORD MOTOR CO DEL,,,15.90000,16.03000,16.02000,17004403,0.006914,16.02000,16.03000,15.91000,0.006914
25785,2014-05-27,F,FORD MOTOR CO DEL,,,16.04860,16.20000,16.16000,21034686,0.008739,16.15000,16.16000,16.09000,0.008739
25785,2014-05-28,F,FORD MOTOR CO DEL,,,16.15000,16.36000,16.31000,23241418,0.009282,16.31000,16.32000,16.17000,0.009282
25785,2014-05-29,F,FORD MOTOR CO DEL,,,16.37000,16.56000,16.54000,42832478,0.014102,16.53000,16.54000,16.40000,0.014102
25785,2014-05-30,F,FORD MOTOR CO DEL,,,16.37000,16.54000,16.44000,23065423,-0.006046,16.43000,16.44000,16.40000,-0.006046
25785,2014-06-02,F,FORD MOTOR CO DEL,,,16.38000,16.51000,16.44000,17975088,0.000000,16.43000,16.44000,16.51000,0.000000
25785,2014-06-03,F,FORD MOTOR CO DEL,,,16.45000,16.72000,16.55000,32581740,0.006691,16.54000,16.55000,16.46000,0.006691
25785,2014-06-04,F,FORD MOTOR CO DEL,,,16.46000,16.85000,16.79000,33699592,0.014502,16.79000,16.80000,16.55000,0.014502
25785,2014-06-05,F,FORD MOTOR CO DEL,,,16.60000,16.89000,16.68000,34825926,-0.006552,16.67000,16.68000,16.82000,-0.006552
25785,2014-06-06,F,FORD MOTOR CO DEL,,,16.67000,17.08000,17.08000,38583389,0.023981,17.07000,17.08000,16.67000,0.023981
25785,2014-06-09,F,FORD MOTOR CO DEL,,,17.00000,17.12000,17.00000,23144349,-0.004684,17.00000,17.01000,17.01000,-0.004684
25785,2014-06-10,F,FORD MOTOR CO DEL,,,16.99000,17.08000,17.01000,21980136,0.000588,17.00000,17.01000,17.01000,0.000588
25785,2014-06-11,F,FORD MOTOR CO DEL,,,16.88000,17.01000,16.90000,21409229,-0.006467,16.90000,16.91000,16.97000,-0.006467
25785,2014-06-12,F,FORD MOTOR CO DEL,,,16.50000,16.93000,16.52000,28544500,-0.022485,16.52000,16.53000,16.89000,-0.022485
25785,2014-06-13,F,FORD MOTOR CO DEL,,,16.50000,16.65000,16.56000,20323354,0.002421,16.55000,16.56000,16.53000,0.002421
25785,2014-06-16,F,FORD MOTOR CO DEL,,,16.38000,16.68000,16.63000,22219572,0.004227,16.63000,16.64000,16.47000,0.004227
25785,2014-06-17,F,FORD MOTOR CO DEL,,,16.53000,16.80000,16.79000,17785415,0.009621,16.79000,16.80000,16.58000,0.009621
25785,2014-06-18,F,FORD MOTOR CO DEL,,,16.62500,16.85000,16.83000,22925751,0.002382,16.83000,16.84000,16.79000,0.002382
25785,2014-06-19,F,FORD MOTOR CO DEL,,,16.76000,16.87000,16.78000,16728501,-0.002971,16.76000,16.77000,16.87000,-0.002971
25785,2014-06-20,F,FORD MOTOR CO DEL,,,16.65000,16.87000,16.67000,29981435,-0.006555,16.66000,16.67000,16.87000,-0.006555
25785,2014-06-23,F,FORD MOTOR CO DEL,,,16.68000,16.92000,16.88000,23084402,0.012597,16.88000,16.89000,16.70000,0.012597
25785,2014-06-24,F,FORD MOTOR CO DEL,,,16.83000,17.20000,16.97000,37736474,0.005332,16.97000,16.98000,16.84000,0.005332
25785,2014-06-25,F,FORD MOTOR CO DEL,,,16.92000,17.26000,17.20000,37496685,0.013553,17.20000,17.21000,16.95000,0.013553
25785,2014-06-26,F,FORD MOTOR CO DEL,,,17.05000,17.27000,17.20000,22193690,0.000000,17.19000,17.20000,17.27000,0.000000
25785,2014-06-27,F,FORD MOTOR CO DEL,,,17.14500,17.29000,17.28000,31418644,0.004651,17.27000,17.28000,17.18000,0.004651
25785,2014-06-30,F,FORD MOTOR CO DEL,,,17.20000,17.35000,17.24000,24099967,-0.002315,17.23000,17.24000,17.30000,-0.002315
25785,2014-07-01,F,FORD MOTOR CO DEL,,,17.07000,17.40000,17.21000,36171515,-0.001740,17.20000,17.21000,17.34000,-0.001740
25785,2014-07-02,F,FORD MOTOR CO DEL,,,17.17000,17.30000,17.22000,17002931,0.000581,17.21000,17.22000,17.19000,0.000581
25785,2014-07-03,F,FORD MOTOR CO DEL,,,17.22000,17.34000,17.32000,13581223,0.005807,17.29000,17.30000,17.23000,0.005807
25785,2014-07-07,F,FORD MOTOR CO DEL,,,17.19000,17.40000,17.32000,20271602,0.000000,17.32000,17.33000,17.19000,0.000000
25785,2014-07-08,F,FORD MOTOR CO DEL,,,17.05000,17.23870,17.11000,23332243,-0.012125,17.11000,17.12000,17.22000,-0.012125
25785,2014-07-09,F,FORD MOTOR CO DEL,,,17.14000,17.45000,17.43000,27036963,0.018702,17.43000,17.44000,17.16000,0.018702
25785,2014-07-10,F,FORD MOTOR CO DEL,,,17.17000,17.39000,17.30000,20165185,-0.007458,17.29000,17.30000,17.20000,-0.007458
25785,2014-07-11,F,FORD MOTOR CO DEL,,,17.29000,17.49000,17.47000,20149953,0.009827,17.46000,17.47000,17.31000,0.009827
25785,2014-07-14,F,FORD MOTOR CO DEL,,,17.45000,17.60000,17.55000,20455228,0.004579,17.54000,17.55000,17.51000,0.004579
25785,2014-07-15,F,FORD MOTOR CO DEL,,,17.45000,17.65000,17.54000,22631089,-0.000570,17.54000,17.55000,17.55000,-0.000570
25785,2014-07-16,F,FORD MOTOR CO DEL,,,17.62000,17.87000,17.80000,36065737,0.014823,17.78000,17.79000,17.66000,0.014823
25785,2014-07-17,F,FORD MOTOR CO DEL,,,17.64000,18.08000,17.74000,47287297,-0.003371,17.74000,17.75000,17.66000,-0.003371
25785,2014-07-18,F,FORD MOTOR CO DEL,,,17.65000,17.84000,17.72000,24838797,-0.001127,17.71000,17.72000,17.80000,-0.001127
25785,2014-07-21,F,FORD MOTOR CO DEL,,,17.65000,17.90000,17.70000,19200500,-0.001129,17.70000,17.71000,17.65000,-0.001129
25785,2014-07-22,F,FORD MOTOR CO DEL,,,17.67000,17.86000,17.82000,24547298,0.006780,17.81000,17.82000,17.77000,0.006780
25785,2014-07-23,F,FORD MOTOR CO DEL,,,17.78000,17.95000,17.78000,30932482,-0.002245,17.78000,17.79000,17.83000,-0.002245
25785,2014-07-24,F,FORD MOTOR CO DEL,,,17.68000,18.12000,17.84000,53837956,0.003375,17.83000,17.84000,18.01000,0.003375
25785,2014-07-25,F,FORD MOTOR CO DEL,,,17.51000,17.92000,17.62000,34499753,-0.012332,17.61000,17.62000,17.90000,-0.012332
25785,2014-07-28,F,FORD MOTOR CO DEL,,,17.47000,17.71000,17.64000,29662377,0.001135,17.63000,17.64000,17.62000,0.001135
25785,2014-07-29,F,FORD MOTOR CO DEL,,,17.54000,17.85000,17.57000,32972797,-0.003968,17.57000,17.58000,17.65000,-0.003968
25785,2014-07-30,F,FORD MOTOR CO DEL,,,17.32000,17.60000,17.46000,30169696,0.000854,17.46000,17.47000,17.52000,-0.006261
25785,2014-07-31,F,FORD MOTOR CO DEL,,,17.01000,17.33000,17.02000,34170628,-0.025200,17.03000,17.04000,17.30000,-0.025200
25785,2014-08-01,F,FORD MOTOR CO DEL,,,16.72000,17.18000,16.81000,33677955,-0.012338,16.80000,16.81000,17.05000,-0.012338
25785,2014-08-04,F,FORD MOTOR CO DEL,,,16.94000,17.13600,17.02000,24871286,0.012493,17.02000,17.03000,16.96000,0.012493
25785,2014-08-05,F,FORD MOTOR CO DEL,,,16.78000,17.14000,16.87000,24851172,-0.008813,16.86000,16.87000,16.94000,-0.008813
25785,2014-08-06,F,FORD MOTOR CO DEL,,,16.74000,17.08000,16.98000,21872932,0.006520,16.97000,16.98000,16.74000,0.006520
25785,2014-08-07,F,FORD MOTOR CO DEL,,,16.77000,17.10000,16.82000,19997660,-0.009423,16.82000,16.83000,17.04000,-0.009423
25785,2014-08-08,F,FORD MOTOR CO DEL,,,16.75000,17.12000,17.09000,29370435,0.016052,17.08000,17.09000,16.80000,0.016052
25785,2014-08-11,F,FORD MOTOR CO DEL,,,17.11000,17.24500,17.17000,17814865,0.004681,17.17000,17.18000,17.17000,0.004681
25785,2014-08-12,F,FORD MOTOR CO DEL,,,17.14000,17.41000,17.21000,25514846,0.002330,17.20000,17.21000,17.15000,0.002330
25785,2014-08-13,F,FORD MOTOR CO DEL,,,17.32000,17.48000,17.42000,26177837,0.012202,17.41000,17.42000,17.48000,0.012202
25785,2014-08-14,F,FORD MOTOR CO DEL,,,17.23000,17.48000,17.43000,19733501,0.000574,17.43000,17.44000,17.40000,0.000574
25785,2014-08-15,F,FORD MOTOR CO DEL,,,17.17000,17.49000,17.31000,20959569,-0.006885,17.30000,17.31000,17.49000,-0.006885
25785,2014-08-18,F,FORD MOTOR CO DEL,,,17.38000,17.52000,17.43000,17174948,0.006932,17.42000,17.43000,17.38000,0.006932
25785,2014-08-19,F,FORD MOTOR CO DEL,,,17.32000,17.52000,17.36000,15899353,-0.004016,17.36000,17.37000,17.51000,-0.004016
25785,2014-08-20,F,FORD MOTOR CO DEL,,,17.25000,17.43000,17.41000,14207276,0.002880,17.40000,17.41000,17.35000,0.002880
25785,2014-08-21,F,FORD MOTOR CO DEL,,,17.37000,17.49000,17.40000,15051296,-0.000574,17.39000,17.40000,17.43000,-0.000574
25785,2014-08-22,F,FORD MOTOR CO DEL,,,17.15000,17.39000,17.17000,20294769,-0.013218,17.16000,17.17000,17.32000,-0.013218
25785,2014-08-25,F,FORD MOTOR CO DEL,,,17.20000,17.29000,17.23000,10770252,0.003494,17.23000,17.24000,17.21000,0.003494
25785,2014-08-26,F,FORD MOTOR CO DEL,,,17.19000,17.35000,17.19000,12167204,-0.002321,17.19000,17.20000,17.26000,-0.002321
25785,2014-08-27,F,FORD MOTOR CO DEL,,,17.21000,17.40000,17.36000,18221103,0.009889,17.36000,17.37000,17.23000,0.009889
25785,2014-08-28,F,FORD MOTOR CO DEL,,,17.21000,17.45000,17.42000,16855014,0.003456,17.42000,17.43000,17.27000,0.003456
25785,2014-08-29,F,FORD MOTOR CO DEL,,,17.39000,17.49000,17.41000,15374784,-0.000574,17.40000,17.41000,17.47000,-0.000574
25785,2014-09-02,F,FORD MOTOR CO DEL,,,17.48000,17.62000,17.60000,18538339,0.010913,17.59000,17.60000,17.48000,0.010913
25785,2014-09-03,F,FORD MOTOR CO DEL,,,17.44000,17.87000,17.47000,25723888,-0.007386,17.47000,17.48000,17.71000,-0.007386
25785,2014-09-04,F,FORD MOTOR CO DEL,,,17.19000,17.62550,17.27000,20733686,-0.011448,17.26000,17.27000,17.46000,-0.011448
25785,2014-09-05,F,FORD MOTOR CO DEL,,,16.94000,17.30000,17.14000,29801662,-0.007528,17.14000,17.15000,17.30000,-0.007528
25785,2014-09-08,F,FORD MOTOR CO DEL,,,16.71000,16.87000,16.80000,47565253,-0.019837,16.79000,16.80000,16.74000,-0.019837
25785,2014-09-09,F,FORD MOTOR CO DEL,,,16.59000,16.82000,16.63000,26656592,-0.010119,16.62000,16.63000,16.79000,-0.010119
25785,2014-09-10,F,FORD MOTOR CO DEL,,,16.61000,16.72000,16.63000,16644382,0.000000,16.62000,16.63000,16.65000,0.000000
25785,2014-09-11,F,FORD MOTOR CO DEL,,,16.51000,16.66700,16.66000,14670061,0.001804,16.65000,16.66000,16.59000,0.001804
25785,2014-09-12,F,FORD MOTOR CO DEL,,,16.50000,16.68000,16.59000,16512713,-0.004202,16.58000,16.59000,16.64000,-0.004202
25785,2014-09-15,F,FORD MOTOR CO DEL,,,16.42000,16.62000,16.47000,23691587,-0.007233,16.47000,16.48000,16.56000,-0.007233
25785,2014-09-16,F,FORD MOTOR CO DEL,,,16.16000,16.53000,16.52000,23772607,0.003036,16.52000,16.53000,16.38000,0.003036
25785,2014-09-17,F,FORD MOTOR CO DEL,,,16.52000,16.70000,16.53000,25366299,0.000605,16.52000,16.53000,16.59000,0.000605
25785,2014-09-18,F,FORD MOTOR CO DEL,,,16.50000,16.65000,16.58000,19453018,0.003025,16.58000,16.59000,16.54000,0.003025
25785,2014-09-19,F,FORD MOTOR CO DEL,,,16.58000,16.77000,16.65000,35008506,0.004222,16.66000,16.67000,16.68000,0.004222
25785,2014-09-22,F,FORD MOTOR CO DEL,,,16.34000,16.61000,16.36000,23800260,-0.017417,16.36000,16.37000,16.58000,-0.017417
25785,2014-09-23,F,FORD MOTOR CO DEL,,,16.14310,16.35000,16.17000,28285137,-0.011614,16.16000,16.17000,16.31000,-0.011614
25785,2014-09-24,F,FORD MOTOR CO DEL,,,16.24000,16.45000,16.41000,22021636,0.014842,16.41000,16.42000,16.24000,0.014842
25785,2014-09-25,F,FORD MOTOR CO DEL,,,16.17000,16.40000,16.20000,19054868,-0.012797,16.21000,16.22000,16.40000,-0.012797
25785,2014-09-26,F,FORD MOTOR CO DEL,,,16.18000,16.33000,16.33000,20432094,0.008025,16.32000,16.33000,16.23000,0.008025
25785,2014-09-29,F,FORD MOTOR CO DEL,,,14.83000,16.40000,15.11000,82938687,-0.074709,15.11000,15.12000,16.15000,-0.074709
25785,2014-09-30,F,FORD MOTOR CO DEL,,,14.49000,15.15000,14.79000,115056660,-0.021178,14.78000,14.79000,15.01000,-0.021178
25785,2014-10-01,F,FORD MOTOR CO DEL,,,14.56000,14.83000,14.59000,55948262,-0.013523,14.58000,14.59000,14.77000,-0.013523
25785,2014-10-02,F,FORD MOTOR CO DEL,,,14.44000,14.67000,14.56000,37788366,-0.002056,14.55000,14.56000,14.65500,-0.002056
25785,2014-10-03,F,FORD MOTOR CO DEL,,,14.50000,14.69000,14.59000,38177484,0.002060,14.58000,14.59000,14.66000,0.002060
25785,2014-10-06,F,FORD MOTOR CO DEL,,,14.50000,14.69610,14.52000,23974313,-0.004798,14.52000,14.53000,14.66000,-0.004798
25785,2014-10-07,F,FORD MOTOR CO DEL,,,14.08000,14.49000,14.10000,42850710,-0.028926,14.08000,14.09000,14.47000,-0.028926
25785,2014-10-08,F,FORD MOTOR CO DEL,,,13.62000,14.24000,14.21000,50319286,0.007801,14.20000,14.21000,14.07000,0.007801
25785,2014-10-09,F,FORD MOTOR CO DEL,,,13.80000,14.22000,13.84000,31768462,-0.026038,13.83000,13.84000,14.21000,-0.026038
25785,2014-10-10,F,FORD MOTOR CO DEL,,,13.52000,13.92000,13.79000,41079514,-0.003613,13.78000,13.79000,13.71000,-0.003613
25785,2014-10-13,F,FORD MOTOR CO DEL,,,13.52000,13.88000,13.54000,37691699,-0.018129,13.53000,13.54000,13.78000,-0.018129
25785,2014-10-14,F,FORD MOTOR CO DEL,,,13.54000,14.04000,13.78000,43397327,0.017725,13.78000,13.79000,13.60000,0.017725
25785,2014-10-15,F,FORD MOTOR CO DEL,,,13.26000,13.77000,13.62000,46496966,-0.011611,13.63000,13.64000,13.59000,-0.011611
25785,2014-10-16,F,FORD MOTOR CO DEL,,,13.36000,14.06000,13.98000,41382155,0.026432,13.97000,13.98000,13.39000,0.026432
25785,2014-10-17,F,FORD MOTOR CO DEL,,,13.97000,14.25000,14.02000,31547970,0.002861,14.01000,14.02000,14.20000,0.002861
25785,2014-10-20,F,FORD MOTOR CO DEL,,,13.95000,14.18000,14.17000,18972604,0.010699,14.16000,14.17000,14.04000,0.010699
25785,2014-10-21,F,FORD MOTOR CO DEL,,,14.10000,14.27500,14.26000,29926800,0.006351,14.26000,14.27000,14.26000,0.006351
25785,2014-10-22,F,FORD MOTOR CO DEL,,,14.08000,14.33000,14.13000,24285220,-0.009116,14.13000,14.14000,14.29000,-0.009116
25785,2014-10-23,F,FORD MOTOR CO DEL,,,14.28000,14.49000,14.40000,30418358,0.019108,14.40000,14.41000,14.30000,0.019108
25785,2014-10-24,F,FORD MOTOR CO DEL,,,13.65000,14.44000,13.78000,91944005,-0.043056,13.78000,13.79000,14.41000,-0.043056
25785,2014-10-27,F,FORD MOTOR CO DEL,,,13.68000,13.89000,13.82000,61472177,0.002903,13.81000,13.82000,13.87000,0.002903
25785,2014-10-28,F,FORD MOTOR CO DEL,,,13.86000,14.16000,14.16000,36821785,0.024602,14.15000,14.16000,13.89000,0.024602
25785,2014-10-29,F,FORD MOTOR CO DEL,,,13.76000,14.18000,13.91000,31263938,-0.008828,13.89000,13.90000,14.14000,-0.017655
25785,2014-10-30,F,FORD MOTOR CO DEL,,,13.68000,13.96500,13.95000,25505958,0.002876,13.95000,13.96000,13.88000,0.002876
25785,2014-10-31,F,FORD MOTOR CO DEL,,,14.04000,14.15000,14.09000,37277819,0.010036,14.08000,14.09000,14.13000,0.010036
25785,2014-11-03,F,FORD MOTOR CO DEL,,,13.94000,14.17000,13.99000,31589885,-0.007097,13.97000,13.98000,14.10000,-0.007097
25785,2014-11-04,F,FORD MOTOR CO DEL,,,13.86000,14.00000,13.95000,19695724,-0.002859,13.94000,13.95000,13.94000,-0.002859
25785,2014-11-05,F,FORD MOTOR CO DEL,,,13.87000,14.05000,13.94000,26042808,-0.000717,13.93000,13.94000,14.03000,-0.000717
25785,2014-11-06,F,FORD MOTOR CO DEL,,,13.92000,14.21570,14.19000,36431748,0.017934,14.18000,14.19000,13.92000,0.017934
25785,2014-11-07,F,FORD MOTOR CO DEL,,,14.13000,14.27000,14.17000,30254740,-0.001409,14.16000,14.17000,14.22000,-0.001409
25785,2014-11-10,F,FORD MOTOR CO DEL,,,13.95000,14.20000,14.00000,36413339,-0.011997,13.99000,14.00000,14.19000,-0.011997
25785,2014-11-11,F,FORD MOTOR CO DEL,,,14.00000,14.43000,14.37000,35345623,0.026429,14.37000,14.38000,14.05000,0.026429
25785,2014-11-12,F,FORD MOTOR CO DEL,,,14.26000,14.63000,14.58000,36221067,0.014614,14.57000,14.58000,14.32000,0.014614
25785,2014-11-13,F,FORD MOTOR CO DEL,,,14.70000,15.17000,14.93000,50292272,0.024006,14.93000,14.94000,14.71000,0.024006
25785,2014-11-14,F,FORD MOTOR CO DEL,,,14.98500,15.26500,15.14000,37093171,0.014066,15.12000,15.13000,15.01000,0.014066
25785,2014-11-17,F,FORD MOTOR CO DEL,,,15.20000,15.60000,15.54000,46517259,0.026420,15.54000,15.55000,15.35000,0.026420
25785,2014-11-18,F,FORD MOTOR CO DEL,,,15.25000,15.75000,15.50000,43650757,-0.002574,15.49000,15.50000,15.70000,-0.002574
25785,2014-11-19,F,FORD MOTOR CO DEL,,,15.26000,15.48000,15.44000,22633528,-0.003871,15.43000,15.44000,15.48000,-0.003871
25785,2014-11-20,F,FORD MOTOR CO DEL,,,15.28000,15.65000,15.46000,21163158,0.001295,15.46000,15.47000,15.37000,0.001295
25785,2014-11-21,F,FORD MOTOR CO DEL,,,15.37000,15.65000,15.43000,25609597,-0.001940,15.41000,15.42000,15.64000,-0.001940
25785,2014-11-24,F,FORD MOTOR CO DEL,,,15.50000,15.69000,15.67000,32797852,0.015554,15.67000,15.68000,15.51000,0.015554
25785,2014-11-25,F,FORD MOTOR CO DEL,,,15.61000,15.84000,15.68000,32253458,0.000638,15.69000,15.70000,15.74000,0.000638
25785,2014-11-26,F,FORD MOTOR CO DEL,,,15.52310,15.67500,15.61000,20010508,-0.004464,15.60000,15.61000,15.65000,-0.004464
25785,2014-11-28,F,FORD MOTOR CO DEL,,,15.47000,15.73000,15.73000,18620274,0.007687,15.72000,15.73000,15.65000,0.007687
25785,2014-12-01,F,FORD MOTOR CO DEL,,,15.70000,15.89000,15.77000,30022014,0.002543,15.77000,15.78000,15.78000,0.002543
25785,2014-12-02,F,FORD MOTOR CO DEL,,,15.61000,15.95000,15.90000,32313044,0.008243,15.89000,15.90000,15.86000,0.008243
25785,2014-12-03,F,FORD MOTOR CO DEL,,,15.88000,16.13000,16.01000,37561091,0.006918,16.01000,16.02000,15.88000,0.006918
25785,2014-12-04,F,FORD MOTOR CO DEL,,,15.75000,16.03000,15.81000,23369025,-0.012492,15.80000,15.81000,16.00000,-0.012492
25785,2014-12-05,F,FORD MOTOR CO DEL,,,15.63000,15.94000,15.70000,29700293,-0.006958,15.70000,15.71000,15.90000,-0.006958
25785,2014-12-08,F,FORD MOTOR CO DEL,,,15.38000,15.75000,15.43000,25519057,-0.017197,15.42000,15.43000,15.68000,-0.017197
25785,2014-12-09,F,FORD MOTOR CO DEL,,,14.75000,15.43000,15.43000,23385340,0.000000,15.42000,15.43000,15.05000,0.000000
25785,2014-12-10,F,FORD MOTOR CO DEL,,,15.15000,15.43000,15.16000,24615488,-0.017498,15.16000,15.17000,15.43000,-0.017498
25785,2014-12-11,F,FORD MOTOR CO DEL,,,15.03000,15.49000,15.28000,30359260,0.007916,15.27000,15.28000,15.17000,0.007916
25785,2014-12-12,F,FORD MOTOR CO DEL,,,14.99000,15.21000,14.99000,22684527,-0.018979,15.00000,15.01000,15.20000,-0.018979
25785,2014-12-15,F,FORD MOTOR CO DEL,,,14.27000,14.91500,14.28000,47476393,-0.047365,14.27000,14.28000,14.86000,-0.047365
25785,2014-12-16,F,FORD MOTOR CO DEL,,,13.93000,14.46000,14.09000,43879326,-0.013305,14.08000,14.09000,14.19000,-0.013305
25785,2014-12-17,F,FORD MOTOR CO DEL,,,14.11000,14.52000,14.45000,29504188,0.025550,14.45000,14.46000,14.17000,0.025550
25785,2014-12-18,F,FORD MOTOR CO DEL,,,14.51000,14.81000,14.81000,35542480,0.024914,14.79000,14.80000,14.70000,0.024914
25785,2014-12-19,F,FORD MOTOR CO DEL,,,14.74000,15.05000,15.03000,40843451,0.014855,15.02000,15.03000,14.79000,0.014855
25785,2014-12-22,F,FORD MOTOR CO DEL,,,15.00000,15.24000,15.22000,25366758,0.012641,15.21000,15.22000,15.08000,0.012641
25785,2014-12-23,F,FORD MOTOR CO DEL,,,15.21000,15.45000,15.33000,20828661,0.007227,15.32000,15.33000,15.21000,0.007227
25785,2014-12-24,F,FORD MOTOR CO DEL,,,15.25000,15.38000,15.30000,7128841,-0.001957,15.30000,15.31000,15.37000,-0.001957
25785,2014-12-26,F,FORD MOTOR CO DEL,,,15.26000,15.48500,15.45000,11666422,0.009804,15.44000,15.45000,15.30000,0.009804
25785,2014-12-29,F,FORD MOTOR CO DEL,,,15.34000,15.68000,15.52000,19137473,0.004531,15.52000,15.53000,15.37000,0.004531
25785,2014-12-30,F,FORD MOTOR CO DEL,,,15.44500,15.60000,15.50000,14795048,-0.001289,15.50000,15.51000,15.48000,-0.001289
25785,2014-12-31,F,FORD MOTOR CO DEL,,,15.47000,15.64000,15.50000,17930162,0.000000,15.49000,15.50000,15.51000,0.000000
25785,2015-01-02,F,FORD MOTOR CO DEL,,,15.18300,15.65000,15.36000,24777911,-0.009032,15.35000,15.36000,15.59000,-0.009032
25785,2015-01-05,F,FORD MOTOR CO DEL,,,14.69000,15.13000,14.76000,44079745,-0.039062,14.75000,14.76000,15.12000,-0.039062
25785,2015-01-06,F,FORD MOTOR CO DEL,,,14.38000,14.90000,14.62000,32981627,-0.009485,14.62000,14.63000,14.88000,-0.009485
25785,2015-01-07,F,FORD MOTOR CO DEL,,,14.77000,15.09000,15.04000,26065329,0.028728,15.03000,15.04000,14.78000,0.028728
25785,2015-01-08,F,FORD MOTOR CO DEL,,,15.23000,15.48000,15.42000,33943398,0.025266,15.42000,15.43000,15.40000,0.025266
25785,2015-01-09,F,FORD MOTOR CO DEL,,,15.06000,15.47000,15.21000,23420750,-0.013619,15.21000,15.22000,15.46000,-0.013619
25785,2015-01-12,F,FORD MOTOR CO DEL,,,15.11000,15.32000,15.22000,22750784,0.000657,15.23000,15.24000,15.31000,0.000657
25785,2015-01-13,F,FORD MOTOR CO DEL,,,15.08000,15.48000,15.21000,26279378,-0.000657,15.20000,15.21000,15.38000,-0.000657
25785,2015-01-14,F,FORD MOTOR CO DEL,,,14.83000,15.16000,15.11000,36798274,-0.006575,15.10000,15.11000,15.07000,-0.006575
25785,2015-01-15,F,FORD MOTOR CO DEL,,,14.80000,15.16000,14.86000,24981340,-0.016545,14.85000,14.86000,15.12000,-0.016545
25785,2015-01-16,F,FORD MOTOR CO DEL,,,14.75000,15.04000,15.02000,32089873,0.010767,15.01000,15.02000,14.81000,0.010767
25785,2015-01-20,F,FORD MOTOR CO DEL,,,14.75000,15.13000,15.01000,28553722,-0.000666,15.00000,15.01000,15.08000,-0.000666
25785,2015-01-21,F,FORD MOTOR CO DEL,,,14.88000,15.11000,14.97000,23281464,-0.002665,14.96000,14.97000,14.98000,-0.002665
25785,2015-01-22,F,FORD MOTOR CO DEL,,,14.90000,15.07000,15.03000,23669219,0.004008,15.03000,15.04000,15.01000,0.004008
25785,2015-01-23,F,FORD MOTOR CO DEL,,,14.89000,15.08000,14.91000,21620561,-0.007984,14.91000,14.92000,15.02000,-0.007984
25785,2015-01-26,F,FORD MOTOR CO DEL,,,14.96500,15.15000,15.08000,25237196,0.011402,15.06000,15.07000,14.98000,0.011402
25785,2015-01-27,F,FORD MOTOR CO DEL,,,14.72000,14.99000,14.85000,34609134,-0.015252,14.85000,14.86000,14.96000,-0.015252
25785,2015-01-28,F,FORD MOTOR CO DEL,,,14.42000,14.83000,14.46000,40579776,-0.016162,14.47000,14.48000,14.83000,-0.026263
25785,2015-01-29,F,FORD MOTOR CO DEL,,,14.30000,14.96000,14.85000,40731076,0.026971,14.85000,14.86000,14.62000,0.026971
25785,2015-01-30,F,FORD MOTOR CO DEL,,,14.63000,14.89000,14.71000,30439659,-0.009428,14.70000,14.71000,14.75000,-0.009428
25785,2015-02-02,F,FORD MOTOR CO DEL,,,14.73500,15.30000,15.27000,40371750,0.038069,15.27000,15.28000,14.75000,0.038069
25785,2015-02-03,F,FORD MOTOR CO DEL,,,15.44000,15.79000,15.65000,48335448,0.024885,15.63000,15.64000,15.47000,0.024885
25785,2015-02-04,F,FORD MOTOR CO DEL,,,15.65000,16.02000,15.87000,41179483,0.014058,15.86000,15.87000,15.68000,0.014058
25785,2015-02-05,F,FORD MOTOR CO DEL,,,15.75000,16.02000,15.85000,25713222,-0.001260,15.84000,15.85000,16.01000,-0.001260
25785,2015-02-06,F,FORD MOTOR CO DEL,,,15.77000,16.00000,15.86000,28187680,0.000631,15.85000,15.86000,15.84000,0.000631
25785,2015-02-09,F,FORD MOTOR CO DEL,,,15.72000,16.03000,15.92000,20286720,0.003783,15.91000,15.92000,15.76000,0.003783
25785,2015-02-10,F,FORD MOTOR CO DEL,,,15.91000,16.14000,16.09000,27928530,0.010678,16.08000,16.09000,16.05000,0.010678
25785,2015-02-11,F,FORD MOTOR CO DEL,,,16.01000,16.31000,16.25000,34285331,0.009944,16.25000,16.26000,16.08000,0.009944
25785,2015-02-12,F,FORD MOTOR CO DEL,,,16.30000,16.45000,16.36000,23738806,0.006769,16.34000,16.35000,16.34000,0.006769
25785,2015-02-13,F,FORD MOTOR CO DEL,,,16.19000,16.36000,16.30000,19954568,-0.003668,16.29000,16.30000,16.33000,-0.003668
25785,2015-02-17,F,FORD MOTOR CO DEL,,,16.00000,16.30000,16.11000,44362323,-0.011656,16.08000,16.09000,16.21000,-0.011656
25785,2015-02-18,F,FORD MOTOR CO DEL,,,16.06000,16.33000,16.21000,22812702,0.006207,16.19000,16.20000,16.16000,0.006207
25785,2015-02-19,F,FORD MOTOR CO DEL,,,16.17000,16.48000,16.43000,24863932,0.013572,16.43000,16.44000,16.19000,0.013572
25785,2015-02-20,F,FORD MOTOR CO DEL,,,16.25000,16.46000,16.40000,21523627,-0.001826,16.39000,16.40000,16.39000,-0.001826
25785,2015-02-23,F,FORD MOTOR CO DEL,,,16.29000,16.45000,16.38000,19016756,-0.001220,16.38000,16.39000,16.33000,-0.001220
25785,2015-02-24,F,FORD MOTOR CO DEL,,,16.28000,16.42000,16.36000,17672510,-0.001221,16.36000,16.37000,16.36000,-0.001221
25785,2015-02-25,F,FORD MOTOR CO DEL,,,16.34000,16.62000,16.51000,23320169,0.009169,16.52000,16.53000,16.34000,0.009169
25785,2015-02-26,F,FORD MOTOR CO DEL,,,16.37000,16.57000,16.38000,20799991,-0.007874,16.38000,16.39000,16.40000,-0.007874
25785,2015-02-27,F,FORD MOTOR CO DEL,,,16.22000,16.40000,16.34000,20336962,-0.002442,16.33000,16.34000,16.38000,-0.002442
25785,2015-03-02,F,FORD MOTOR CO DEL,,,16.40500,16.59000,16.57000,26341113,0.014076,16.56000,16.57000,16.41000,0.014076
25785,2015-03-03,F,FORD MOTOR CO DEL,,,16.06000,16.30000,16.17000,37688950,-0.024140,16.16000,16.17000,16.07000,-0.024140
25785,2015-03-04,F,FORD MOTOR CO DEL,,,15.93000,16.14000,16.03000,25659401,-0.008658,16.02000,16.03000,16.09000,-0.008658
25785,2015-03-05,F,FORD MOTOR CO DEL,,,16.09000,16.23000,16.11000,16548157,0.004991,16.10000,16.11000,16.09000,0.004991
25785,2015-03-06,F,FORD MOTOR CO DEL,,,15.91000,16.20000,15.93000,24420536,-0.011173,15.93000,15.94000,16.04000,-0.011173
25785,2015-03-09,F,FORD MOTOR CO DEL,,,15.93000,16.10000,16.03000,17132373,0.006277,16.03000,16.04000,15.98000,0.006277
25785,2015-03-10,F,FORD MOTOR CO DEL,,,15.69000,15.95000,15.72000,31687721,-0.019339,15.74000,15.75000,15.94000,-0.019339
25785,2015-03-11,F,FORD MOTOR CO DEL,,,15.70000,15.85000,15.75000,20638698,0.001908,15.75000,15.76000,15.77000,0.001908
25785,2015-03-12,F,FORD MOTOR CO DEL,,,15.86000,16.23000,16.17000,31172242,0.026667,16.17000,16.18000,15.88000,0.026667
25785,2015-03-13,F,FORD MOTOR CO DEL,,,16.00000,16.25000,16.20000,27877722,0.001855,16.19000,16.20000,16.16000,0.001855
25785,2015-03-16,F,FORD MOTOR CO DEL,,,16.24000,16.50000,16.49000,37731651,0.017901,16.49000,16.50000,16.26000,0.017901
25785,2015-03-17,F,FORD MOTOR CO DEL,,,16.36000,16.49000,16.39000,20917650,-0.006064,16.39000,16.40000,16.39000,-0.006064
25785,2015-03-18,F,FORD MOTOR CO DEL,,,16.11000,16.51000,16.46000,33748031,0.004271,16.46000,16.47000,16.31000,0.004271
25785,2015-03-19,F,FORD MOTOR CO DEL,,,16.28000,16.46000,16.34000,18021525,-0.007290,16.34000,16.35000,16.42000,-0.007290
25785,2015-03-20,F,FORD MOTOR CO DEL,,,16.34000,16.54000,16.48000,42096844,0.008568,16.47000,16.48000,16.35000,0.008568
25785,2015-03-23,F,FORD MOTOR CO DEL,,,16.46000,16.74000,16.57000,30708965,0.005461,16.57000,16.58000,16.47000,0.005461
25785,2015-03-24,F,FORD MOTOR CO DEL,,,16.47000,16.69000,16.56000,16661833,-0.000604,16.55000,16.56000,16.58000,-0.000604
25785,2015-03-25,F,FORD MOTOR CO DEL,,,16.18000,16.55000,16.18000,21996193,-0.022947,16.18000,16.19000,16.53000,-0.022947
25785,2015-03-26,F,FORD MOTOR CO DEL,,,15.96300,16.17000,16.01000,33327882,-0.010507,16.00000,16.01000,16.11000,-0.010507
25785,2015-03-27,F,FORD MOTOR CO DEL,,,15.85000,16.10000,15.98000,53270387,-0.001874,15.97000,15.98000,16.06000,-0.001874
25785,2015-03-30,F,FORD MOTOR CO DEL,,,16.05000,16.28000,16.16000,20537646,0.011264,16.16000,16.17000,16.12000,0.011264
25785,2015-03-31,F,FORD MOTOR CO DEL,,,16.08000,16.29000,16.14000,21792601,-0.001238,16.14000,16.15000,16.12000,-0.001238
25785,2015-04-01,F,FORD MOTOR CO DEL,,,15.85000,16.16000,15.91000,27365883,-0.014250,15.91000,15.92000,16.16000,-0.014250
25785,2015-04-02,F,FORD MOTOR CO DEL,,,15.85000,16.04000,16.03000,15925403,0.007542,16.02000,16.03000,15.93000,0.007542
25785,2015-04-06,F,FORD MOTOR CO DEL,,,15.90000,16.11000,16.00000,18522130,-0.001872,16.00000,16.01000,15.95000,-0.001872
25785,2015-04-07,F,FORD MOTOR CO DEL,,,15.78000,15.97000,15.90000,26616660,-0.006250,15.89000,15.90000,15.95000,-0.006250
25785,2015-04-08,F,FORD MOTOR CO DEL,,,15.95000,16.09000,15.98000,25147004,0.005031,15.98000,15.99000,15.97000,0.005031
25785,2015-04-09,F,FORD MOTOR CO DEL,,,15.88000,16.07000,15.95000,23461885,-0.001877,15.94000,15.95000,16.00000,-0.001877
25785,2015-04-10,F,FORD MOTOR CO DEL,,,15.95000,16.05000,16.03000,17657738,0.005016,16.03000,16.04000,15.97000,0.005016
25785,2015-04-13,F,FORD MOTOR CO DEL,,,15.87000,16.08000,15.87000,22521087,-0.009981,15.87000,15.88000,16.00000,-0.009981
25785,2015-04-14,F,FORD MOTOR CO DEL,,,15.89000,16.05000,15.97000,21745933,0.006301,15.97000,15.98000,15.90000,0.006301
25785,2015-04-15,F,FORD MOTOR CO DEL,,,16.00000,16.08000,16.07000,25503494,0.006262,16.06000,16.07000,16.01000,0.006262
25785,2015-04-16,F,FORD MOTOR CO DEL,,,15.93000,16.09000,15.94000,23494438,-0.008090,15.94000,15.95000,16.04000,-0.008090
25785,2015-04-17,F,FORD MOTOR CO DEL,,,15.71000,15.88000,15.76000,32148969,-0.011292,15.75000,15.76000,15.88000,-0.011292
25785,2015-04-20,F,FORD MOTOR CO DEL,,,15.82000,15.92000,15.91000,15250750,0.009518,15.90000,15.91000,15.89000,0.009518
25785,2015-04-21,F,FORD MOTOR CO DEL,,,15.76000,15.98000,15.82000,18509477,-0.005657,15.82000,15.83000,15.92000,-0.005657
25785,2015-04-22,F,FORD MOTOR CO DEL,,,15.72000,15.93000,15.91000,20312095,0.005689,15.91000,15.92000,15.83000,0.005689
25785,2015-04-23,F,FORD MOTOR CO DEL,,,15.70000,15.90000,15.76000,28458010,-0.009428,15.76000,15.77000,15.84000,-0.009428
25785,2015-04-24,F,FORD MOTOR CO DEL,,,15.70000,15.87000,15.77000,20293343,0.000635,15.76000,15.77000,15.73000,0.000635
25785,2015-04-27,F,FORD MOTOR CO DEL,,,15.77000,16.00000,15.90000,34824893,0.008243,15.90000,15.91000,15.82000,0.008243
25785,2015-04-28,F,FORD MOTOR CO DEL,,,15.77000,16.08000,16.06000,56634179,0.010063,16.05000,16.06000,15.93000,0.010063
25785,2015-04-29,F,FORD MOTOR CO DEL,,,15.82000,16.10000,16.02000,35126941,0.006849,16.02000,16.03000,15.86000,-0.002491
25785,2015-04-30,F,FORD MOTOR CO DEL,,,15.74000,16.04000,15.80000,30269257,-0.013733,15.80000,15.81000,15.97000,-0.013733
25785,2015-05-01,F,FORD MOTOR CO DEL,,,15.70000,15.94000,15.81000,20602237,0.000633,15.80000,15.81000,15.90000,0.000633
25785,2015-05-04,F,FORD MOTOR CO DEL,,,15.75000,15.88000,15.78000,15078652,-0.001898,15.77000,15.78000,15.81000,-0.001898
25785,2015-05-05,F,FORD MOTOR CO DEL,,,15.52000,15.82000,15.53000,32248886,-0.015843,15.52000,15.53000,15.77000,-0.015843
25785,2015-05-06,F,FORD MOTOR CO DEL,,,15.40000,15.66000,15.48000,26381151,-0.003220,15.47000,15.48000,15.61000,-0.003220
25785,2015-05-07,F,FORD MOTOR CO DEL,,,15.14000,15.56100,15.51000,26996629,0.001938,15.52000,15.53000,15.46000,0.001938
25785,2015-05-08,F,FORD MOTOR CO DEL,,,15.59000,15.71000,15.67000,21336832,0.010316,15.67000,15.68000,15.62000,0.010316
25785,2015-05-11,F,FORD MOTOR CO DEL,,,15.64000,15.84000,15.65000,17249812,-0.001276,15.65000,15.66000,15.65000,-0.001276
25785,2015-05-12,F,FORD MOTOR CO DEL,,,15.50000,15.64500,15.56000,17669966,-0.005751,15.56000,15.57000,15.59000,-0.005751
25785,2015-05-13,F,FORD MOTOR CO DEL,,,15.37000,15.62000,15.41000,20890438,-0.009640,15.40000,15.41000,15.54000,-0.009640
25785,2015-05-14,F,FORD MOTOR CO DEL,,,15.20000,15.54000,15.27000,28794716,-0.009085,15.26000,15.27000,15.50000,-0.009085
25785,2015-05-15,F,FORD MOTOR CO DEL,,,15.27000,15.49000,15.48000,18937706,0.013752,15.48000,15.49000,15.27000,0.013752
25785,2015-05-18,F,FORD MOTOR CO DEL,,,15.45000,15.64000,15.58000,19491927,0.006460,15.59000,15.60000,15.47000,0.006460
25785,2015-05-19,F,FORD MOTOR CO DEL,,,15.44500,15.62500,15.50000,15145265,-0.005135,15.50000,15.51000,15.59000,-0.005135
25785,2015-05-20,F,FORD MOTOR CO DEL,,,15.25500,15.56000,15.30000,22391452,-0.012903,15.29000,15.30000,15.54000,-0.012903
25785,2015-05-21,F,FORD MOTOR CO DEL,,,15.26000,15.55000,15.51000,23962037,0.013725,15.51000,15.52000,15.28000,0.013725
25785,2015-05-22,F,FORD MOTOR CO DEL,,,15.27000,15.50000,15.27000,24795803,-0.015474,15.28000,15.29000,15.50000,-0.015474
25785,2015-05-26,F,FORD MOTOR CO DEL,,,15.15000,15.34000,15.19000,25002893,-0.005239,15.19000,15.20000,15.27000,-0.005239
25785,2015-05-27,F,FORD MOTOR CO DEL,,,15.20000,15.37000,15.32000,18763920,0.008558,15.32000,15.33000,15.23000,0.008558
25785,2015-05-28,F,FORD MOTOR CO DEL,,,15.24000,15.33500,15.29000,13958970,-0.001958,15.29000,15.30000,15.28000,-0.001958
25785,2015-05-29,F,FORD MOTOR CO DEL,,,15.16000,15.40000,15.17000,19060378,-0.007848,15.17000,15.18000,15.31000,-0.007848
25785,2015-06-01,F,FORD MOTOR CO DEL,,,15.19000,15.45000,15.36000,26685260,0.012525,15.35000,15.36000,15.33000,0.012525
25785,2015-06-02,F,FORD MOTOR CO DEL,,,15.21000,15.50000,15.26000,34974694,-0.006510,15.25000,15.26000,15.44000,-0.006510
25785,2015-06-03,F,FORD MOTOR CO DEL,,,15.12000,15.32000,15.20000,24311566,-0.003932,15.19000,15.20000,15.29000,-0.003932
25785,2015-06-04,F,FORD MOTOR CO DEL,,,15.01000,15.17000,15.05000,23428404,-0.009868,15.04000,15.05000,15.13000,-0.009868
25785,2015-06-05,F,FORD MOTOR CO DEL,,,14.78000,15.02000,14.78000,44736948,-0.017940,14.78000,14.79000,15.02000,-0.017940
25785,2015-06-08,F,FORD MOTOR CO DEL,,,14.80000,15.01000,14.90000,30240562,0.008119,14.89000,14.90000,14.83000,0.008119
25785,2015-06-09,F,FORD MOTOR CO DEL,,,14.83500,15.01000,14.88000,20454699,-0.001342,14.88000,14.89000,14.92000,-0.001342
25785,2015-06-10,F,FORD MOTOR CO DEL,,,14.95000,15.08000,15.03000,20961099,0.010081,15.02000,15.03000,15.01000,0.010081
25785,2015-06-11,F,FORD MOTOR CO DEL,,,15.08000,15.35000,15.28000,27187071,0.016633,15.29000,15.30000,15.11000,0.016633
25785,2015-06-12,F,FORD MOTOR CO DEL,,,15.18000,15.35000,15.23000,19847251,-0.003272,15.24000,15.25000,15.20000,-0.003272
25785,2015-06-15,F,FORD MOTOR CO DEL,,,14.97000,15.11000,15.05000,23825392,-0.011819,15.04000,15.05000,15.06000,-0.011819
25785,2015-06-16,F,FORD MOTOR CO DEL,,,14.93000,15.04000,15.00000,23359525,-0.003322,15.01000,15.02000,15.01000,-0.003322
25785,2015-06-17,F,FORD MOTOR CO DEL,,,14.86000,15.08000,15.02000,25842087,0.001333,15.03000,15.04000,15.01000,0.001333
25785,2015-06-18,F,FORD MOTOR CO DEL,,,15.00000,15.24000,15.14000,21360535,0.007989,15.13000,15.14000,15.03000,0.007989
25785,2015-06-19,F,FORD MOTOR CO DEL,,,15.06000,15.25000,15.11000,24675084,-0.001982,15.10000,15.11000,15.09000,-0.001982
25785,2015-06-22,F,FORD MOTOR CO DEL,,,15.10000,15.25000,15.13000,18863779,0.001324,15.13000,15.14000,15.14000,0.001324
25785,2015-06-23,F,FORD MOTOR CO DEL,,,15.22000,15.41000,15.29000,21177833,0.010575,15.29000,15.30000,15.23000,0.010575
25785,2015-06-24,F,FORD MOTOR CO DEL,,,15.42000,15.66000,15.50000,35400953,0.013734,15.50000,15.51000,15.50000,0.013734
25785,2015-06-25,F,FORD MOTOR CO DEL,,,15.39000,15.56000,15.44000,23994370,-0.003871,15.43000,15.44000,15.52000,-0.003871
25785,2015-06-26,F,FORD MOTOR CO DEL,,,15.35000,15.49000,15.40000,20428211,-0.002591,15.40000,15.41000,15.43000,-0.002591
25785,2015-06-29,F,FORD MOTOR CO DEL,,,14.91500,15.30000,15.02000,38117410,-0.024675,15.01000,15.02000,15.23000,-0.024675
25785,2015-06-30,F,FORD MOTOR CO DEL,,,14.90000,15.18000,15.01000,28509259,-0.000666,15.01000,15.02000,15.17000,-0.000666
25785,2015-07-01,F,FORD MOTOR CO DEL,,,14.80000,15.17000,14.99000,31744459,-0.001332,14.98000,14.99000,15.14000,-0.001332
25785,2015-07-02,F,FORD MOTOR CO DEL,,,14.81000,15.08000,14.87000,18482431,-0.008005,14.86000,14.87000,15.01000,-0.008005
25785,2015-07-06,F,FORD MOTOR CO DEL,,,14.70000,14.90000,14.79000,22609802,-0.005380,14.78000,14.79000,14.75000,-0.005380
25785,2015-07-07,F,FORD MOTOR CO DEL,,,14.52000,14.90000,14.85000,28151303,0.004057,14.85000,14.86000,14.77000,0.004057
25785,2015-07-08,F,FORD MOTOR CO DEL,,,14.27000,14.72000,14.37000,42278529,-0.032323,14.36000,14.37000,14.67000,-0.032323
25785,2015-07-09,F,FORD MOTOR CO DEL,,,14.27000,14.62000,14.33000,29660726,-0.002784,14.31000,14.32000,14.60000,-0.002784
25785,2015-07-10,F,FORD MOTOR CO DEL,,,14.33000,14.54000,14.48000,20093588,0.010468,14.48000,14.49000,14.48000,0.010468
25785,2015-07-13,F,FORD MOTOR CO DEL,,,14.42000,14.65000,14.64000,19864009,0.011050,14.64000,14.65000,14.64000,0.011050
25785,2015-07-14,F,FORD MOTOR CO DEL,,,14.59000,14.86000,14.81000,20830698,0.011612,14.81000,14.82000,14.71000,0.011612
25785,2015-07-15,F,FORD MOTOR CO DEL,,,14.61350,14.86000,14.75000,21892051,-0.004051,14.75000,14.76000,14.83000,-0.004051
25785,2015-07-16,F,FORD MOTOR CO DEL,,,14.45000,14.79000,14.57000,33938913,-0.012203,14.56000,14.57000,14.74000,-0.012203
25785,2015-07-17,F,FORD MOTOR CO DEL,,,14.48000,14.69000,14.69000,31718036,0.008236,14.68000,14.69000,14.51000,0.008236
25785,2015-07-20,F,FORD MOTOR CO DEL,,,14.53000,14.75000,14.57000,25428174,-0.008169,14.56000,14.57000,14.71000,-0.008169
25785,2015-07-21,F,FORD MOTOR CO DEL,,,14.45000,14.55000,14.51000,19334653,-0.004118,14.50000,14.51000,14.53000,-0.004118
25785,2015-07-22,F,FORD MOTOR CO DEL,,,14.35000,14.51000,14.42000,30909685,-0.006203,14.41000,14.42000,14.49000,-0.006203
25785,2015-07-23,F,FORD MOTOR CO DEL,,,14.59000,14.87000,14.61000,29440367,0.013176,14.61000,14.62000,14.75000,0.013176
25785,2015-07-24,F,FORD MOTOR CO DEL,,,14.32000,14.73000,14.39000,26050943,-0.015058,14.38000,14.39000,14.72000,-0.015058
25785,2015-07-27,F,FORD MOTOR CO DEL,,,14.23000,14.60000,14.55000,43857237,0.011119,14.58000,14.59000,14.35000,0.011119
25785,2015-07-28,F,FORD MOTOR CO DEL,,,14.60400,15.00000,14.83000,56398516,0.019244,14.84000,14.85000,14.96000,0.019244
25785,2015-07-29,F,FORD MOTOR CO DEL,,,14.81000,15.30000,15.21000,52125435,0.035738,15.22000,15.23000,14.83000,0.025624
25785,2015-07-30,F,FORD MOTOR CO DEL,,,14.96000,15.30000,15.10000,34980315,-0.007232,15.09000,15.10000,15.21000,-0.007232
25785,2015-07-31,F,FORD MOTOR CO DEL,,,14.73000,15.19000,14.83000,32654355,-0.017881,14.82000,14.83000,15.18000,-0.017881
25785,2015-08-03,F,FORD MOTOR CO DEL,,,14.85000,15.04000,14.94000,26702280,0.007417,14.94000,14.95000,14.97000,0.007417
25785,2015-08-04,F,FORD MOTOR CO DEL,,,14.84000,15.00000,14.91000,18845048,-0.002008,14.90000,14.91000,14.94000,-0.002008
25785,2015-08-05,F,FORD MOTOR CO DEL,,,14.72000,15.04000,14.80000,22489961,-0.007378,14.79000,14.80000,14.99000,-0.007378
25785,2015-08-06,F,FORD MOTOR CO DEL,,,14.62000,14.88000,14.83000,26811438,0.002027,14.83000,14.84000,14.80000,0.002027
25785,2015-08-07,F,FORD MOTOR CO DEL,,,14.75000,14.92000,14.80000,14279247,-0.002023,14.80000,14.81000,14.85000,-0.002023
25785,2015-08-10,F,FORD MOTOR CO DEL,,,14.81000,15.00000,14.99000,16804929,0.012838,14.98000,14.99000,14.86000,0.012838
25785,2015-08-11,F,FORD MOTOR CO DEL,,,14.61000,14.80000,14.70000,26971290,-0.019346,14.70000,14.71000,14.80000,-0.019346
25785,2015-08-12,F,FORD MOTOR CO DEL,,,14.37000,14.71000,14.68000,21109693,-0.001361,14.67000,14.68000,14.55000,-0.001361
25785,2015-08-13,F,FORD MOTOR CO DEL,,,14.59000,14.84900,14.71000,20560719,0.002044,14.70000,14.71000,14.64000,0.002044
25785,2015-08-14,F,FORD MOTOR CO DEL,,,14.68000,14.83000,14.78000,18398886,0.004759,14.77000,14.78000,14.73000,0.004759
25785,2015-08-17,F,FORD MOTOR CO DEL,,,14.57000,14.77000,14.68000,16028273,-0.006766,14.67000,14.68000,14.76000,-0.006766
25785,2015-08-18,F,FORD MOTOR CO DEL,,,14.66000,14.84000,14.83000,16853787,0.010218,14.83000,14.84000,14.69000,0.010218
25785,2015-08-19,F,FORD MOTOR CO DEL,,,14.76000,14.97700,14.77000,22521886,-0.004046,14.77000,14.78000,14.78000,-0.004046
25785,2015-08-20,F,FORD MOTOR CO DEL,,,14.40000,14.71000,14.43000,24108504,-0.023020,14.42000,14.43000,14.71000,-0.023020
25785,2015-08-21,F,FORD MOTOR CO DEL,,,13.84000,14.38000,13.86000,42103436,-0.039501,13.86000,13.87000,14.29000,-0.039501
25785,2015-08-24,F,FORD MOTOR CO DEL,,,10.44000,13.48000,13.19000,59805935,-0.048341,13.18000,13.19000,12.24000,-0.048341
25785,2015-08-25,F,FORD MOTOR CO DEL,,,12.90000,13.86000,12.90000,47961785,-0.021986,12.91000,12.92000,13.85000,-0.021986
25785,2015-08-26,F,FORD MOTOR CO DEL,,,12.77000,13.35000,13.21000,48377879,0.024031,13.21000,13.22000,13.18000,0.024031
25785,2015-08-27,F,FORD MOTOR CO DEL,,,13.23000,13.67000,13.56000,42067850,0.026495,13.55000,13.56000,13.46000,0.026495
25785,2015-08-28,F,FORD MOTOR CO DEL,,,13.53000,13.84000,13.74000,25699000,0.013274,13.72000,13.73000,13.54000,0.013274
25785,2015-08-31,F,FORD MOTOR CO DEL,,,13.51000,13.94000,13.87000,38210328,0.009461,13.86000,13.87000,13.76000,0.009461
25785,2015-09-01,F,FORD MOTOR CO DEL,,,13.60000,14.15000,13.72000,50482920,-0.010815,13.72000,13.73000,13.94500,-0.010815
25785,2015-09-02,F,FORD MOTOR CO DEL,,,13.63000,14.00000,13.87000,29602821,0.010933,13.87000,13.88000,13.99000,0.010933
25785,2015-09-03,F,FORD MOTOR CO DEL,,,13.78390,14.07000,13.84000,27560429,-0.002163,13.83000,13.84000,13.94000,-0.002163
25785,2015-09-04,F,FORD MOTOR CO DEL,,,13.40000,13.70000,13.56000,31138436,-0.020231,13.55000,13.56000,13.68000,-0.020231
25785,2015-09-08,F,FORD MOTOR CO DEL,,,13.54000,13.77500,13.67000,30030081,0.008112,13.66000,13.67000,13.77000,0.008112
25785,2015-09-09,F,FORD MOTOR CO DEL,,,13.47000,13.84000,13.53000,30846301,-0.010241,13.53000,13.54000,13.81000,-0.010241
25785,2015-09-10,F,FORD MOTOR CO DEL,,,13.35000,13.83000,13.73000,38696346,0.014782,13.73000,13.74000,13.52000,0.014782
25785,2015-09-11,F,FORD MOTOR CO DEL,,,13.53000,13.81000,13.71000,22804522,-0.001457,13.70000,13.71000,13.75000,-0.001457
25785,2015-09-14,F,FORD MOTOR CO DEL,,,13.63000,13.79000,13.78000,26093548,0.005106,13.77000,13.78000,13.72000,0.005106
25785,2015-09-15,F,FORD MOTOR CO DEL,,,13.79000,14.37000,14.31000,46666698,0.038462,14.30000,14.31000,13.80000,0.038462
25785,2015-09-16,F,FORD MOTOR CO DEL,,,14.25000,14.76000,14.64000,41674972,0.023061,14.64000,14.65000,14.32000,0.023061
25785,2015-09-17,F,FORD MOTOR CO DEL,,,14.46000,14.88000,14.60000,37709048,-0.002732,14.59000,14.60000,14.61000,-0.002732
25785,2015-09-18,F,FORD MOTOR CO DEL,,,14.21000,14.48000,14.28000,40712230,-0.021918,14.26000,14.27000,14.44000,-0.021918
25785,2015-09-21,F,FORD MOTOR CO DEL,,,14.15000,14.43000,14.32000,20764084,0.002801,14.32000,14.33000,14.20000,0.002801
25785,2015-09-22,F,FORD MOTOR CO DEL,,,13.73000,14.05000,13.92000,44080998,-0.027933,13.91000,13.92000,14.01000,-0.027933
25785,2015-09-23,F,FORD MOTOR CO DEL,,,13.51000,13.95000,13.68000,31598381,-0.017241,13.67000,13.68000,13.93000,-0.017241
25785,2015-09-24,F,FORD MOTOR CO DEL,,,13.27000,13.70000,13.65000,32461984,-0.002193,13.66000,13.67000,13.57000,-0.002193
25785,2015-09-25,F,FORD MOTOR CO DEL,,,13.51000,13.87000,13.53000,35967426,-0.008791,13.53000,13.54000,13.87000,-0.008791
25785,2015-09-28,F,FORD MOTOR CO DEL,,,13.06000,13.50500,13.12000,41124699,-0.030303,13.11000,13.12000,13.46000,-0.030303
25785,2015-09-29,F,FORD MOTOR CO DEL,,,13.01000,13.21000,13.15000,44417375,0.002287,13.14000,13.15000,13.14000,0.002287
25785,2015-09-30,F,FORD MOTOR CO DEL,,,13.27010,13.58000,13.57000,40205269,0.031939,13.56000,13.57000,13.37000,0.031939
25785,2015-10-01,F,FORD MOTOR CO DEL,,,13.47000,13.78000,13.67000,33326894,0.007369,13.66000,13.67000,13.76000,0.007369
25785,2015-10-02,F,FORD MOTOR CO DEL,,,13.42000,14.01000,13.99000,30096991,0.023409,13.99000,14.00000,13.50000,0.023409
25785,2015-10-05,F,FORD MOTOR CO DEL,,,13.90000,14.27000,14.19000,38611926,0.014296,14.19000,14.20000,14.12000,0.014296
25785,2015-10-06,F,FORD MOTOR CO DEL,,,14.15000,14.44000,14.31000,27045884,0.008457,14.32000,14.33000,14.19000,0.008457
25785,2015-10-07,F,FORD MOTOR CO DEL,,,14.46000,14.75000,14.75000,33628594,0.030748,14.74000,14.75000,14.49000,0.030748
25785,2015-10-08,F,FORD MOTOR CO DEL,,,14.68000,15.01000,14.99000,25994703,0.016271,14.98000,14.99000,14.72000,0.016271
25785,2015-10-09,F,FORD MOTOR CO DEL,,,14.82000,15.10000,14.97000,29216537,-0.001334,14.96000,14.97000,15.03000,-0.001334
25785,2015-10-12,F,FORD MOTOR CO DEL,,,14.85000,15.00000,14.98000,14372090,0.000668,14.97000,14.98000,14.98000,0.000668
25785,2015-10-13,F,FORD MOTOR CO DEL,,,14.83000,15.10000,14.94000,30615360,-0.002670,14.94000,14.95000,14.88000,-0.002670
25785,2015-10-14,F,FORD MOTOR CO DEL,,,14.86000,15.04000,15.01000,22314466,0.004685,15.00000,15.01000,14.94000,0.004685
25785,2015-10-15,F,FORD MOTOR CO DEL,,,14.99000,15.23000,15.22000,27437601,0.013991,15.21000,15.22000,15.20000,0.013991
25785,2015-10-16,F,FORD MOTOR CO DEL,,,15.11000,15.29000,15.28000,24240479,0.003942,15.27000,15.28000,15.25000,0.003942
25785,2015-10-19,F,FORD MOTOR CO DEL,,,15.15000,15.36000,15.36000,17863005,0.005236,15.35000,15.36000,15.23000,0.005236
25785,2015-10-20,F,FORD MOTOR CO DEL,,,15.27000,15.60000,15.38000,29453834,0.001302,15.38000,15.39000,15.27000,0.001302
25785,2015-10-21,F,FORD MOTOR CO DEL,,,15.35000,15.69000,15.41000,34210591,0.001951,15.40000,15.41000,15.60000,0.001951
25785,2015-10-22,F,FORD MOTOR CO DEL,,,15.40000,15.63000,15.58000,23484355,0.011032,15.58000,15.59000,15.49000,0.011032
25785,2015-10-23,F,FORD MOTOR CO DEL,,,15.49000,15.75000,15.67000,28592824,0.005777,15.66000,15.67000,15.71000,0.005777
25785,2015-10-26,F,FORD MOTOR CO DEL,,,15.57000,15.84000,15.68000,38062284,0.000638,15.69000,15.70000,15.73000,0.000638
25785,2015-10-27,F,FORD MOTOR CO DEL,,,14.80000,15.15000,14.89000,64579703,-0.050383,14.87000,14.88000,15.01000,-0.050383
25785,2015-10-28,F,FORD MOTOR CO DEL,,,14.67000,15.00000,14.97000,34485297,0.015447,14.96000,14.97000,14.78000,0.005373
25785,2015-10-29,F,FORD MOTOR CO DEL,,,14.61000,14.96000,14.73000,32246978,-0.016032,14.72000,14.73000,14.94000,-0.016032
25785,2015-10-30,F,FORD MOTOR CO DEL,,,14.63000,14.94990,14.81000,29225845,0.005431,14.81000,14.82000,14.74000,0.005431
25785,2015-11-02,F,FORD MOTOR CO DEL,,,14.71000,14.89500,14.75000,30295885,-0.004051,14.74000,14.75000,14.79000,-0.004051
25785,2015-11-03,F,FORD MOTOR CO DEL,,,14.72000,14.87000,14.81000,25878793,0.004068,14.80000,14.81000,14.78000,0.004068
25785,2015-11-04,F,FORD MOTOR CO DEL,,,14.64000,14.86000,14.65000,27166413,-0.010804,14.65000,14.66000,14.83000,-0.010804
25785,2015-11-05,F,FORD MOTOR CO DEL,,,14.50000,14.71000,14.57000,21877742,-0.005461,14.56000,14.57000,14.70000,-0.005461
25785,2015-11-06,F,FORD MOTOR CO DEL,,,14.38000,14.55000,14.52000,24085666,-0.003432,14.52000,14.53000,14.51000,-0.003432
25785,2015-11-09,F,FORD MOTOR CO DEL,,,14.26000,14.53000,14.33000,25257385,-0.013085,14.34000,14.35000,14.52000,-0.013085
25785,2015-11-10,F,FORD MOTOR CO DEL,,,14.14000,14.34000,14.28000,22197205,-0.003489,14.27000,14.28000,14.33000,-0.003489
25785,2015-11-11,F,FORD MOTOR CO DEL,,,14.18000,14.38000,14.31000,16893049,0.002101,14.31000,14.32000,14.28000,0.002101
25785,2015-11-12,F,FORD MOTOR CO DEL,,,14.02000,14.27000,14.04000,20283724,-0.018868,14.03000,14.04000,14.21000,-0.018868
25785,2015-11-13,F,FORD MOTOR CO DEL,,,13.89000,14.07000,13.92000,25482657,-0.008547,13.91000,13.92000,14.02000,-0.008547
25785,2015-11-16,F,FORD MOTOR CO DEL,,,13.85000,14.08000,14.04000,22635970,0.008621,14.04000,14.05000,13.85000,0.008621
25785,2015-11-17,F,FORD MOTOR CO DEL,,,14.01000,14.37000,14.15000,25188601,0.007835,14.14000,14.15000,14.02000,0.007835
25785,2015-11-18,F,FORD MOTOR CO DEL,,,14.18000,14.50000,14.46000,26250360,0.021908,14.46000,14.47000,14.23000,0.021908
25785,2015-11-19,F,FORD MOTOR CO DEL,,,14.42000,14.63000,14.57000,23593751,0.007607,14.57000,14.58000,14.45000,0.007607
25785,2015-11-20,F,FORD MOTOR CO DEL,,,14.54000,14.76000,14.60000,18906222,0.002059,14.59000,14.60000,14.62000,0.002059
25785,2015-11-23,F,FORD MOTOR CO DEL,,,14.51000,14.73000,14.55000,18273923,-0.003425,14.55000,14.56000,14.60000,-0.003425
25785,2015-11-24,F,FORD MOTOR CO DEL,,,14.32000,14.63000,14.55000,21251796,0.000000,14.55000,14.56000,14.41000,0.000000
25785,2015-11-25,F,FORD MOTOR CO DEL,,,14.52000,14.68000,14.55000,12626958,0.000000,14.56000,14.57000,14.54000,0.000000
25785,2015-11-27,F,FORD MOTOR CO DEL,,,14.50000,14.59000,14.53000,7760586,-0.001375,14.53000,14.54000,14.54000,-0.001375
25785,2015-11-30,F,FORD MOTOR CO DEL,,,14.29000,14.55000,14.33000,27860262,-0.013765,14.32000,14.33000,14.54000,-0.013765
25785,2015-12-01,F,FORD MOTOR CO DEL,,,14.29000,14.56000,14.56000,29142177,0.016050,14.55000,14.56000,14.32000,0.016050
25785,2015-12-02,F,FORD MOTOR CO DEL,,,14.24000,14.62000,14.26000,21398052,-0.020604,14.26000,14.27000,14.60000,-0.020604
25785,2015-12-03,F,FORD MOTOR CO DEL,,,13.93000,14.33500,13.98000,29847334,-0.019635,13.98000,13.99000,14.31000,-0.019635
25785,2015-12-04,F,FORD MOTOR CO DEL,,,14.00000,14.26000,14.20000,28354070,0.015737,14.19000,14.20000,14.08000,0.015737
25785,2015-12-07,F,FORD MOTOR CO DEL,,,14.02000,14.20000,14.12000,14530576,-0.005634,14.12000,14.13000,14.19000,-0.005634
25785,2015-12-08,F,FORD MOTOR CO DEL,,,13.88000,14.10000,13.97000,30356873,-0.010623,13.96000,13.97000,14.03000,-0.010623
25785,2015-12-09,F,FORD MOTOR CO DEL,,,13.80000,14.14000,13.89000,25196945,-0.005727,13.89000,13.90000,13.91000,-0.005727
25785,2015-12-10,F,FORD MOTOR CO DEL,,,13.89000,14.09000,13.96000,22039330,0.005040,13.96000,13.97000,13.91000,0.005040
25785,2015-12-11,F,FORD MOTOR CO DEL,,,13.58000,13.92000,13.64000,29576404,-0.022923,13.63000,13.64000,13.84000,-0.022923
25785,2015-12-14,F,FORD MOTOR CO DEL,,,13.40000,13.74000,13.62000,26825171,-0.001466,13.61000,13.62000,13.66000,-0.001466
25785,2015-12-15,F,FORD MOTOR CO DEL,,,13.72000,14.00000,13.87000,43728526,0.018355,13.87000,13.88000,13.74000,0.018355
25785,2015-12-16,F,FORD MOTOR CO DEL,,,13.99000,14.36000,14.36000,40683751,0.035328,14.35000,14.36000,14.00000,0.035328
25785,2015-12-17,F,FORD MOTOR CO DEL,,,13.95000,14.38000,13.98000,26179792,-0.026462,13.97000,13.98000,14.37000,-0.026462
25785,2015-12-18,F,FORD MOTOR CO DEL,,,13.72000,13.91000,13.80000,40453028,-0.012875,13.79000,13.80000,13.88000,-0.012875
25785,2015-12-21,F,FORD MOTOR CO DEL,,,13.67000,13.95000,13.73000,31598047,-0.005073,13.73000,13.74000,13.89000,-0.005073
25785,2015-12-22,F,FORD MOTOR CO DEL,,,13.90000,14.25000,14.20000,50646613,0.034232,14.20000,14.21000,13.93000,0.034232
25785,2015-12-23,F,FORD MOTOR CO DEL,,,14.26000,14.38000,14.36000,22172288,0.011268,14.36000,14.37000,14.27000,0.011268
25785,2015-12-24,F,FORD MOTOR CO DEL,,,14.25000,14.37000,14.31000,9000079,-0.003482,14.31000,14.32000,14.35000,-0.003482
25785,2015-12-28,F,FORD MOTOR CO DEL,,,14.16000,14.33500,14.18000,13697485,-0.009085,14.18000,14.19000,14.28000,-0.009085
25785,2015-12-29,F,FORD MOTOR CO DEL,,,14.15000,14.30000,14.23000,18867839,0.003526,14.23000,14.24000,14.28000,0.003526
25785,2015-12-30,F,FORD MOTOR CO DEL,,,14.12000,14.26000,14.17000,13800289,-0.004216,14.16000,14.17000,14.23000,-0.004216
25785,2015-12-31,F,FORD MOTOR CO DEL,,,14.04000,14.16350,14.09000,19881021,-0.005646,14.08000,14.09000,14.14000,-0.005646
25785,2016-01-04,F,FORD MOTOR CO DEL,,,13.75000,14.00000,13.97000,38618524,-0.008517,13.98000,13.99000,13.87000,-0.008517
25785,2016-01-05,F,FORD MOTOR CO DEL,,,13.51000,14.00000,13.72000,50267536,-0.017895,13.71000,13.72000,13.97000,-0.017895
25785,2016-01-06,F,FORD MOTOR CO DEL,,,13.05000,13.56000,13.11000,61285453,-0.044461,13.10000,13.11000,13.56000,-0.044461
25785,2016-01-07,F,FORD MOTOR CO DEL,,,12.60000,13.04000,12.70000,57846688,-0.031274,12.69000,12.70000,12.90000,-0.031274
25785,2016-01-08,F,FORD MOTOR CO DEL,,,12.50000,13.10000,12.54000,46199413,-0.012598,12.54000,12.55000,13.05000,-0.012598
25785,2016-01-11,F,FORD MOTOR CO DEL,,,12.55000,12.82000,12.77000,41269121,0.018341,12.76000,12.77000,12.80000,0.018341
25785,2016-01-12,F,FORD MOTOR CO DEL,,,12.58000,13.04000,12.85000,50983684,0.006265,12.85000,12.86000,13.03000,0.006265
25785,2016-01-13,F,FORD MOTOR CO DEL,,,12.06000,12.84000,12.20000,102174690,-0.050584,12.19000,12.20000,12.73000,-0.050584
25785,2016-01-14,F,FORD MOTOR CO DEL,,,11.82000,12.31000,12.19000,62938610,-0.000820,12.20000,12.21000,12.19000,-0.000820
25785,2016-01-15,F,FORD MOTOR CO DEL,,,11.58000,12.00000,11.97000,69029972,-0.018048,11.96000,11.97000,11.81000,-0.018048
25785,2016-01-19,F,FORD MOTOR CO DEL,,,11.82000,12.16000,11.95000,41142617,-0.001671,11.95000,11.96000,12.15000,-0.001671
25785,2016-01-20,F,FORD MOTOR CO DEL,,,11.47000,12.07000,11.90000,59879039,-0.004184,11.89000,11.90000,11.79000,-0.004184
25785,2016-01-21,F,FORD MOTOR CO DEL,,,11.86000,12.28000,12.01000,48841795,0.009244,12.00000,12.01000,12.01000,0.009244
25785,2016-01-22,F,FORD MOTOR CO DEL,,,12.03000,12.36000,12.14000,44537806,0.010824,12.14000,12.15000,12.26000,0.010824
25785,2016-01-25,F,FORD MOTOR CO DEL,,,11.93000,12.31000,11.98000,96738579,-0.013180,11.98000,11.99000,12.30000,-0.013180
25785,2016-01-26,F,FORD MOTOR CO DEL,,,12.04000,12.29500,12.26000,45969782,0.023372,12.25000,12.26000,12.14000,0.023372
25785,2016-01-27,F,FORD MOTOR CO DEL,,,11.73000,12.10000,11.85000,42064238,-0.000816,11.85000,11.86000,12.05000,-0.033442
25785,2016-01-28,F,FORD MOTOR CO DEL,,,11.20000,12.06000,11.71000,75699795,-0.011814,11.71000,11.72000,12.03000,-0.011814
25785,2016-01-29,F,FORD MOTOR CO DEL,,,11.65000,11.94000,11.94000,52137357,0.019641,11.89000,11.90000,11.83000,0.019641
25785,2016-02-01,F,FORD MOTOR CO DEL,,,11.73000,12.14000,12.07000,37301185,0.010888,12.07000,12.08000,11.92000,0.010888
25785,2016-02-02,F,FORD MOTOR CO DEL,,,11.45000,12.08000,11.51000,55649160,-0.046396,11.51000,11.52000,11.95000,-0.046396
25785,2016-02-03,F,FORD MOTOR CO DEL,,,11.02000,11.68000,11.46000,69454551,-0.004344,11.45000,11.46000,11.67000,-0.004344
25785,2016-02-04,F,FORD MOTOR CO DEL,,,11.26000,11.69000,11.53000,40223130,0.006108,11.52000,11.53000,11.37000,0.006108
25785,2016-02-05,F,FORD MOTOR CO DEL,,,11.42000,11.70000,11.45000,33322193,-0.006938,11.44000,11.45000,11.52000,-0.006938
25785,2016-02-08,F,FORD MOTOR CO DEL,,,11.25000,11.69000,11.59000,45274520,0.012227,11.60000,11.61000,11.39000,0.012227
25785,2016-02-09,F,FORD MOTOR CO DEL,,,11.22000,11.61000,11.35000,48956776,-0.020707,11.35000,11.36000,11.47000,-0.020707
25785,2016-02-10,F,FORD MOTOR CO DEL,,,11.33000,11.57000,11.34000,38160284,-0.000881,11.34000,11.35000,11.46000,-0.000881
25785,2016-02-11,F,FORD MOTOR CO DEL,,,11.10000,11.43000,11.17000,45801300,-0.014991,11.17000,11.18000,11.17000,-0.014991
25785,2016-02-12,F,FORD MOTOR CO DEL,,,11.18000,11.58000,11.55000,28084963,0.034020,11.54000,11.55000,11.25000,0.034020
25785,2016-02-16,F,FORD MOTOR CO DEL,,,11.52500,11.88000,11.87000,41072066,0.027706,11.86000,11.87000,11.75000,0.027706
25785,2016-02-17,F,FORD MOTOR CO DEL,,,11.98000,12.30000,12.27000,37766423,0.033698,12.27000,12.28000,11.99000,0.033698
25785,2016-02-18,F,FORD MOTOR CO DEL,,,12.12000,12.44000,12.26000,28784704,-0.000815,12.25000,12.26000,12.40000,-0.000815
25785,2016-02-19,F,FORD MOTOR CO DEL,,,12.01000,12.22000,12.10000,26479330,-0.013051,12.09000,12.10000,12.19000,-0.013051
25785,2016-02-22,F,FORD MOTOR CO DEL,,,12.24000,12.56000,12.56000,33549732,0.038017,12.55000,12.56000,12.24000,0.038017
25785,2016-02-23,F,FORD MOTOR CO DEL,,,12.42000,12.65000,12.42000,30136719,-0.011147,12.42000,12.43000,12.53000,-0.011147
25785,2016-02-24,F,FORD MOTOR CO DEL,,,11.60000,12.11000,12.08000,60608352,-0.027375,12.07000,12.08000,12.11000,-0.027375
25785,2016-02-25,F,FORD MOTOR CO DEL,,,12.05000,12.40000,12.39000,32024839,0.025662,12.39000,12.40000,12.11000,0.025662
25785,2016-02-26,F,FORD MOTOR CO DEL,,,12.40000,12.59000,12.47000,30228775,0.006457,12.46000,12.47000,12.52000,0.006457
25785,2016-02-29,F,FORD MOTOR CO DEL,,,12.39000,12.65000,12.51000,32999136,0.003208,12.52000,12.53000,12.42000,0.003208
25785,2016-03-01,F,FORD MOTOR CO DEL,,,12.72000,13.12000,13.09000,71523944,0.046363,13.07000,13.08000,13.01000,0.046363
25785,2016-03-02,F,FORD MOTOR CO DEL,,,13.04000,13.35000,13.22000,36598221,0.009931,13.23000,13.24000,13.06000,0.009931
25785,2016-03-03,F,FORD MOTOR CO DEL,,,13.24000,13.61000,13.54000,44524495,0.024206,13.54000,13.55000,13.25000,0.024206
25785,2016-03-04,F,FORD MOTOR CO DEL,,,13.43000,13.86000,13.59000,31818610,0.003693,13.59000,13.60000,13.56000,0.003693
25785,2016-03-07,F,FORD MOTOR CO DEL,,,13.45000,13.74000,13.62000,26131387,0.002207,13.61000,13.62000,13.46000,0.002207
25785,2016-03-08,F,FORD MOTOR CO DEL,,,13.15000,13.57500,13.23000,34770641,-0.028634,13.24000,13.25000,13.51000,-0.028634
25785,2016-03-09,F,FORD MOTOR CO DEL,,,13.01000,13.32000,13.19000,34146206,-0.003023,13.18000,13.19000,13.25000,-0.003023
25785,2016-03-10,F,FORD MOTOR CO DEL,,,12.92000,13.28000,13.15000,39076472,-0.003033,13.14000,13.15000,13.25000,-0.003033
25785,2016-03-11,F,FORD MOTOR CO DEL,,,13.20000,13.30000,13.29000,27583030,0.010646,13.28000,13.29000,13.26000,0.010646
25785,2016-03-14,F,FORD MOTOR CO DEL,,,13.18000,13.37000,13.27000,20609627,-0.001505,13.26000,13.27000,13.28000,-0.001505
25785,2016-03-15,F,FORD MOTOR CO DEL,,,13.05000,13.24000,13.23000,27729905,-0.003014,13.22000,13.23000,13.12000,-0.003014
25785,2016-03-16,F,FORD MOTOR CO DEL,,,13.18000,13.51000,13.50000,47035012,0.020408,13.50000,13.51000,13.21000,0.020408
25785,2016-03-17,F,FORD MOTOR CO DEL,,,13.39000,13.68000,13.47000,31521704,-0.002222,13.46000,13.47000,13.47000,-0.002222
25785,2016-03-18,F,FORD MOTOR CO DEL,,,13.49000,13.70000,13.64000,32182356,0.012621,13.63000,13.64000,13.54000,0.012621
25785,2016-03-21,F,FORD MOTOR CO DEL,,,13.56000,13.76000,13.66000,20905245,0.001466,13.65000,13.66000,13.64000,0.001466
25785,2016-03-22,F,FORD MOTOR CO DEL,,,13.51000,13.73000,13.59000,26147996,-0.005124,13.58000,13.59000,13.65000,-0.005124
25785,2016-03-23,F,FORD MOTOR CO DEL,,,13.19010,13.60500,13.26000,31535467,-0.024283,13.26000,13.27000,13.57000,-0.024283
25785,2016-03-24,F,FORD MOTOR CO DEL,,,12.78000,13.12000,13.06000,36203203,-0.015083,13.04000,13.05000,13.11000,-0.015083
25785,2016-03-28,F,FORD MOTOR CO DEL,,,13.07000,13.17000,13.09000,18684241,0.002297,13.08000,13.09000,13.13000,0.002297
25785,2016-03-29,F,FORD MOTOR CO DEL,,,12.97000,13.20000,13.20000,26077380,0.008403,13.19000,13.20000,13.05000,0.008403
25785,2016-03-30,F,FORD MOTOR CO DEL,,,13.24500,13.44000,13.35000,25322506,0.011364,13.34000,13.35000,13.28000,0.011364
25785,2016-03-31,F,FORD MOTOR CO DEL,,,13.34000,13.52000,13.50000,32943444,0.011236,13.49000,13.50000,13.34000,0.011236
25785,2016-04-01,F,FORD MOTOR CO DEL,,,13.05000,13.32550,13.10000,57914024,-0.029630,13.09000,13.10000,13.28000,-0.029630
25785,2016-04-04,F,FORD MOTOR CO DEL,,,12.76000,13.12000,12.80000,42406306,-0.022901,12.79000,12.80000,13.11000,-0.022901
25785,2016-04-05,F,FORD MOTOR CO DEL,,,12.52000,12.85000,12.77000,32424981,-0.002344,12.76000,12.77000,12.73000,-0.002344
25785,2016-04-06,F,FORD MOTOR CO DEL,,,12.65000,12.87000,12.82000,22597414,0.003915,12.81000,12.82000,12.75000,0.003915
25785,2016-04-07,F,FORD MOTOR CO DEL,,,12.39000,12.79000,12.52000,37688134,-0.023401,12.51000,12.52000,12.77000,-0.023401
25785,2016-04-08,F,FORD MOTOR CO DEL,,,12.51000,12.78000,12.55000,20015270,0.002396,12.55000,12.56000,12.62000,0.002396
25785,2016-04-11,F,FORD MOTOR CO DEL,,,12.58000,12.80000,12.66000,27744764,0.008765,12.65000,12.66000,12.61000,0.008765
25785,2016-04-12,F,FORD MOTOR CO DEL,,,12.66000,12.84000,12.81000,23416972,0.011848,12.80000,12.81000,12.72000,0.011848
25785,2016-04-13,F,FORD MOTOR CO DEL,,,12.85000,13.12000,13.06000,29331148,0.019516,13.05000,13.06000,12.87000,0.019516
25785,2016-04-14,F,FORD MOTOR CO DEL,,,13.02000,13.18000,13.09000,22453659,0.002297,13.08000,13.09000,13.09000,0.002297
25785,2016-04-15,F,FORD MOTOR CO DEL,,,12.85000,13.12000,12.94000,22986147,-0.011459,12.93000,12.94000,13.10000,-0.011459
25785,2016-04-18,F,FORD MOTOR CO DEL,,,12.95000,13.28000,13.25000,30137670,0.023957,13.25000,13.26000,12.98000,0.023957
25785,2016-04-19,F,FORD MOTOR CO DEL,,,13.28000,13.50000,13.44000,28808338,0.014340,13.44000,13.45000,13.35000,0.014340
25785,2016-04-20,F,FORD MOTOR CO DEL,,,13.40000,13.72000,13.64000,32199012,0.014881,13.64000,13.65000,13.42000,0.014881
25785,2016-04-21,F,FORD MOTOR CO DEL,,,13.56000,13.88000,13.65000,38126272,0.000733,13.65000,13.66000,13.81000,0.000733
25785,2016-04-22,F,FORD MOTOR CO DEL,,,13.51000,13.78000,13.61000,28846317,-0.002930,13.61000,13.62000,13.63000,-0.002930
25785,2016-04-25,F,FORD MOTOR CO DEL,,,13.47000,13.65010,13.58000,19494809,-0.002204,13.57000,13.58000,13.59000,-0.002204
25785,2016-04-26,F,FORD MOTOR CO DEL,,,13.63000,13.82000,13.75000,35214188,0.012518,13.75000,13.76000,13.66000,0.012518
25785,2016-04-27,F,FORD MOTOR CO DEL,,,13.59000,13.71000,13.66000,27151410,0.004364,13.66000,13.67000,13.64000,-0.006545
25785,2016-04-28,F,FORD MOTOR CO DEL,,,13.71000,14.22000,14.09000,87588790,0.031479,14.09000,14.10000,13.79000,0.031479
25785,2016-04-29,F,FORD MOTOR CO DEL,,,13.53000,14.03000,13.56000,69695145,-0.037615,13.56000,13.57000,13.93000,-0.037615
25785,2016-05-02,F,FORD MOTOR CO DEL,,,13.60000,13.79000,13.62000,57955420,0.004425,13.62000,13.63000,13.67000,0.004425
25785,2016-05-03,F,FORD MOTOR CO DEL,,,13.15000,13.55000,13.43000,45594043,-0.013950,13.42000,13.43000,13.50000,-0.013950
25785,2016-05-04,F,FORD MOTOR CO DEL,,,13.14000,13.38000,13.31000,28894964,-0.008935,13.30000,13.31000,13.29000,-0.008935
25785,2016-05-05,F,FORD MOTOR CO DEL,,,13.22000,13.43000,13.32000,23838052,0.000751,13.31000,13.32000,13.35000,0.000751
25785,2016-05-06,F,FORD MOTOR CO DEL,,,13.23990,13.48000,13.44000,23284500,0.009009,13.44000,13.45000,13.26000,0.009009
25785,2016-05-09,F,FORD MOTOR CO DEL,,,13.28000,13.50000,13.32000,21602009,-0.008929,13.31000,13.32000,13.42000,-0.008929
25785,2016-05-10,F,FORD MOTOR CO DEL,,,13.38000,13.52000,13.49000,23583376,0.012763,13.49000,13.50000,13.38000,0.012763
25785,2016-05-11,F,FORD MOTOR CO DEL,,,13.30000,13.54000,13.32000,20229580,-0.012602,13.31000,13.32000,13.44000,-0.012602
25785,2016-05-12,F,FORD MOTOR CO DEL,,,13.17000,13.47000,13.35000,24784344,0.002252,13.35000,13.36000,13.40000,0.002252
25785,2016-05-13,F,FORD MOTOR CO DEL,,,13.17000,13.52000,13.22000,27481877,-0.009738,13.21000,13.22000,13.34000,-0.009738
25785,2016-05-16,F,FORD MOTOR CO DEL,,,13.21000,13.37500,13.32000,21262679,0.007564,13.31000,13.32000,13.22000,0.007564
25785,2016-05-17,F,FORD MOTOR CO DEL,,,13.07000,13.31000,13.14000,34165259,-0.013513,13.13000,13.14000,13.14000,-0.013513
25785,2016-05-18,F,FORD MOTOR CO DEL,,,13.05000,13.34000,13.16000,23509660,0.001522,13.16000,13.17000,13.12000,0.001522
25785,2016-05-19,F,FORD MOTOR CO DEL,,,13.02000,13.19500,13.09000,24117796,-0.005319,13.08000,13.09000,13.10000,-0.005319
25785,2016-05-20,F,FORD MOTOR CO DEL,,,13.13000,13.26000,13.19000,19465010,0.007639,13.19000,13.20000,13.15000,0.007639
25785,2016-05-23,F,FORD MOTOR CO DEL,,,13.11000,13.20000,13.13000,16234326,-0.004549,13.13000,13.14000,13.14000,-0.004549
25785,2016-05-24,F,FORD MOTOR CO DEL,,,13.16000,13.30000,13.29000,19721644,0.012186,13.28000,13.29000,13.16000,0.012186
25785,2016-05-25,F,FORD MOTOR CO DEL,,,13.33000,13.60000,13.52000,26236076,0.017306,13.52000,13.53000,13.33000,0.017306
25785,2016-05-26,F,FORD MOTOR CO DEL,,,13.37000,13.68000,13.46000,18369850,-0.004438,13.45000,13.46000,13.59000,-0.004438
25785,2016-05-27,F,FORD MOTOR CO DEL,,,13.40000,13.54010,13.45000,17263287,-0.000743,13.43000,13.44000,13.48000,-0.000743
25785,2016-05-31,F,FORD MOTOR CO DEL,,,13.40000,13.56000,13.49000,26096015,0.002974,13.48000,13.49000,13.49000,0.002974
25785,2016-06-01,F,FORD MOTOR CO DEL,,,12.97000,13.44000,13.11000,58219591,-0.028169,13.09000,13.10000,13.43000,-0.028169
25785,2016-06-02,F,FORD MOTOR CO DEL,,,13.04500,13.32000,13.21000,41614613,0.007628,13.20000,13.21000,13.09000,0.007628
25785,2016-06-03,F,FORD MOTOR CO DEL,,,12.90000,13.14000,13.04000,39850658,-0.012869,13.03000,13.04000,13.14000,-0.012869
25785,2016-06-06,F,FORD MOTOR CO DEL,,,13.04000,13.21000,13.18000,25588674,0.010736,13.17000,13.18000,13.08000,0.010736
25785,2016-06-07,F,FORD MOTOR CO DEL,,,13.18000,13.45000,13.38000,27656945,0.015174,13.37000,13.38000,13.23000,0.015174
25785,2016-06-08,F,FORD MOTOR CO DEL,,,13.35000,13.49000,13.36000,18084759,-0.001495,13.35000,13.36000,13.45000,-0.001495
25785,2016-06-09,F,FORD MOTOR CO DEL,,,13.14000,13.30000,13.26000,19873758,-0.007485,13.26000,13.27000,13.26000,-0.007485
25785,2016-06-10,F,FORD MOTOR CO DEL,,,13.05000,13.25000,13.10000,27382718,-0.012066,13.09000,13.10000,13.17000,-0.012066
25785,2016-06-13,F,FORD MOTOR CO DEL,,,12.96000,13.13000,12.98000,20745750,-0.009160,12.98000,12.99000,13.07000,-0.009160
25785,2016-06-14,F,FORD MOTOR CO DEL,,,12.76000,13.07000,12.84000,30545958,-0.010786,12.83000,12.84000,12.99000,-0.010786
25785,2016-06-15,F,FORD MOTOR CO DEL,,,12.88000,13.16000,13.01000,25829659,0.013240,13.01000,13.02000,12.91000,0.013240
25785,2016-06-16,F,FORD MOTOR CO DEL,,,12.85000,13.14000,13.12000,26581169,0.008455,13.12000,13.13000,12.93000,0.008455
25785,2016-06-17,F,FORD MOTOR CO DEL,,,13.15000,13.40000,13.26000,37364863,0.010671,13.24000,13.25000,13.16000,0.010671
25785,2016-06-20,F,FORD MOTOR CO DEL,,,13.39000,13.55000,13.42000,29666741,0.012066,13.42000,13.43000,13.39000,0.012066
25785,2016-06-21,F,FORD MOTOR CO DEL,,,13.18000,13.44000,13.22000,36721839,-0.014903,13.21000,13.22000,13.44000,-0.014903
25785,2016-06-22,F,FORD MOTOR CO DEL,,,13.15000,13.31000,13.18000,20666602,-0.003026,13.17000,13.18000,13.23000,-0.003026
25785,2016-06-23,F,FORD MOTOR CO DEL,,,13.28000,13.41000,13.40000,24579723,0.016692,13.39000,13.40000,13.29000,0.016692
25785,2016-06-24,F,FORD MOTOR CO DEL,,,12.45000,12.90500,12.52000,96887304,-0.065672,12.51000,12.52000,12.79000,-0.065672
25785,2016-06-27,F,FORD MOTOR CO DEL,,,12.00000,12.43000,12.16000,52820912,-0.028754,12.15000,12.16000,12.43000,-0.028754
25785,2016-06-28,F,FORD MOTOR CO DEL,,,12.21000,12.44000,12.39000,40640389,0.018915,12.39000,12.40000,12.42000,0.018915
25785,2016-06-29,F,FORD MOTOR CO DEL,,,12.36000,12.58000,12.55000,31937932,0.012914,12.54000,12.55000,12.49000,0.012914
25785,2016-06-30,F,FORD MOTOR CO DEL,,,12.26000,12.57000,12.57000,44983767,0.001594,12.56000,12.57000,12.56000,0.001594
25785,2016-07-01,F,FORD MOTOR CO DEL,,,12.68500,12.89000,12.72000,45067772,0.011933,12.72000,12.73000,12.88000,0.011933
25785,2016-07-05,F,FORD MOTOR CO DEL,,,12.31000,12.59000,12.40000,30243293,-0.025157,12.39000,12.40000,12.57000,-0.025157
25785,2016-07-06,F,FORD MOTOR CO DEL,,,12.21000,12.58000,12.57000,35091212,0.013710,12.56000,12.57000,12.32000,0.013710
25785,2016-07-07,F,FORD MOTOR CO DEL,,,12.57000,12.84000,12.75000,33472953,0.014320,12.74000,12.75000,12.57000,0.014320
25785,2016-07-08,F,FORD MOTOR CO DEL,,,12.89000,13.17000,13.09000,45945187,0.026667,13.08000,13.09000,12.89000,0.026667
25785,2016-07-11,F,FORD MOTOR CO DEL,,,13.13000,13.33000,13.27000,28626257,0.013751,13.26000,13.27000,13.17000,0.013751
25785,2016-07-12,F,FORD MOTOR CO DEL,,,13.38000,13.54000,13.45000,31320103,0.013564,13.45000,13.46000,13.38000,0.013564
25785,2016-07-13,F,FORD MOTOR CO DEL,,,13.31000,13.51000,13.48000,26779837,0.002230,13.47000,13.48000,13.49000,0.002230
25785,2016-07-14,F,FORD MOTOR CO DEL,,,13.55000,13.70000,13.59000,31802953,0.008160,13.59000,13.60000,13.57000,0.008160
25785,2016-07-15,F,FORD MOTOR CO DEL,,,13.53000,13.67000,13.57000,19546317,-0.001472,13.56000,13.57000,13.63000,-0.001472
25785,2016-07-18,F,FORD MOTOR CO DEL,,,13.42000,13.68000,13.65000,22545937,0.005895,13.64000,13.65000,13.56000,0.005895
25785,2016-07-19,F,FORD MOTOR CO DEL,,,13.50000,13.72000,13.65000,26183383,0.000000,13.64000,13.65000,13.56000,0.000000
25785,2016-07-20,F,FORD MOTOR CO DEL,,,13.56000,13.78000,13.74000,22588923,0.006593,13.74000,13.75000,13.61000,0.006593
25785,2016-07-21,F,FORD MOTOR CO DEL,,,13.86000,14.04000,13.92000,40778639,0.013100,13.92000,13.93000,13.87000,0.013100
25785,2016-07-22,F,FORD MOTOR CO DEL,,,13.71000,13.93000,13.84000,25134104,-0.005747,13.83000,13.84000,13.92000,-0.005747
25785,2016-07-25,F,FORD MOTOR CO DEL,,,13.76000,13.95000,13.83000,26248463,-0.000723,13.82000,13.83000,13.86000,-0.000723
25785,2016-07-26,F,FORD MOTOR CO DEL,,,13.69000,13.88000,13.86000,28467227,0.013015,13.87000,13.88000,13.73000,0.002169
25785,2016-07-27,F,FORD MOTOR CO DEL,,,13.75000,13.99000,13.84000,34625494,-0.001443,13.83000,13.84000,13.86000,-0.001443
25785,2016-07-28,F,FORD MOTOR CO DEL,,,12.45000,12.86000,12.71000,142168574,-0.081647,12.70000,12.71000,12.78000,-0.081647
25785,2016-07-29,F,FORD MOTOR CO DEL,,,12.60000,12.88000,12.66000,59754088,-0.003934,12.65000,12.66000,12.61000,-0.003934
25785,2016-08-01,F,FORD MOTOR CO DEL,,,12.40000,12.62000,12.48000,51963117,-0.014218,12.46000,12.47000,12.61000,-0.014218
25785,2016-08-02,F,FORD MOTOR CO DEL,,,11.90000,12.36000,11.94000,101624914,-0.043269,11.94000,11.95000,12.35000,-0.043269
25785,2016-08-03,F,FORD MOTOR CO DEL,,,11.94000,12.20000,12.13000,47323303,0.015913,12.13000,12.14000,12.02000,0.015913
25785,2016-08-04,F,FORD MOTOR CO DEL,,,12.05000,12.23000,12.08000,38443181,-0.004122,12.08000,12.09000,12.12000,-0.004122
25785,2016-08-05,F,FORD MOTOR CO DEL,,,12.16000,12.26000,12.19000,31219542,0.009106,12.19000,12.20000,12.16000,0.009106
25785,2016-08-08,F,FORD MOTOR CO DEL,,,12.15000,12.33000,12.18000,33310587,-0.000820,12.18000,12.19000,12.22000,-0.000820
25785,2016-08-09,F,FORD MOTOR CO DEL,,,12.15000,12.37500,12.31000,30097768,0.010673,12.30000,12.31000,12.16000,0.010673
25785,2016-08-10,F,FORD MOTOR CO DEL,,,12.23000,12.36000,12.25000,24555796,-0.004874,12.25000,12.26000,12.30000,-0.004874
25785,2016-08-11,F,FORD MOTOR CO DEL,,,12.26390,12.37000,12.31000,24987265,0.004898,12.30000,12.31000,12.31000,0.004898
25785,2016-08-12,F,FORD MOTOR CO DEL,,,12.25000,12.37000,12.33000,18816854,0.001625,12.32000,12.33000,12.29000,0.001625
25785,2016-08-15,F,FORD MOTOR CO DEL,,,12.36000,12.44000,12.43000,16371100,0.008110,12.42000,12.43000,12.37000,0.008110
25785,2016-08-16,F,FORD MOTOR CO DEL,,,12.33000,12.43000,12.34000,20450106,-0.007241,12.34000,12.35000,12.35000,-0.007241
25785,2016-08-17,F,FORD MOTOR CO DEL,,,12.23000,12.39000,12.39000,23434544,0.004052,12.38000,12.39000,12.33000,0.004052
25785,2016-08-18,F,FORD MOTOR CO DEL,,,12.26500,12.36000,12.33000,23629454,-0.004843,12.32000,12.33000,12.33000,-0.004843
25785,2016-08-19,F,FORD MOTOR CO DEL,,,12.25000,12.41000,12.39000,21891446,0.004866,12.39000,12.40000,12.30000,0.004866
25785,2016-08-22,F,FORD MOTOR CO DEL,,,12.29000,12.38000,12.36000,22458375,-0.002421,12.35000,12.36000,12.35000,-0.002421
25785,2016-08-23,F,FORD MOTOR CO DEL,,,12.32500,12.43000,12.42000,34634133,0.004854,12.42000,12.43000,12.40000,0.004854
25785,2016-08-24,F,FORD MOTOR CO DEL,,,12.28000,12.44000,12.30000,19999632,-0.009662,12.30000,12.31000,12.41000,-0.009662
25785,2016-08-25,F,FORD MOTOR CO DEL,,,12.21000,12.52000,12.47000,44713676,0.013821,12.47000,12.48000,12.30000,0.013821
25785,2016-08-26,F,FORD MOTOR CO DEL,,,12.34000,12.55000,12.38000,22645892,-0.007217,12.38000,12.39000,12.47000,-0.007217
25785,2016-08-29,F,FORD MOTOR CO DEL,,,12.38000,12.50000,12.47000,22243199,0.007270,12.47000,12.48000,12.38000,0.007270
25785,2016-08-30,F,FORD MOTOR CO DEL,,,12.43000,12.56000,12.55000,26040411,0.006415,12.55000,12.56000,12.46000,0.006415
25785,2016-08-31,F,FORD MOTOR CO DEL,,,12.48000,12.61000,12.60000,26030649,0.003984,12.59000,12.60000,12.48000,0.003984
25785,2016-09-01,F,FORD MOTOR CO DEL,,,12.35000,12.72000,12.44000,40510406,-0.012698,12.43000,12.44000,12.66000,-0.012698
25785,2016-09-02,F,FORD MOTOR CO DEL,,,12.46000,12.57000,12.50000,21079776,0.004823,12.49000,12.50000,12.53000,0.004823
25785,2016-09-06,F,FORD MOTOR CO DEL,,,12.43000,12.67000,12.67000,36098940,0.013600,12.66000,12.67000,12.49000,0.013600
25785,2016-09-07,F,FORD MOTOR CO DEL,,,12.62000,12.75000,12.70000,22879114,0.002368,12.69000,12.70000,12.62000,0.002368
25785,2016-09-08,F,FORD MOTOR CO DEL,,,12.50000,12.75000,12.73000,34017856,0.002362,12.73000,12.74000,12.50000,0.002362
25785,2016-09-09,F,FORD MOTOR CO DEL,,,12.38000,12.68500,12.38000,35733644,-0.027494,12.39000,12.40000,12.61000,-0.027494
25785,2016-09-12,F,FORD MOTOR CO DEL,,,12.28000,12.77000,12.70000,42690174,0.025848,12.70000,12.71000,12.32000,0.025848
25785,2016-09-13,F,FORD MOTOR CO DEL,,,12.33000,12.68000,12.38000,56549095,-0.025197,12.39000,12.40000,12.53000,-0.025197
25785,2016-09-14,F,FORD MOTOR CO DEL,,,12.11000,12.31000,12.14000,62450611,-0.019386,12.14000,12.15000,12.18000,-0.019386
25785,2016-09-15,F,FORD MOTOR CO DEL,,,12.06000,12.18000,12.11000,57373928,-0.002471,12.10000,12.11000,12.14000,-0.002471
25785,2016-09-16,F,FORD MOTOR CO DEL,,,12.01000,12.13000,12.11000,26271568,0.000000,12.10000,12.11000,12.05000,0.000000
25785,2016-09-19,F,FORD MOTOR CO DEL,,,12.05860,12.33000,12.11000,41175453,0.000000,12.11000,12.12000,12.12000,0.000000
25785,2016-09-20,F,FORD MOTOR CO DEL,,,11.96000,12.19000,12.00000,37820775,-0.009083,11.99000,12.00000,12.09000,-0.009083
25785,2016-09-21,F,FORD MOTOR CO DEL,,,12.01000,12.11000,12.09000,32934639,0.007500,12.09000,12.10000,12.08000,0.007500
25785,2016-09-22,F,FORD MOTOR CO DEL,,,12.16000,12.29000,12.18000,36136234,0.007444,12.17000,12.18000,12.17000,0.007444
25785,2016-09-23,F,FORD MOTOR CO DEL,,,12.12000,12.22000,12.17000,18993510,-0.000821,12.17000,12.18000,12.12000,-0.000821
25785,2016-09-26,F,FORD MOTOR CO DEL,,,12.00000,12.12000,12.01000,26758623,-0.013147,12.01000,12.02000,12.12000,-0.013147
25785,2016-09-27,F,FORD MOTOR CO DEL,,,11.93000,12.09000,11.98000,28965759,-0.002498,11.98000,11.99000,12.02000,-0.002498
25785,2016-09-28,F,FORD MOTOR CO DEL,,,11.96000,12.09000,12.09000,29341515,0.009182,12.08000,12.09000,12.02000,0.009182
25785,2016-09-29,F,FORD MOTOR CO DEL,,,11.95000,12.12000,11.97000,23397424,-0.009926,11.97000,11.98000,12.03000,-0.009926
25785,2016-09-30,F,FORD MOTOR CO DEL,,,11.99000,12.14000,12.07000,34903811,0.008354,12.06000,12.07000,12.00000,0.008354
25785,2016-10-03,F,FORD MOTOR CO DEL,,,12.02000,12.15000,12.10000,20683081,0.002486,12.10000,12.11000,12.06000,0.002486
25785,2016-10-04,F,FORD MOTOR CO DEL,,,12.09000,12.25000,12.20000,23948703,0.008264,12.20000,12.21000,12.11000,0.008264
25785,2016-10-05,F,FORD MOTOR CO DEL,,,12.22000,12.53000,12.48000,55529059,0.022951,12.49000,12.50000,12.22000,0.022951
25785,2016-10-06,F,FORD MOTOR CO DEL,,,12.33000,12.50500,12.39000,25880883,-0.007211,12.39000,12.40000,12.43000,-0.007211
25785,2016-10-07,F,FORD MOTOR CO DEL,,,12.20000,12.42000,12.29000,22093202,-0.008071,12.28000,12.29000,12.39000,-0.008071
25785,2016-10-10,F,FORD MOTOR CO DEL,,,12.10000,12.38000,12.12000,24951437,-0.013832,12.11000,12.12000,12.35000,-0.013832
25785,2016-10-11,F,FORD MOTOR CO DEL,,,11.91000,12.17000,11.99000,40053504,-0.010726,11.99000,12.00000,12.17000,-0.010726
25785,2016-10-12,F,FORD MOTOR CO DEL,,,11.94000,12.01000,11.96000,20626954,-0.002502,11.96000,11.97000,12.00000,-0.002502
25785,2016-10-13,F,FORD MOTOR CO DEL,,,11.69000,11.91000,11.91000,39904190,-0.004181,11.89000,11.90000,11.91000,-0.004181
25785,2016-10-14,F,FORD MOTOR CO DEL,,,11.89000,12.00000,11.91000,25775674,0.000000,11.90000,11.91000,11.96000,0.000000
25785,2016-10-17,F,FORD MOTOR CO DEL,,,11.88000,12.00000,11.88000,19874994,-0.002519,11.88000,11.89000,11.91000,-0.002519
25785,2016-10-18,F,FORD MOTOR CO DEL,,,11.71000,11.93000,11.89000,39911254,0.000842,11.88000,11.89000,11.92000,0.000842
25785,2016-10-19,F,FORD MOTOR CO DEL,,,11.88000,12.05000,12.01000,26094001,0.010093,12.00000,12.01000,11.89000,0.010093
25785,2016-10-20,F,FORD MOTOR CO DEL,,,11.90000,12.03000,11.97000,18115983,-0.003331,11.96000,11.97000,12.02000,-0.003331
25785,2016-10-21,F,FORD MOTOR CO DEL,,,11.85000,12.04000,12.02000,24364204,0.004177,12.02000,12.03000,11.93000,0.004177
25785,2016-10-24,F,FORD MOTOR CO DEL,,,12.06000,12.20000,12.19000,33733614,0.014143,12.19000,12.20000,12.06000,0.014143
25785,2016-10-25,F,FORD MOTOR CO DEL,,,11.76000,12.10000,11.85000,42485988,-0.015586,11.84000,11.85000,12.05000,-0.027892
25785,2016-10-26,F,FORD MOTOR CO DEL,,,11.76000,11.93000,11.88000,36219863,0.002532,11.88000,11.89000,11.80000,0.002532
25785,2016-10-27,F,FORD MOTOR CO DEL,,,11.60000,11.83000,11.74000,48402031,-0.011785,11.73000,11.74000,11.81000,-0.011785
25785,2016-10-28,F,FORD MOTOR CO DEL,,,11.62500,11.85000,11.72000,37142375,-0.001704,11.71000,11.72000,11.74000,-0.001704
25785,2016-10-31,F,FORD MOTOR CO DEL,,,11.69000,11.81000,11.74000,31898380,0.001706,11.74000,11.75000,11.75000,0.001706
25785,2016-11-01,F,FORD MOTOR CO DEL,,,11.50000,11.84000,11.61000,35613573,-0.011073,11.60000,11.61000,11.78000,-0.011073
25785,2016-11-02,F,FORD MOTOR CO DEL,,,11.36000,11.56000,11.40000,36229377,-0.018088,11.39000,11.40000,11.51000,-0.018088
25785,2016-11-03,F,FORD MOTOR CO DEL,,,11.27000,11.46000,11.35000,38651451,-0.004386,11.34000,11.35000,11.39000,-0.004386
25785,2016-11-04,F,FORD MOTOR CO DEL,,,11.30000,11.50000,11.34000,24752417,-0.000881,11.34000,11.35000,11.31000,-0.000881
25785,2016-11-07,F,FORD MOTOR CO DEL,,,11.39000,11.62000,11.58000,25120693,0.021164,11.57000,11.58000,11.52000,0.021164
25785,2016-11-08,F,FORD MOTOR CO DEL,,,11.35000,11.51000,11.48000,28497894,-0.008636,11.47000,11.48000,11.50000,-0.008636
25785,2016-11-09,F,FORD MOTOR CO DEL,,,11.07000,11.63000,11.58000,60625748,0.008711,11.57000,11.58000,11.15000,0.008711
25785,2016-11-10,F,FORD MOTOR CO DEL,,,11.58000,11.98000,11.94000,52756533,0.031088,11.93000,11.94000,11.58000,0.031088
25785,2016-11-11,F,FORD MOTOR CO DEL,,,11.84000,12.40000,12.28000,79259270,0.028476,12.27000,12.28000,11.88000,0.028476
25785,2016-11-14,F,FORD MOTOR CO DEL,,,12.02000,12.50000,12.06000,56109928,-0.017915,12.05000,12.06000,12.27000,-0.017915
25785,2016-11-15,F,FORD MOTOR CO DEL,,,11.95000,12.13930,12.04000,31498503,-0.001658,12.04000,12.05000,12.06000,-0.001658
25785,2016-11-16,F,FORD MOTOR CO DEL,,,11.92000,12.05000,12.00000,25195460,-0.003322,11.99000,12.00000,12.00000,-0.003322
25785,2016-11-17,F,FORD MOTOR CO DEL,,,11.78000,11.96000,11.87000,38502535,-0.010833,11.87000,11.88000,11.90000,-0.010833
25785,2016-11-18,F,FORD MOTOR CO DEL,,,11.73000,11.90000,11.76000,30662036,-0.009267,11.75000,11.76000,11.87000,-0.009267
25785,2016-11-21,F,FORD MOTOR CO DEL,,,11.77000,11.90000,11.79000,19508608,0.002551,11.79000,11.80000,11.77000,0.002551
25785,2016-11-22,F,FORD MOTOR CO DEL,,,11.73000,11.91000,11.89000,24274734,0.008482,11.89000,11.90000,11.76000,0.008482
25785,2016-11-23,F,FORD MOTOR CO DEL,,,11.85000,12.00000,11.90000,22418351,0.000841,11.89000,11.90000,11.90000,0.000841
25785,2016-11-25,F,FORD MOTOR CO DEL,,,11.93000,12.06000,12.04000,11439553,0.011765,12.02000,12.03000,11.95000,0.011765
25785,2016-11-28,F,FORD MOTOR CO DEL,,,11.89000,12.05000,11.92000,24407192,-0.009967,11.92000,11.93000,12.02000,-0.009967
25785,2016-11-29,F,FORD MOTOR CO DEL,,,11.87000,12.00000,11.92000,23690847,0.000000,11.92000,11.93000,11.93000,0.000000
25785,2016-11-30,F,FORD MOTOR CO DEL,,,11.92000,12.14000,11.96000,47646220,0.003356,11.96000,11.97000,11.97000,0.003356
25785,2016-12-01,F,FORD MOTOR CO DEL,,,12.18000,12.80000,12.43000,95143559,0.039298,12.43000,12.44000,12.23000,0.039298
25785,2016-12-02,F,FORD MOTOR CO DEL,,,12.15000,12.58000,12.24000,38689842,-0.015286,12.23000,12.24000,12.58000,-0.015286
25785,2016-12-05,F,FORD MOTOR CO DEL,,,12.29000,12.50000,12.44000,36219973,0.016340,12.44000,12.45000,12.31000,0.016340
25785,2016-12-06,F,FORD MOTOR CO DEL,,,12.37000,12.59000,12.56000,23923916,0.009646,12.56000,12.57000,12.40000,0.009646
25785,2016-12-07,F,FORD MOTOR CO DEL,,,12.54000,13.15000,13.06000,58600423,0.039809,13.04000,13.05000,12.59000,0.039809
25785,2016-12-08,F,FORD MOTOR CO DEL,,,12.97000,13.15000,13.03000,41459537,-0.002297,13.02000,13.03000,13.07000,-0.002297
25785,2016-12-09,F,FORD MOTOR CO DEL,,,12.91000,13.20000,13.17000,45256112,0.010744,13.17000,13.18000,13.00000,0.010744
25785,2016-12-12,F,FORD MOTOR CO DEL,,,12.81000,13.10000,12.82000,39596765,-0.026576,12.82000,12.83000,13.08000,-0.026576
25785,2016-12-13,F,FORD MOTOR CO DEL,,,12.75000,12.88000,12.77000,39570500,-0.003900,12.77000,12.78000,12.84000,-0.003900
25785,2016-12-14,F,FORD MOTOR CO DEL,,,12.50000,12.79050,12.53000,42820123,-0.018794,12.52000,12.53000,12.65000,-0.018794
25785,2016-12-15,F,FORD MOTOR CO DEL,,,12.52000,12.72000,12.58000,23774842,0.003990,12.58000,12.59000,12.54000,0.003990
25785,2016-12-16,F,FORD MOTOR CO DEL,,,12.56150,12.70000,12.63000,28354939,0.003975,12.62000,12.63000,12.66000,0.003975
25785,2016-12-19,F,FORD MOTOR CO DEL,,,12.59000,12.79500,12.66000,22830013,0.002375,12.66000,12.67000,12.59000,0.002375
25785,2016-12-20,F,FORD MOTOR CO DEL,,,12.68000,12.82000,12.78000,17834041,0.009479,12.77000,12.78000,12.70000,0.009479
25785,2016-12-21,F,FORD MOTOR CO DEL,,,12.64000,12.77000,12.64000,18117060,-0.010955,12.64000,12.65000,12.73000,-0.010955
25785,2016-12-22,F,FORD MOTOR CO DEL,,,12.40000,12.64000,12.40000,27821071,-0.018987,12.40000,12.41000,12.63000,-0.018987
25785,2016-12-23,F,FORD MOTOR CO DEL,,,12.36000,12.46000,12.46000,15621178,0.004839,12.45000,12.46000,12.43000,0.004839
25785,2016-12-27,F,FORD MOTOR CO DEL,,,12.36000,12.51000,12.39000,19467440,-0.005618,12.38000,12.39000,12.43000,-0.005618
25785,2016-12-28,F,FORD MOTOR CO DEL,,,12.22000,12.45000,12.25000,26875381,-0.011299,12.24000,12.25000,12.37000,-0.011299
25785,2016-12-29,F,FORD MOTOR CO DEL,,,12.22000,12.31000,12.23000,19819081,-0.001633,12.23000,12.24000,12.25000,-0.001633
25785,2016-12-30,F,FORD MOTOR CO DEL,,,12.08000,12.28000,12.13000,27405736,-0.008177,12.13000,12.14000,12.24000,-0.008177
25785,2017-01-03,F,FORD MOTOR CO DEL,,,12.13000,12.60000,12.59000,40510821,0.037923,12.58000,12.59000,12.20000,0.037923
25785,2017-01-04,F,FORD MOTOR CO DEL,,,12.74000,13.27000,13.17000,77638075,0.046068,13.17000,13.18000,12.77000,0.046068
25785,2017-01-05,F,FORD MOTOR CO DEL,,,12.63000,13.22000,12.77000,75628443,-0.030372,12.76000,12.77000,13.21000,-0.030372
25785,2017-01-06,F,FORD MOTOR CO DEL,,,12.64000,12.84000,12.76000,40315887,-0.000783,12.76000,12.77000,12.80000,-0.000783
25785,2017-01-09,F,FORD MOTOR CO DEL,,,12.63000,12.86000,12.63000,39438393,-0.010188,12.63000,12.64000,12.79000,-0.010188
25785,2017-01-10,F,FORD MOTOR CO DEL,,,12.66000,13.02000,12.85000,58703537,0.017419,12.84000,12.85000,12.70000,0.017419
25785,2017-01-11,F,FORD MOTOR CO DEL,,,12.51000,12.72000,12.67000,49718725,-0.014008,12.66000,12.67000,12.71000,-0.014008
25785,2017-01-12,F,FORD MOTOR CO DEL,,,12.35000,12.68000,12.59000,36493266,-0.006314,12.58000,12.59000,12.66000,-0.006314
25785,2017-01-13,F,FORD MOTOR CO DEL,,,12.50000,12.67000,12.63000,29197105,0.003177,12.62000,12.63000,12.62000,0.003177
25785,2017-01-17,F,FORD MOTOR CO DEL,,,12.54000,12.73000,12.61000,49069459,-0.001584,12.59000,12.60000,12.65000,-0.001584
25785,2017-01-18,F,FORD MOTOR CO DEL,,,12.30000,12.45000,12.41000,33830795,0.000000,12.41000,12.42000,12.43000,-0.015860
25785,2017-01-19,F,FORD MOTOR CO DEL,,,12.34000,12.56000,12.43000,30135566,0.001612,12.42000,12.43000,12.40000,0.001612
25785,2017-01-20,F,FORD MOTOR CO DEL,,,12.31000,12.48000,12.36000,29269964,-0.005632,12.37000,12.38000,12.45000,-0.005632
25785,2017-01-23,F,FORD MOTOR CO DEL,,,12.22000,12.38000,12.31000,31670705,-0.004045,12.31000,12.32000,12.35000,-0.004045
25785,2017-01-24,F,FORD MOTOR CO DEL,,,12.33500,12.61000,12.61000,34625204,0.024370,12.60000,12.61000,12.35000,0.024370
25785,2017-01-25,F,FORD MOTOR CO DEL,,,12.64000,12.80000,12.79000,46747840,0.014274,12.78000,12.79000,12.71000,0.014274
25785,2017-01-26,F,FORD MOTOR CO DEL,,,12.35000,12.68000,12.37000,55672778,-0.032838,12.37000,12.38000,12.65000,-0.032838
25785,2017-01-27,F,FORD MOTOR CO DEL,,,12.38000,12.54000,12.49000,34613868,0.009701,12.49000,12.50000,12.48000,0.009701
25785,2017-01-30,F,FORD MOTOR CO DEL,,,12.28000,12.46000,12.37000,39254173,-0.009608,12.36000,12.37000,12.46000,-0.009608
25785,2017-01-31,F,FORD MOTOR CO DEL,,,12.19000,12.39000,12.36000,46974479,-0.000808,12.35000,12.36000,12.31000,-0.000808
25785,2017-02-01,F,FORD MOTOR CO DEL,,,12.22000,12.58000,12.32000,44396812,-0.003236,12.31000,12.32000,12.45000,-0.003236
25785,2017-02-02,F,FORD MOTOR CO DEL,,,12.23000,12.37000,12.28000,29035383,-0.003247,12.27000,12.28000,12.30000,-0.003247
25785,2017-02-03,F,FORD MOTOR CO DEL,,,12.39000,12.62000,12.56000,38245251,0.022801,12.54000,12.55000,12.42000,0.022801
25785,2017-02-06,F,FORD MOTOR CO DEL,,,12.46000,12.61500,12.52000,26916768,-0.003185,12.51000,12.52000,12.55000,-0.003185
25785,2017-02-07,F,FORD MOTOR CO DEL,,,12.31000,12.52000,12.34000,32914413,-0.014377,12.33000,12.34000,12.50000,-0.014377
25785,2017-02-08,F,FORD MOTOR CO DEL,,,12.27000,12.45000,12.38000,26411417,0.003241,12.37000,12.38000,12.34000,0.003241
25785,2017-02-09,F,FORD MOTOR CO DEL,,,12.35000,12.47000,12.38000,32924624,0.000000,12.37000,12.38000,12.40000,0.000000
25785,2017-02-10,F,FORD MOTOR CO DEL,,,12.37000,12.51000,12.51000,32996465,0.010501,12.50000,12.51000,12.44000,0.010501
25785,2017-02-13,F,FORD MOTOR CO DEL,,,12.48000,12.62000,12.56000,24473996,0.003997,12.55000,12.56000,12.54000,0.003997
25785,2017-02-14,F,FORD MOTOR CO DEL,,,12.59000,12.70000,12.65000,28355725,0.007166,12.64000,12.65000,12.64000,0.007166
25785,2017-02-15,F,FORD MOTOR CO DEL,,,12.55000,12.64000,12.63000,25114438,-0.001581,12.62000,12.63000,12.62000,-0.001581
25785,2017-02-16,F,FORD MOTOR CO DEL,,,12.48000,12.64000,12.54000,22896525,-0.007126,12.53000,12.54000,12.61000,-0.007126
25785,2017-02-17,F,FORD MOTOR CO DEL,,,12.42000,12.58000,12.58000,26407405,0.003190,12.57000,12.58000,12.50000,0.003190
25785,2017-02-21,F,FORD MOTOR CO DEL,,,12.61000,12.72000,12.69000,29156181,0.008744,12.68000,12.69000,12.61000,0.008744
25785,2017-02-22,F,FORD MOTOR CO DEL,,,12.65000,12.76500,12.67000,24787512,-0.001576,12.67000,12.68000,12.66000,-0.001576
25785,2017-02-23,F,FORD MOTOR CO DEL,,,12.55000,12.71500,12.56000,22520597,-0.008682,12.55000,12.56000,12.70000,-0.008682
25785,2017-02-24,F,FORD MOTOR CO DEL,,,12.38000,12.51000,12.47000,40817305,-0.007166,12.46000,12.47000,12.51000,-0.007166
25785,2017-02-27,F,FORD MOTOR CO DEL,,,12.43000,12.68000,12.66000,41713096,0.015237,12.65000,12.66000,12.49000,0.015237
25785,2017-02-28,F,FORD MOTOR CO DEL,,,12.45000,12.65900,12.53000,36089848,-0.010269,12.54000,12.55000,12.63000,-0.010269
25785,2017-03-01,F,FORD MOTOR CO DEL,,,12.65000,12.75000,12.69000,36178588,0.012769,12.68000,12.69000,12.66000,0.012769
25785,2017-03-02,F,FORD MOTOR CO DEL,,,12.58000,12.74500,12.66000,33245050,-0.002364,12.66000,12.67000,12.72000,-0.002364
25785,2017-03-03,F,FORD MOTOR CO DEL,,,12.53000,12.71000,12.65000,30493532,-0.000790,12.64000,12.65000,12.66000,-0.000790
25785,2017-03-06,F,FORD MOTOR CO DEL,,,12.50000,12.60000,12.52000,28753623,-0.010277,12.51000,12.52000,12.58000,-0.010277
25785,2017-03-07,F,FORD MOTOR CO DEL,,,12.42000,12.52500,12.46000,25906933,-0.004792,12.45000,12.46000,12.51000,-0.004792
25785,2017-03-08,F,FORD MOTOR CO DEL,,,12.46000,12.64000,12.53000,27327834,0.005618,12.53000,12.54000,12.50000,0.005618
25785,2017-03-09,F,FORD MOTOR CO DEL,,,12.40000,12.54000,12.50000,29149095,-0.002394,12.49000,12.50000,12.54000,-0.002394
25785,2017-03-10,F,FORD MOTOR CO DEL,,,12.47000,12.63000,12.53000,34866054,0.002400,12.53000,12.54000,12.55000,0.002400
25785,2017-03-13,F,FORD MOTOR CO DEL,,,12.50000,12.63000,12.54000,22625831,0.000798,12.54000,12.55000,12.56000,0.000798
25785,2017-03-14,F,FORD MOTOR CO DEL,,,12.45000,12.56000,12.55000,26956658,0.000797,12.54000,12.55000,12.51000,0.000797
25785,2017-03-15,F,FORD MOTOR CO DEL,,,12.52000,12.65000,12.65000,34296197,0.007968,12.64000,12.65000,12.56000,0.007968
25785,2017-03-16,F,FORD MOTOR CO DEL,,,12.59000,12.72000,12.70000,28954694,0.003953,12.70000,12.71000,12.65000,0.003953
25785,2017-03-17,F,FORD MOTOR CO DEL,,,12.45000,12.74000,12.48000,54929115,-0.017323,12.47000,12.48000,12.74000,-0.017323
25785,2017-03-20,F,FORD MOTOR CO DEL,,,12.25000,12.49000,12.28000,45329650,-0.016026,12.26000,12.27000,12.48000,-0.016026
25785,2017-03-21,F,FORD MOTOR CO DEL,,,11.70000,12.32000,11.72000,101559879,-0.045603,11.71000,11.72000,12.30000,-0.045603
25785,2017-03-22,F,FORD MOTOR CO DEL,,,11.62000,11.83000,11.77000,71107861,0.004266,11.77000,11.78000,11.78000,0.004266
25785,2017-03-23,F,FORD MOTOR CO DEL,,,11.50000,11.75000,11.67000,71209260,-0.008496,11.66000,11.67000,11.57000,-0.008496
25785,2017-03-24,F,FORD MOTOR CO DEL,,,11.55000,11.76500,11.62000,43772442,-0.004285,11.62000,11.63000,11.66000,-0.004285
25785,2017-03-27,F,FORD MOTOR CO DEL,,,11.41000,11.55000,11.46000,57713419,-0.013769,11.46000,11.47000,11.51000,-0.013769
25785,2017-03-28,F,FORD MOTOR CO DEL,,,11.48000,11.80000,11.65000,57662806,0.016579,11.65000,11.66000,11.51000,0.016579
25785,2017-03-29,F,FORD MOTOR CO DEL,,,11.64000,11.76000,11.68000,35795737,0.002575,11.67000,11.68000,11.73000,0.002575
25785,2017-03-30,F,FORD MOTOR CO DEL,,,11.61000,11.74000,11.68000,28008241,0.000000,11.68000,11.69000,11.67000,0.000000
25785,2017-03-31,F,FORD MOTOR CO DEL,,,11.60000,11.68000,11.64000,26717520,-0.003425,11.63000,11.64000,11.66000,-0.003425
25785,2017-04-03,F,FORD MOTOR CO DEL,,,11.28000,11.64000,11.44000,65671114,-0.017182,11.43000,11.44000,11.64000,-0.017182
25785,2017-04-04,F,FORD MOTOR CO DEL,,,11.28000,11.48000,11.37000,40068175,-0.006119,11.36000,11.37000,11.38000,-0.006119
25785,2017-04-05,F,FORD MOTOR CO DEL,,,11.25000,11.49500,11.26000,43316140,-0.009675,11.25000,11.26000,11.48000,-0.009675
25785,2017-04-06,F,FORD MOTOR CO DEL,,,11.22000,11.36000,11.27000,36165281,0.000888,11.27000,11.28000,11.27000,0.000888
25785,2017-04-07,F,FORD MOTOR CO DEL,,,11.21000,11.31000,11.23000,28874909,-0.003549,11.23000,11.24000,11.26000,-0.003549
25785,2017-04-10,F,FORD MOTOR CO DEL,,,11.24000,11.35000,11.25000,25857108,0.001781,11.25000,11.26000,11.26000,0.001781
25785,2017-04-11,F,FORD MOTOR CO DEL,,,11.17000,11.28000,11.28000,36366316,0.002667,11.27000,11.28000,11.27000,0.002667
25785,2017-04-12,F,FORD MOTOR CO DEL,,,11.20000,11.29500,11.23000,56588425,-0.004433,11.21000,11.22000,11.27000,-0.004433
25785,2017-04-13,F,FORD MOTOR CO DEL,,,11.11000,11.25000,11.11000,32789905,-0.010686,11.11000,11.12000,11.22000,-0.010686
25785,2017-04-17,F,FORD MOTOR CO DEL,,,11.14000,11.30000,11.28000,44731735,0.015302,11.28000,11.29000,11.22000,0.015302
25785,2017-04-18,F,FORD MOTOR CO DEL,,,11.08000,11.18000,11.14000,35659989,0.000887,11.14000,11.15000,11.15000,-0.012411
25785,2017-04-19,F,FORD MOTOR CO DEL,,,11.17000,11.28000,11.19000,37524445,0.004488,11.19000,11.20000,11.19000,0.004488
25785,2017-04-20,F,FORD MOTOR CO DEL,,,11.24000,11.50000,11.47000,49990191,0.025022,11.46000,11.47000,11.25000,0.025022
25785,2017-04-21,F,FORD MOTOR CO DEL,,,11.32000,11.48000,11.34000,26076186,-0.011334,11.34000,11.35000,11.46000,-0.011334
25785,2017-04-24,F,FORD MOTOR CO DEL,,,11.36000,11.50000,11.43000,41071326,0.007937,11.42000,11.43000,11.48000,0.007937
25785,2017-04-25,F,FORD MOTOR CO DEL,,,11.43000,11.50000,11.48000,35862521,0.004374,11.47000,11.48000,11.47000,0.004374
25785,2017-04-26,F,FORD MOTOR CO DEL,,,11.45000,11.70000,11.60000,51685768,0.010453,11.61000,11.62000,11.47000,0.010453
25785,2017-04-27,F,FORD MOTOR CO DEL,,,11.34000,11.68000,11.47000,50203741,-0.011207,11.46000,11.47000,11.66000,-0.011207
25785,2017-04-28,F,FORD MOTOR CO DEL,,,11.40000,11.51000,11.47000,41415145,0.000000,11.47000,11.48000,11.51000,0.000000
25785,2017-05-01,F,FORD MOTOR CO DEL,,,11.40000,11.54000,11.42000,32118379,-0.004359,11.42000,11.43000,11.49000,-0.004359
25785,2017-05-02,F,FORD MOTOR CO DEL,,,10.90000,11.37000,10.92000,99514739,-0.043783,10.91000,10.92000,11.30000,-0.043783
25785,2017-05-03,F,FORD MOTOR CO DEL,,,10.91000,11.09000,11.07000,57290560,0.013736,11.06000,11.07000,10.92000,0.013736
25785,2017-05-04,F,FORD MOTOR CO DEL,,,10.96000,11.11000,11.00000,34639754,-0.006323,10.99000,11.00000,11.09000,-0.006323
25785,2017-05-05,F,FORD MOTOR CO DEL,,,10.98000,11.16000,11.14000,28926001,0.012727,11.13000,11.14000,11.01000,0.012727
25785,2017-05-08,F,FORD MOTOR CO DEL,,,11.09000,11.24000,11.13000,35561764,-0.000898,11.12000,11.13000,11.18000,-0.000898
25785,2017-05-09,F,FORD MOTOR CO DEL,,,11.10000,11.25500,11.16000,44142864,0.002695,11.16000,11.17000,11.14000,0.002695
25785,2017-05-10,F,FORD MOTOR CO DEL,,,11.03000,11.20000,11.04000,34989254,-0.010753,11.04000,11.05000,11.16000,-0.010753
25785,2017-05-11,F,FORD MOTOR CO DEL,,,10.97000,11.07000,11.01000,29276286,-0.002717,11.00000,11.01000,11.04000,-0.002717
25785,2017-05-12,F,FORD MOTOR CO DEL,,,10.90000,11.03000,10.92000,34264277,-0.008174,10.91000,10.92000,11.00000,-0.008174
25785,2017-05-15,F,FORD MOTOR CO DEL,,,10.92000,11.03000,10.94000,27359494,0.001831,10.94000,10.95000,10.96000,0.001831
25785,2017-05-16,F,FORD MOTOR CO DEL,,,10.90000,11.07000,10.94000,42130215,0.000000,10.93000,10.94000,11.06000,0.000000
25785,2017-05-17,F,FORD MOTOR CO DEL,,,10.67000,10.95000,10.76000,54670105,-0.016453,10.75000,10.76000,10.88000,-0.016453
25785,2017-05-18,F,FORD MOTOR CO DEL,,,10.70000,10.82000,10.79000,37890811,0.002788,10.78000,10.79000,10.73000,0.002788
25785,2017-05-19,F,FORD MOTOR CO DEL,,,10.79000,10.94000,10.87000,32431694,0.007414,10.86000,10.87000,10.81000,0.007414
25785,2017-05-22,F,FORD MOTOR CO DEL,,,10.98000,11.13000,11.10000,73334997,0.021159,11.10000,11.11000,11.11000,0.021159
25785,2017-05-23,F,FORD MOTOR CO DEL,,,10.97000,11.16500,11.05000,40816647,-0.004505,11.05000,11.06000,11.16000,-0.004505
25785,2017-05-24,F,FORD MOTOR CO DEL,,,10.87000,11.06000,10.96000,46732734,-0.008145,10.97000,10.98000,11.06000,-0.008145
25785,2017-05-25,F,FORD MOTOR CO DEL,,,10.76000,10.97000,10.86000,46269245,-0.009124,10.85000,10.86000,10.96000,-0.009124
25785,2017-05-26,F,FORD MOTOR CO DEL,,,10.81000,10.94500,10.93000,28176454,0.006446,10.92000,10.93000,10.85000,0.006446
25785,2017-05-30,F,FORD MOTOR CO DEL,,,10.99000,11.12000,11.08000,36082622,0.013724,11.08000,11.09000,11.00000,0.013724
25785,2017-05-31,F,FORD MOTOR CO DEL,,,11.00000,11.13000,11.12000,36398667,0.003610,11.11000,11.12000,11.12000,0.003610
25785,2017-06-01,F,FORD MOTOR CO DEL,,,11.10000,11.54000,11.41000,76707185,0.026079,11.40000,11.41000,11.25000,0.026079
25785,2017-06-02,F,FORD MOTOR CO DEL,,,11.24000,11.43000,11.35000,45924954,-0.005258,11.34000,11.35000,11.42000,-0.005258
25785,2017-06-05,F,FORD MOTOR CO DEL,,,11.22500,11.36000,11.25000,42558570,-0.008811,11.24000,11.25000,11.36000,-0.008811
25785,2017-06-06,F,FORD MOTOR CO DEL,,,11.05000,11.20000,11.12000,44543687,-0.011556,11.12000,11.13000,11.19000,-0.011556
25785,2017-06-07,F,FORD MOTOR CO DEL,,,11.02000,11.19000,11.07000,37344208,-0.004496,11.06000,11.07000,11.16000,-0.004496
25785,2017-06-08,F,FORD MOTOR CO DEL,,,10.91000,11.10000,11.10000,40757441,0.002710,11.09000,11.10000,10.94000,0.002710
25785,2017-06-09,F,FORD MOTOR CO DEL,,,11.01000,11.15000,11.13000,30285939,0.002703,11.12000,11.13000,11.09000,0.002703
25785,2017-06-12,F,FORD MOTOR CO DEL,,,11.13000,11.36000,11.28000,38473144,0.013477,11.27000,11.28000,11.13000,0.013477
25785,2017-06-13,F,FORD MOTOR CO DEL,,,11.15000,11.35000,11.27000,29889309,-0.000886,11.26000,11.27000,11.31500,-0.000886
25785,2017-06-14,F,FORD MOTOR CO DEL,,,11.06000,11.29000,11.22000,44367883,-0.004437,11.21000,11.22000,11.28000,-0.004437
25785,2017-06-15,F,FORD MOTOR CO DEL,,,11.14000,11.29000,11.24000,28431606,0.001782,11.23000,11.24000,11.15000,0.001782
25785,2017-06-16,F,FORD MOTOR CO DEL,,,11.07000,11.24000,11.22000,54035414,-0.001779,11.20000,11.21000,11.24000,-0.001779
25785,2017-06-19,F,FORD MOTOR CO DEL,,,11.18000,11.28000,11.24000,30540890,0.001782,11.23000,11.24000,11.20000,0.001782
25785,2017-06-20,F,FORD MOTOR CO DEL,,,11.09000,11.22000,11.12000,31971454,-0.010676,11.12000,11.13000,11.21000,-0.010676
25785,2017-06-21,F,FORD MOTOR CO DEL,,,11.00000,11.15000,11.04000,37002531,-0.007194,11.04000,11.05000,11.15000,-0.007194
25785,2017-06-22,F,FORD MOTOR CO DEL,,,11.00000,11.18000,11.13000,26972816,0.008152,11.13000,11.14000,11.02000,0.008152
25785,2017-06-23,F,FORD MOTOR CO DEL,,,11.00000,11.13000,11.04000,45190204,-0.008086,11.04000,11.05000,11.10000,-0.008086
25785,2017-06-26,F,FORD MOTOR CO DEL,,,11.05500,11.20000,11.18000,31316763,0.012681,11.18000,11.19000,11.06000,0.012681
25785,2017-06-27,F,FORD MOTOR CO DEL,,,11.06000,11.20000,11.08000,28491614,-0.008945,11.08000,11.09000,11.17000,-0.008945
25785,2017-06-28,F,FORD MOTOR CO DEL,,,11.07000,11.17000,11.09000,31819976,0.000903,11.09000,11.10000,11.11000,0.000903
25785,2017-06-29,F,FORD MOTOR CO DEL,,,11.07000,11.20000,11.17000,32917042,0.007214,11.16000,11.17000,11.13000,0.007214
25785,2017-06-30,F,FORD MOTOR CO DEL,,,11.16000,11.28000,11.19000,41074990,0.001790,11.21000,11.22000,11.18000,0.001790
25785,2017-07-03,F,FORD MOTOR CO DEL,,,11.25000,11.68500,11.56000,43949588,0.033065,11.57000,11.58000,11.36000,0.033065
25785,2017-07-05,F,FORD MOTOR CO DEL,,,11.26000,11.56000,11.30000,39412233,-0.022491,11.30000,11.31000,11.51000,-0.022491
25785,2017-07-06,F,FORD MOTOR CO DEL,,,11.17000,11.36000,11.18000,31935984,-0.010619,11.18000,11.19000,11.29000,-0.010619
25785,2017-07-07,F,FORD MOTOR CO DEL,,,11.16000,11.28000,11.26000,20871848,0.007156,11.26000,11.27000,11.21000,0.007156
25785,2017-07-10,F,FORD MOTOR CO DEL,,,11.23000,11.35000,11.34000,18881282,0.007105,11.34000,11.35000,11.24000,0.007105
25785,2017-07-11,F,FORD MOTOR CO DEL,,,11.30000,11.43000,11.38000,25914333,0.003527,11.37000,11.38000,11.31000,0.003527
25785,2017-07-12,F,FORD MOTOR CO DEL,,,11.40000,11.62000,11.47000,33088184,0.007909,11.47000,11.48000,11.41000,0.007909
25785,2017-07-13,F,FORD MOTOR CO DEL,,,11.45000,11.69000,11.60000,33650806,0.011334,11.60000,11.61000,11.46000,0.011334
25785,2017-07-14,F,FORD MOTOR CO DEL,,,11.60000,11.73000,11.68000,39792182,0.006897,11.68000,11.69000,11.64500,0.006897
25785,2017-07-17,F,FORD MOTOR CO DEL,,,11.65000,11.75000,11.74000,24394237,0.005137,11.73000,11.74000,11.71000,0.005137
25785,2017-07-18,F,FORD MOTOR CO DEL,,,11.67000,11.75000,11.75000,24625242,0.000852,11.74000,11.75000,11.72000,0.000852
25785,2017-07-19,F,FORD MOTOR CO DEL,,,11.74000,11.83000,11.83000,26225866,0.006809,11.82000,11.83000,11.76000,0.006809
25785,2017-07-20,F,FORD MOTOR CO DEL,,,11.66000,11.78000,11.70000,30315108,0.001691,11.70000,11.71000,11.69000,-0.010989
25785,2017-07-21,F,FORD MOTOR CO DEL,,,11.46000,11.62000,11.53000,27630584,-0.014530,11.52000,11.53000,11.59000,-0.014530
25785,2017-07-24,F,FORD MOTOR CO DEL,,,11.27000,11.55000,11.29000,48123427,-0.020815,11.29000,11.30000,11.51000,-0.020815
25785,2017-07-25,F,FORD MOTOR CO DEL,,,11.22000,11.37500,11.27000,52854343,-0.001771,11.26000,11.27000,11.30000,-0.001771
25785,2017-07-26,F,FORD MOTOR CO DEL,,,10.95000,11.16000,11.06000,72271733,-0.018634,11.03000,11.04000,11.14000,-0.018634
25785,2017-07-27,F,FORD MOTOR CO DEL,,,11.03000,11.20000,11.18000,38687497,0.010850,11.18000,11.19000,11.08000,0.010850
25785,2017-07-28,F,FORD MOTOR CO DEL,,,11.06000,11.22000,11.17000,24864110,-0.000894,11.16000,11.17000,11.15000,-0.000894
25785,2017-07-31,F,FORD MOTOR CO DEL,,,11.12500,11.23000,11.22000,39548561,0.004476,11.22000,11.23000,11.16000,0.004476
25785,2017-08-01,F,FORD MOTOR CO DEL,,,10.87000,11.15000,10.95000,65140080,-0.024064,10.94000,10.95000,11.11000,-0.024064
25785,2017-08-02,F,FORD MOTOR CO DEL,,,10.93000,11.02500,11.00000,30890498,0.004566,10.99000,11.00000,10.98000,0.004566
25785,2017-08-03,F,FORD MOTOR CO DEL,,,10.92000,11.05000,10.93000,20309320,-0.006364,10.92000,10.93000,11.01000,-0.006364
25785,2017-08-04,F,FORD MOTOR CO DEL,,,10.78000,10.99000,10.95000,29267609,0.001830,10.94000,10.95000,10.90000,0.001830
25785,2017-08-07,F,FORD MOTOR CO DEL,,,10.90000,10.98000,10.92000,35013023,-0.002740,10.91000,10.92000,10.94000,-0.002740
25785,2017-08-08,F,FORD MOTOR CO DEL,,,10.88000,11.00000,10.89000,26322101,-0.002747,10.88000,10.89000,10.95000,-0.002747
25785,2017-08-09,F,FORD MOTOR CO DEL,,,10.83000,10.95000,10.92000,32155872,0.002755,10.91000,10.92000,10.88000,0.002755
25785,2017-08-10,F,FORD MOTOR CO DEL,,,10.77000,10.91000,10.77000,31903827,-0.013736,10.77000,10.78000,10.88000,-0.013736
25785,2017-08-11,F,FORD MOTOR CO DEL,,,10.76000,10.84000,10.77000,32300117,0.000000,10.77000,10.78000,10.79000,0.000000
25785,2017-08-14,F,FORD MOTOR CO DEL,,,10.79000,10.95000,10.91000,26413474,0.012999,10.90000,10.91000,10.82000,0.012999
25785,2017-08-15,F,FORD MOTOR CO DEL,,,10.83500,11.00000,10.84000,29266299,-0.006416,10.84000,10.85000,10.92000,-0.006416
25785,2017-08-16,F,FORD MOTOR CO DEL,,,10.78000,10.90000,10.80000,28316308,-0.003690,10.79000,10.80000,10.86000,-0.003690
25785,2017-08-17,F,FORD MOTOR CO DEL,,,10.60000,10.80000,10.64000,35518834,-0.014815,10.64000,10.65000,10.79000,-0.014815
25785,2017-08-18,F,FORD MOTOR CO DEL,,,10.47000,10.63000,10.56000,43998743,-0.007519,10.55000,10.56000,10.62000,-0.007519
25785,2017-08-21,F,FORD MOTOR CO DEL,,,10.52000,10.65500,10.57000,30152540,0.000947,10.56000,10.57000,10.53000,0.000947
25785,2017-08-22,F,FORD MOTOR CO DEL,,,10.61000,10.73000,10.65000,28676062,0.007569,10.65000,10.66000,10.61000,0.007569
25785,2017-08-23,F,FORD MOTOR CO DEL,,,10.59000,10.78000,10.71000,35405768,0.005634,10.72000,10.73000,10.61000,0.005634
25785,2017-08-24,F,FORD MOTOR CO DEL,,,10.69000,10.80000,10.71000,33584388,0.000000,10.71000,10.72000,10.75000,0.000000
25785,2017-08-25,F,FORD MOTOR CO DEL,,,10.76000,10.88000,10.82000,35926827,0.010271,10.82000,10.83000,10.77000,0.010271
25785,2017-08-28,F,FORD MOTOR CO DEL,,,10.73000,10.88000,10.79000,22307395,-0.002773,10.78000,10.79000,10.86000,-0.002773
25785,2017-08-29,F,FORD MOTOR CO DEL,,,10.73000,10.89000,10.84000,29807261,0.004634,10.83000,10.84000,10.75000,0.004634
25785,2017-08-30,F,FORD MOTOR CO DEL,,,10.77000,10.94000,10.94000,23629293,0.009225,10.93000,10.94000,10.82000,0.009225
25785,2017-08-31,F,FORD MOTOR CO DEL,,,10.95000,11.20000,11.03000,54208921,0.008227,11.03000,11.04000,10.97000,0.008227
25785,2017-09-01,F,FORD MOTOR CO DEL,,,11.14000,11.43000,11.35000,64560278,0.029012,11.35000,11.36000,11.18000,0.029012
25785,2017-09-05,F,FORD MOTOR CO DEL,,,11.24000,11.39000,11.36000,44142351,0.000881,11.35000,11.36000,11.36000,0.000881
25785,2017-09-06,F,FORD MOTOR CO DEL,,,11.38900,11.53000,11.50000,43279041,0.012324,11.51000,11.52000,11.39000,0.012324
25785,2017-09-07,F,FORD MOTOR CO DEL,,,11.33000,11.52000,11.40000,30271005,-0.008696,11.39000,11.40000,11.52000,-0.008696
25785,2017-09-08,F,FORD MOTOR CO DEL,,,11.29000,11.39000,11.36000,26633932,-0.003509,11.36000,11.37000,11.34000,-0.003509
25785,2017-09-11,F,FORD MOTOR CO DEL,,,11.38000,11.45000,11.41000,43375019,0.004401,11.40000,11.41000,11.40000,0.004401
25785,2017-09-12,F,FORD MOTOR CO DEL,,,11.39000,11.67000,11.59000,41386669,0.015776,11.59000,11.60000,11.43000,0.015776
25785,2017-09-13,F,FORD MOTOR CO DEL,,,11.52000,11.63000,11.62000,23302152,0.002588,11.61000,11.62000,11.60000,0.002588
25785,2017-09-14,F,FORD MOTOR CO DEL,,,11.48000,11.68000,11.56000,31696274,-0.005163,11.55000,11.56000,11.60000,-0.005163
25785,2017-09-15,F,FORD MOTOR CO DEL,,,11.49000,11.63000,11.62000,30865470,0.005190,11.61000,11.62000,11.54000,0.005190
25785,2017-09-18,F,FORD MOTOR CO DEL,,,11.59500,11.73000,11.63000,25132356,0.000861,11.63000,11.64000,11.63000,0.000861
25785,2017-09-19,F,FORD MOTOR CO DEL,,,11.62000,11.74000,11.72000,26392861,0.007739,11.72000,11.73000,11.63000,0.007739
25785,2017-09-20,F,FORD MOTOR CO DEL,,,11.63500,11.79500,11.71000,26705319,-0.000853,11.70000,11.71000,11.68000,-0.000853
25785,2017-09-21,F,FORD MOTOR CO DEL,,,11.69000,11.82000,11.72000,40319429,0.000854,11.72000,11.73000,11.71000,0.000854
25785,2017-09-22,F,FORD MOTOR CO DEL,,,11.72000,11.87000,11.84000,30196459,0.010239,11.83000,11.84000,11.74000,0.010239
25785,2017-09-25,F,FORD MOTOR CO DEL,,,11.84000,12.06000,11.94000,40766002,0.008446,11.94000,11.95000,11.88000,0.008446
25785,2017-09-26,F,FORD MOTOR CO DEL,,,11.90000,12.00000,11.93000,30646723,-0.000837,11.93000,11.94000,11.95000,-0.000837
25785,2017-09-27,F,FORD MOTOR CO DEL,,,11.86000,12.02000,11.95000,28412202,0.001676,11.95000,11.96000,11.98000,0.001676
25785,2017-09-28,F,FORD MOTOR CO DEL,,,11.90000,11.99000,11.96000,23105656,0.000837,11.96000,11.97000,11.95000,0.000837
25785,2017-09-29,F,FORD MOTOR CO DEL,,,11.92000,12.02000,11.97000,31227515,0.000836,11.96000,11.97000,11.97000,0.000836
25785,2017-10-02,F,FORD MOTOR CO DEL,,,11.97000,12.09000,12.09000,36019960,0.010025,12.08000,12.09000,12.00000,0.010025
25785,2017-10-03,F,FORD MOTOR CO DEL,,,12.22000,12.43000,12.34000,65641714,0.020678,12.33000,12.34000,12.32000,0.020678
25785,2017-10-04,F,FORD MOTOR CO DEL,,,12.28000,12.46000,12.30000,52909843,-0.003241,12.29000,12.30000,12.33000,-0.003241
25785,2017-10-05,F,FORD MOTOR CO DEL,,,12.15000,12.36000,12.25000,48145783,-0.004065,12.24000,12.25000,12.34000,-0.004065
25785,2017-10-06,F,FORD MOTOR CO DEL,,,12.19250,12.33000,12.31000,35091790,0.004898,12.30000,12.31000,12.20000,0.004898
25785,2017-10-09,F,FORD MOTOR CO DEL,,,12.25000,12.41000,12.34000,28924795,0.002437,12.33000,12.34000,12.33000,0.002437
25785,2017-10-10,F,FORD MOTOR CO DEL,,,12.25000,12.42000,12.39000,40586234,0.004052,12.38000,12.39000,12.34000,0.004052
25785,2017-10-11,F,FORD MOTOR CO DEL,,,12.31000,12.43000,12.38000,34953438,-0.000807,12.37000,12.38000,12.38000,-0.000807
25785,2017-10-12,F,FORD MOTOR CO DEL,,,12.11000,12.32000,12.12000,45924434,-0.021002,12.12000,12.13000,12.30000,-0.021002
25785,2017-10-13,F,FORD MOTOR CO DEL,,,11.87000,12.17000,12.05000,44597334,-0.005776,12.04000,12.05000,12.06000,-0.005776
25785,2017-10-16,F,FORD MOTOR CO DEL,,,11.96000,12.15000,12.12000,32349675,0.005809,12.11000,12.12000,11.99000,0.005809
25785,2017-10-17,F,FORD MOTOR CO DEL,,,12.12000,12.31000,12.27000,55273235,0.012376,12.26000,12.27000,12.13000,0.012376
25785,2017-10-18,F,FORD MOTOR CO DEL,,,12.17000,12.35000,12.19000,30783686,-0.006520,12.18000,12.19000,12.28000,-0.006520
25785,2017-10-19,F,FORD MOTOR CO DEL,,,12.05000,12.25000,12.23000,29678158,0.003281,12.22000,12.23000,12.14000,0.003281
25785,2017-10-20,F,FORD MOTOR CO DEL,,,12.00000,12.14000,12.10000,28171651,0.001635,12.09000,12.10000,12.12000,-0.010630
25785,2017-10-23,F,FORD MOTOR CO DEL,,,12.04000,12.19000,12.04000,21504813,-0.004959,12.04000,12.05000,12.11000,-0.004959
25785,2017-10-24,F,FORD MOTOR CO DEL,,,12.09090,12.26000,12.19000,34651185,0.012458,12.18000,12.19000,12.11000,0.012458
25785,2017-10-25,F,FORD MOTOR CO DEL,,,11.97000,12.15000,12.04000,47674841,-0.012305,12.05000,12.06000,12.15000,-0.012305
25785,2017-10-26,F,FORD MOTOR CO DEL,,,12.06000,12.34000,12.27000,49003126,0.019103,12.27000,12.28000,12.20000,0.019103
25785,2017-10-27,F,FORD MOTOR CO DEL,,,12.01010,12.24000,12.06000,33925366,-0.017115,12.05000,12.06000,12.23000,-0.017115
25785,2017-10-30,F,FORD MOTOR CO DEL,,,11.95000,12.15000,12.10000,36457435,0.003317,12.09000,12.10000,12.01000,0.003317
25785,2017-10-31,F,FORD MOTOR CO DEL,,,12.12900,12.30000,12.27000,42010246,0.014050,12.27000,12.28000,12.15000,0.014050
25785,2017-11-01,F,FORD MOTOR CO DEL,,,12.27520,12.47000,12.35000,43495830,0.006520,12.35000,12.36000,12.40000,0.006520
25785,2017-11-02,F,FORD MOTOR CO DEL,,,12.26000,12.43000,12.42000,40923421,0.005668,12.41000,12.42000,12.33000,0.005668
25785,2017-11-03,F,FORD MOTOR CO DEL,,,12.32000,12.46000,12.36000,33220261,-0.004831,12.35000,12.36000,12.41000,-0.004831
25785,2017-11-06,F,FORD MOTOR CO DEL,,,12.30000,12.43000,12.33000,20178513,-0.002427,12.32000,12.33000,12.36000,-0.002427
25785,2017-11-07,F,FORD MOTOR CO DEL,,,12.11000,12.38000,12.16000,41536291,-0.013788,12.15000,12.16000,12.35000,-0.013788
25785,2017-11-08,F,FORD MOTOR CO DEL,,,12.01000,12.16000,12.06000,34127543,-0.008224,12.05000,12.06000,12.14000,-0.008224
25785,2017-11-09,F,FORD MOTOR CO DEL,,,11.93000,12.05000,12.04000,26257259,-0.001658,12.03000,12.04000,12.01000,-0.001658
25785,2017-11-10,F,FORD MOTOR CO DEL,,,11.98000,12.09000,12.01000,35298374,-0.002492,12.02000,12.03000,12.00000,-0.002492
25785,2017-11-13,F,FORD MOTOR CO DEL,,,11.97000,12.22000,12.16000,30415855,0.012490,12.15000,12.16000,12.01000,0.012490
25785,2017-11-14,F,FORD MOTOR CO DEL,,,11.99000,12.16000,12.02000,25893421,-0.011513,12.02000,12.03000,12.10000,-0.011513
25785,2017-11-15,F,FORD MOTOR CO DEL,,,11.87000,12.03000,12.00000,28441307,-0.001664,12.00000,12.01000,11.97000,-0.001664
25785,2017-11-16,F,FORD MOTOR CO DEL,,,11.93000,12.05000,12.04000,28269046,0.003333,12.03000,12.04000,12.00000,0.003333
25785,2017-11-17,F,FORD MOTOR CO DEL,,,11.98500,12.06000,12.01000,31117727,-0.002492,12.00000,12.01000,12.02000,-0.002492
25785,2017-11-20,F,FORD MOTOR CO DEL,,,12.02000,12.15000,12.13000,32352040,0.009992,12.12000,12.13000,12.03000,0.009992
25785,2017-11-21,F,FORD MOTOR CO DEL,,,12.12000,12.22500,12.12000,28510260,-0.000824,12.12000,12.13000,12.14000,-0.000824
25785,2017-11-22,F,FORD MOTOR CO DEL,,,12.05000,12.15000,12.07000,36184010,-0.004125,12.07000,12.08000,12.11000,-0.004125
25785,2017-11-24,F,FORD MOTOR CO DEL,,,12.03000,12.15000,12.10000,9549629,0.002486,12.10000,12.11000,12.10000,0.002486
25785,2017-11-27,F,FORD MOTOR CO DEL,,,12.06000,12.19000,12.11000,28525156,0.000826,12.10000,12.11000,12.09000,0.000826
25785,2017-11-28,F,FORD MOTOR CO DEL,,,12.08000,12.24000,12.21000,33199323,0.008258,12.21000,12.22000,12.15000,0.008258
25785,2017-11-29,F,FORD MOTOR CO DEL,,,12.23000,12.57000,12.56000,64865974,0.028665,12.55000,12.56000,12.24000,0.028665
25785,2017-11-30,F,FORD MOTOR CO DEL,,,12.42000,12.65000,12.52000,49224189,-0.003185,12.52000,12.53000,12.53000,-0.003185
25785,2017-12-01,F,FORD MOTOR CO DEL,,,12.35000,12.70000,12.58000,52458736,0.004792,12.57000,12.58000,12.62000,0.004792
25785,2017-12-04,F,FORD MOTOR CO DEL,,,12.59000,12.81000,12.63000,39558857,0.003975,12.62000,12.63000,12.65000,0.003975
25785,2017-12-05,F,FORD MOTOR CO DEL,,,12.40000,12.62000,12.43000,45527163,-0.015835,12.42000,12.43000,12.61000,-0.015835
25785,2017-12-06,F,FORD MOTOR CO DEL,,,12.28000,12.43000,12.38000,28453762,-0.004023,12.37000,12.38000,12.40000,-0.004023
25785,2017-12-07,F,FORD MOTOR CO DEL,,,12.33000,12.59000,12.53000,25417119,0.012116,12.53000,12.54000,12.39500,0.012116
25785,2017-12-08,F,FORD MOTOR CO DEL,,,12.43000,12.61000,12.61000,21981870,0.006385,12.60000,12.61000,12.53000,0.006385
25785,2017-12-11,F,FORD MOTOR CO DEL,,,12.51000,12.63000,12.58000,44194633,-0.002379,12.58000,12.59000,12.60000,-0.002379
25785,2017-12-12,F,FORD MOTOR CO DEL,,,12.51000,12.63500,12.60000,54370612,0.001590,12.58000,12.59000,12.56000,0.001590
25785,2017-12-13,F,FORD MOTOR CO DEL,,,12.59000,12.72500,12.63000,31858995,0.002381,12.63000,12.64000,12.61000,0.002381
25785,2017-12-14,F,FORD MOTOR CO DEL,,,12.41000,12.69000,12.46000,37073960,-0.013460,12.46000,12.47000,12.65000,-0.013460
25785,2017-12-15,F,FORD MOTOR CO DEL,,,12.50000,12.66000,12.58000,48655453,0.009631,12.56000,12.57000,12.51000,0.009631
25785,2017-12-18,F,FORD MOTOR CO DEL,,,12.61000,12.75000,12.66000,25022657,0.006359,12.66000,12.67000,12.66000,0.006359
25785,2017-12-19,F,FORD MOTOR CO DEL,,,12.66000,12.78000,12.69000,23056884,0.002370,12.69000,12.70000,12.71000,0.002370
25785,2017-12-20,F,FORD MOTOR CO DEL,,,12.65000,12.75000,12.72000,18989429,0.002364,12.72000,12.73000,12.72000,0.002364
25785,2017-12-21,F,FORD MOTOR CO DEL,,,12.63000,12.77000,12.63000,21004663,-0.007075,12.63000,12.64000,12.74000,-0.007075
25785,2017-12-22,F,FORD MOTOR CO DEL,,,12.56000,12.66000,12.58000,17876156,-0.003959,12.58000,12.59000,12.66000,-0.003959
25785,2017-12-26,F,FORD MOTOR CO DEL,,,12.55000,12.65000,12.60000,11664564,0.001590,12.59000,12.60000,12.57000,0.001590
25785,2017-12-27,F,FORD MOTOR CO DEL,,,12.45000,12.58000,12.50000,17005626,-0.007937,12.49000,12.50000,12.57000,-0.007937
25785,2017-12-28,F,FORD MOTOR CO DEL,,,12.47000,12.58000,12.58000,14793534,0.006400,12.57000,12.58000,12.48000,0.006400
25785,2017-12-29,F,FORD MOTOR CO DEL,,,12.49000,12.61000,12.49000,18362455,-0.007154,12.49000,12.50000,12.58000,-0.007154
25785,2018-01-02,F,FORD MOTOR CO DEL,,,12.50000,12.66000,12.66000,20773320,0.013611,12.64000,12.65000,12.52000,0.013611
25785,2018-01-03,F,FORD MOTOR CO DEL,,,12.67000,12.80000,12.76000,29765638,0.007899,12.75000,12.76000,12.68000,0.007899
25785,2018-01-04,F,FORD MOTOR CO DEL,,,12.77000,13.04000,12.98000,37478200,0.017241,12.98000,12.99000,12.78000,0.017241
25785,2018-01-05,F,FORD MOTOR CO DEL,,,13.04000,13.22000,13.20000,46121873,0.016949,13.19000,13.20000,13.06000,0.016949
25785,2018-01-08,F,FORD MOTOR CO DEL,,,13.11000,13.22000,13.15000,33828330,-0.003788,13.14000,13.15000,13.21000,-0.003788
25785,2018-01-09,F,FORD MOTOR CO DEL,,,13.08000,13.22000,13.08000,27924109,-0.005323,13.08000,13.09000,13.18000,-0.005323
25785,2018-01-10,F,FORD MOTOR CO DEL,,,12.96000,13.13900,13.03000,56517139,-0.003823,13.02000,13.03000,13.06000,-0.003823
25785,2018-01-11,F,FORD MOTOR CO DEL,,,13.00000,13.20000,13.16000,28342293,0.009977,13.16000,13.17000,13.02000,0.009977
25785,2018-01-12,F,FORD MOTOR CO DEL,,,13.10000,13.29000,13.23000,56979186,0.005319,13.22000,13.23000,13.10000,0.005319
25785,2018-01-16,F,FORD MOTOR CO DEL,,,13.01000,13.48000,13.10000,53961375,-0.009826,13.09000,13.10000,13.31000,-0.009826
25785,2018-01-17,F,FORD MOTOR CO DEL,,,12.10000,12.58000,12.18000,132412533,-0.070229,12.17000,12.18000,12.58000,-0.070229
25785,2018-01-18,F,FORD MOTOR CO DEL,,,12.02000,12.20000,12.07000,66541729,-0.009031,12.06000,12.07000,12.18000,-0.009031
25785,2018-01-19,F,FORD MOTOR CO DEL,,,11.91000,12.12000,12.00000,51303747,-0.005799,11.99000,12.00000,12.12000,-0.005799
25785,2018-01-22,F,FORD MOTOR CO DEL,,,11.90000,12.08000,12.02000,52851915,0.001667,12.00000,12.01000,12.02000,0.001667
25785,2018-01-23,F,FORD MOTOR CO DEL,,,11.90000,12.03000,11.96000,51830968,-0.004992,11.95000,11.96000,12.03000,-0.004992
25785,2018-01-24,F,FORD MOTOR CO DEL,,,11.92000,12.09000,12.05000,63300483,0.007525,12.04000,12.05000,12.00000,0.007525
25785,2018-01-25,F,FORD MOTOR CO DEL,,,11.44000,11.93000,11.57000,114886820,-0.039834,11.58000,11.59000,11.93000,-0.039834
25785,2018-01-26,F,FORD MOTOR CO DEL,,,11.50000,11.70000,11.65000,52496001,0.006914,11.64000,11.65000,11.59000,0.006914
25785,2018-01-29,F,FORD MOTOR CO DEL,,,11.11000,11.47000,11.12000,55113971,-0.021459,11.12000,11.13000,11.42000,-0.045494
25785,2018-01-30,F,FORD MOTOR CO DEL,,,11.05000,11.23000,11.06000,52068187,-0.005396,11.07000,11.08000,11.09000,-0.005396
25785,2018-01-31,F,FORD MOTOR CO DEL,,,10.90000,11.11500,10.97000,57644576,-0.008137,10.98000,10.99000,11.09000,-0.008137
25785,2018-02-01,F,FORD MOTOR CO DEL,,,10.85000,11.00000,10.92000,41352192,-0.004558,10.92000,10.93000,10.95000,-0.004558
25785,2018-02-02,F,FORD MOTOR CO DEL,,,10.62000,10.88000,10.71000,72312922,-0.019231,10.70000,10.71000,10.88000,-0.019231
25785,2018-02-05,F,FORD MOTOR CO DEL,,,10.24000,10.80000,10.24000,96756955,-0.043884,10.24000,10.25000,10.78000,-0.043884
25785,2018-02-06,F,FORD MOTOR CO DEL,,,10.19000,10.79000,10.76000,139938127,0.050781,10.75000,10.76000,10.27000,0.050781
25785,2018-02-07,F,FORD MOTOR CO DEL,,,10.70000,11.04000,10.76000,68041787,0.000000,10.76000,10.77000,10.75000,0.000000
25785,2018-02-08,F,FORD MOTOR CO DEL,,,10.42000,10.86000,10.43000,73990734,-0.030669,10.42000,10.43000,10.79000,-0.030669
25785,2018-02-09,F,FORD MOTOR CO DEL,,,10.24000,10.64000,10.53000,72103620,0.009588,10.52000,10.53000,10.57000,0.009588
25785,2018-02-12,F,FORD MOTOR CO DEL,,,10.54360,10.82000,10.70000,49068946,0.016144,10.69000,10.70000,10.67000,0.016144
25785,2018-02-13,F,FORD MOTOR CO DEL,,,10.53000,10.69000,10.59000,36884488,-0.010280,10.58000,10.59000,10.63000,-0.010280
25785,2018-02-14,F,FORD MOTOR CO DEL,,,10.50000,10.75000,10.74000,27844338,0.014164,10.73000,10.74000,10.55000,0.014164
25785,2018-02-15,F,FORD MOTOR CO DEL,,,10.64000,10.80000,10.76000,28208311,0.001862,10.75000,10.76000,10.80000,0.001862
25785,2018-02-16,F,FORD MOTOR CO DEL,,,10.52000,10.82000,10.61000,41041761,-0.013941,10.62000,10.63000,10.70000,-0.013941
25785,2018-02-20,F,FORD MOTOR CO DEL,,,10.55000,10.67000,10.63000,27617865,0.001885,10.63000,10.64000,10.58000,0.001885
25785,2018-02-21,F,FORD MOTOR CO DEL,,,10.59000,10.75000,10.60000,36037720,-0.002822,10.59000,10.60000,10.65000,-0.002822
25785,2018-02-22,F,FORD MOTOR CO DEL,,,10.56000,10.73000,10.63000,25409561,0.002830,10.63000,10.64000,10.60000,0.002830
25785,2018-02-23,F,FORD MOTOR CO DEL,,,10.62000,10.71000,10.70000,21786781,0.006585,10.69000,10.70000,10.67000,0.006585
25785,2018-02-26,F,FORD MOTOR CO DEL,,,10.70000,10.95000,10.89000,27157756,0.017757,10.89000,10.90000,10.74000,0.017757
25785,2018-02-27,F,FORD MOTOR CO DEL,,,10.60000,10.99000,10.61000,43502012,-0.025712,10.61000,10.62000,10.93000,-0.025712
25785,2018-02-28,F,FORD MOTOR CO DEL,,,10.57000,10.79000,10.61000,41321429,0.000000,10.60000,10.61000,10.68000,0.000000
25785,2018-03-01,F,FORD MOTOR CO DEL,,,10.20000,10.69000,10.29000,75841414,-0.030160,10.28000,10.29000,10.65000,-0.030160
25785,2018-03-02,F,FORD MOTOR CO DEL,,,10.14000,10.42000,10.40000,60491864,0.010690,10.40000,10.41000,10.24000,0.010690
25785,2018-03-05,F,FORD MOTOR CO DEL,,,10.30000,10.63000,10.58000,44021329,0.017308,10.57000,10.58000,10.31000,0.017308
25785,2018-03-06,F,FORD MOTOR CO DEL,,,10.47000,10.68000,10.63000,30978946,0.004726,10.63000,10.64000,10.65000,0.004726
25785,2018-03-07,F,FORD MOTOR CO DEL,,,10.43000,10.64000,10.63000,30046598,0.000000,10.62000,10.63000,10.51000,0.000000
25785,2018-03-08,F,FORD MOTOR CO DEL,,,10.48000,10.68000,10.61000,26947958,-0.001882,10.60000,10.61000,10.65000,-0.001882
25785,2018-03-09,F,FORD MOTOR CO DEL,,,10.57000,10.73000,10.73000,26684375,0.011310,10.72000,10.73000,10.63000,0.011310
25785,2018-03-12,F,FORD MOTOR CO DEL,,,10.68000,10.85000,10.81000,33800918,0.007456,10.81000,10.82000,10.69000,0.007456
25785,2018-03-13,F,FORD MOTOR CO DEL,,,10.73000,10.98000,10.78000,44456812,-0.002775,10.77000,10.78000,10.84000,-0.002775
25785,2018-03-14,F,FORD MOTOR CO DEL,,,11.01000,11.44000,11.02000,91985319,0.022264,11.01000,11.02000,11.25000,0.022264
25785,2018-03-15,F,FORD MOTOR CO DEL,,,10.95000,11.25000,11.07000,47645277,0.004537,11.07000,11.08000,11.05000,0.004537
25785,2018-03-16,F,FORD MOTOR CO DEL,,,11.06000,11.22000,11.15000,80684224,0.007227,11.13000,11.14000,11.12000,0.007227
25785,2018-03-19,F,FORD MOTOR CO DEL,,,10.87000,11.17000,11.01000,63122538,-0.012556,11.01000,11.02000,11.15000,-0.012556
25785,2018-03-20,F,FORD MOTOR CO DEL,,,10.97000,11.13000,10.99000,45612813,-0.001817,11.00000,11.01000,11.05000,-0.001817
25785,2018-03-21,F,FORD MOTOR CO DEL,,,10.93000,11.18500,11.10000,38550957,0.010009,11.10000,11.11000,11.00000,0.010009
25785,2018-03-22,F,FORD MOTOR CO DEL,,,10.73000,11.06000,10.75000,51280905,-0.031532,10.75000,10.76000,11.00000,-0.031532
25785,2018-03-23,F,FORD MOTOR CO DEL,,,10.51000,10.85000,10.56000,39950867,-0.017674,10.55000,10.56000,10.79000,-0.017674
25785,2018-03-26,F,FORD MOTOR CO DEL,,,10.68000,10.87000,10.83000,52325512,0.025568,10.83000,10.84000,10.74000,0.025568
25785,2018-03-27,F,FORD MOTOR CO DEL,,,10.72000,10.92000,10.83000,40677320,0.000000,10.82000,10.83000,10.85000,0.000000
25785,2018-03-28,F,FORD MOTOR CO DEL,,,10.73000,10.95000,10.86000,42263662,0.002770,10.85000,10.86000,10.83000,0.002770
25785,2018-03-29,F,FORD MOTOR CO DEL,,,10.91500,11.13000,11.08000,39863962,0.020258,11.08000,11.09000,10.93000,0.020258
25785,2018-04-02,F,FORD MOTOR CO DEL,,,10.70000,11.09000,10.86000,43598094,-0.019856,10.85000,10.86000,11.06000,-0.019856
25785,2018-04-03,F,FORD MOTOR CO DEL,,,10.90000,11.18000,11.15000,42523917,0.026703,11.15000,11.16000,11.01000,0.026703
25785,2018-04-04,F,FORD MOTOR CO DEL,,,10.80000,11.36000,11.33000,44834639,0.016144,11.32000,11.33000,10.87000,0.016144
25785,2018-04-05,F,FORD MOTOR CO DEL,,,11.23000,11.38000,11.35000,28755606,0.001765,11.34000,11.35000,11.34000,0.001765
25785,2018-04-06,F,FORD MOTOR CO DEL,,,11.07000,11.35000,11.18000,31920686,-0.014978,11.18000,11.19000,11.28000,-0.014978
25785,2018-04-09,F,FORD MOTOR CO DEL,,,11.20000,11.38000,11.25000,36462658,0.006261,11.25000,11.26000,11.25000,0.006261
25785,2018-04-10,F,FORD MOTOR CO DEL,,,11.41000,11.55000,11.45000,44005015,0.017778,11.44000,11.45000,11.44000,0.017778
25785,2018-04-11,F,FORD MOTOR CO DEL,,,11.30000,11.49000,11.43000,32979038,-0.001747,11.42000,11.43000,11.38000,-0.001747
25785,2018-04-12,F,FORD MOTOR CO DEL,,,11.25000,11.54000,11.31000,47133732,-0.010499,11.31000,11.32000,11.50000,-0.010499
25785,2018-04-13,F,FORD MOTOR CO DEL,,,11.23000,11.39000,11.28000,34598783,-0.002653,11.28000,11.29000,11.35000,-0.002653
25785,2018-04-16,F,FORD MOTOR CO DEL,,,11.27000,11.45000,11.38000,32803268,0.008865,11.39000,11.40000,11.36000,0.008865
25785,2018-04-17,F,FORD MOTOR CO DEL,,,11.30000,11.45000,11.38000,30906803,0.000000,11.37000,11.38000,11.43000,0.000000
25785,2018-04-18,F,FORD MOTOR CO DEL,,,11.30000,11.48000,11.33000,46226082,-0.004394,11.32000,11.33000,11.38000,-0.004394
25785,2018-04-19,F,FORD MOTOR CO DEL,,,10.85000,11.24940,10.96000,49154173,-0.019417,10.95000,10.96000,11.18000,-0.032657
25785,2018-04-20,F,FORD MOTOR CO DEL,,,10.78000,11.03000,10.82000,44930027,-0.012774,10.81000,10.82000,11.01000,-0.012774
25785,2018-04-23,F,FORD MOTOR CO DEL,,,10.83000,11.04000,11.04000,31936522,0.020333,11.02000,11.03000,10.84000,0.020333
25785,2018-04-24,F,FORD MOTOR CO DEL,,,10.93000,11.17000,10.96000,39624986,-0.007246,10.94000,10.95000,11.05000,-0.007246
25785,2018-04-25,F,FORD MOTOR CO DEL,,,10.87000,11.16000,11.11000,40356076,0.013686,11.11000,11.12000,10.96000,0.013686
25785,2018-04-26,F,FORD MOTOR CO DEL,,,11.29000,11.53000,11.43000,80676755,0.028803,11.43000,11.44000,11.42000,0.028803
25785,2018-04-27,F,FORD MOTOR CO DEL,,,11.38000,11.56000,11.49000,33375943,0.005249,11.48000,11.49000,11.40000,0.005249
25785,2018-04-30,F,FORD MOTOR CO DEL,,,11.22000,11.72500,11.24000,66090895,-0.021758,11.24000,11.25000,11.53000,-0.021758
25785,2018-05-01,F,FORD MOTOR CO DEL,,,11.10000,11.35000,11.26000,61430446,0.001779,11.26000,11.27000,11.25000,0.001779
25785,2018-05-02,F,FORD MOTOR CO DEL,,,11.12000,11.26500,11.21000,41899467,-0.004441,11.19000,11.20000,11.26000,-0.004441
25785,2018-05-03,F,FORD MOTOR CO DEL,,,10.97000,11.21000,11.20000,38907404,-0.000892,11.19000,11.20000,11.17000,-0.000892
25785,2018-05-04,F,FORD MOTOR CO DEL,,,11.09000,11.41000,11.36000,32043468,0.014286,11.36000,11.37000,11.16000,0.014286
25785,2018-05-07,F,FORD MOTOR CO DEL,,,11.31000,11.44000,11.34000,27510279,-0.001761,11.34000,11.35000,11.36000,-0.001761
25785,2018-05-08,F,FORD MOTOR CO DEL,,,11.23500,11.37000,11.27000,25754109,-0.006173,11.27000,11.28000,11.32000,-0.006173
25785,2018-05-09,F,FORD MOTOR CO DEL,,,11.02000,11.28000,11.06000,43731958,-0.018634,11.05000,11.06000,11.21000,-0.018634
25785,2018-05-10,F,FORD MOTOR CO DEL,,,11.02000,11.25000,11.21000,32023835,0.013562,11.20000,11.21000,11.04000,0.013562
25785,2018-05-11,F,FORD MOTOR CO DEL,,,11.16000,11.24500,11.19000,19837675,-0.001784,11.18000,11.19000,11.22000,-0.001784
25785,2018-05-14,F,FORD MOTOR CO DEL,,,11.17000,11.29000,11.18000,27903121,-0.000894,11.18000,11.19000,11.23000,-0.000894
25785,2018-05-15,F,FORD MOTOR CO DEL,,,11.06000,11.25000,11.22000,26950114,0.003578,11.21000,11.22000,11.10000,0.003578
25785,2018-05-16,F,FORD MOTOR CO DEL,,,11.20000,11.40000,11.40000,28976692,0.016043,11.39000,11.40000,11.21000,0.016043
25785,2018-05-17,F,FORD MOTOR CO DEL,,,11.38000,11.48000,11.46000,20741087,0.005263,11.45000,11.46000,11.40000,0.005263
25785,2018-05-18,F,FORD MOTOR CO DEL,,,11.30000,11.47000,11.33000,23893731,-0.011344,11.32000,11.33000,11.44000,-0.011344
25785,2018-05-21,F,FORD MOTOR CO DEL,,,11.39000,11.55000,11.51000,31011916,0.015887,11.51000,11.52000,11.42000,0.015887
25785,2018-05-22,F,FORD MOTOR CO DEL,,,11.51000,11.63500,11.52000,22360885,0.000869,11.52000,11.53000,11.58000,0.000869
25785,2018-05-23,F,FORD MOTOR CO DEL,,,11.33000,11.55000,11.44000,23595004,-0.006945,11.43000,11.44000,11.50000,-0.006945
25785,2018-05-24,F,FORD MOTOR CO DEL,,,11.44000,11.65000,11.62000,34876334,0.015734,11.62000,11.63000,11.45000,0.015734
25785,2018-05-25,F,FORD MOTOR CO DEL,,,11.47000,11.60500,11.51000,19337470,-0.009466,11.50000,11.51000,11.56000,-0.009466
25785,2018-05-29,F,FORD MOTOR CO DEL,,,11.36000,11.62000,11.44000,31324274,-0.006082,11.43000,11.44000,11.60000,-0.006082
25785,2018-05-30,F,FORD MOTOR CO DEL,,,11.47000,11.61000,11.55000,25554593,0.009615,11.55000,11.56000,11.53000,0.009615
25785,2018-05-31,F,FORD MOTOR CO DEL,,,11.36000,11.73500,11.55000,61563249,0.000000,11.55000,11.56000,11.65000,0.000000
25785,2018-06-01,F,FORD MOTOR CO DEL,,,11.61000,11.77000,11.71000,35406189,0.013853,11.70000,11.71000,11.67000,0.013853
25785,2018-06-04,F,FORD MOTOR CO DEL,,,11.69000,11.78500,11.74000,25141346,0.002562,11.73000,11.74000,11.74000,0.002562
25785,2018-06-05,F,FORD MOTOR CO DEL,,,11.68000,11.86750,11.83000,31036704,0.007666,11.83000,11.84000,11.74000,0.007666
25785,2018-06-06,F,FORD MOTOR CO DEL,,,11.82000,12.00000,11.97000,31110458,0.011834,11.96000,11.97000,11.87000,0.011834
25785,2018-06-07,F,FORD MOTOR CO DEL,,,11.96000,12.15000,12.03000,47314073,0.005012,12.03000,12.04000,11.97000,0.005012
25785,2018-06-08,F,FORD MOTOR CO DEL,,,12.00000,12.12000,12.10000,28371881,0.005819,12.09000,12.10000,12.04000,0.005819
25785,2018-06-11,F,FORD MOTOR CO DEL,,,12.02000,12.15000,12.03000,30398078,-0.005785,12.03000,12.04000,12.10000,-0.005785
25785,2018-06-12,F,FORD MOTOR CO DEL,,,12.03000,12.15000,12.11000,51395448,0.006650,12.10000,12.11000,12.07000,0.006650
25785,2018-06-13,F,FORD MOTOR CO DEL,,,11.96000,12.10000,12.02000,28406733,-0.007432,12.01000,12.02000,12.10000,-0.007432
25785,2018-06-14,F,FORD MOTOR CO DEL,,,11.84000,12.01000,11.89000,34523019,-0.010815,11.88000,11.89000,12.00000,-0.010815
25785,2018-06-15,F,FORD MOTOR CO DEL,,,11.80000,12.03000,11.88000,56326835,-0.000841,11.88000,11.89000,11.84000,-0.000841
25785,2018-06-18,F,FORD MOTOR CO DEL,,,11.81000,12.04000,11.99000,32706527,0.009259,11.98000,11.99000,11.82000,0.009259
25785,2018-06-19,F,FORD MOTOR CO DEL,,,11.67000,11.89000,11.89000,40064785,-0.008340,11.88000,11.89000,11.82000,-0.008340
25785,2018-06-20,F,FORD MOTOR CO DEL,,,11.83000,12.05000,11.87000,31964792,-0.001682,11.87000,11.88000,11.97000,-0.001682
25785,2018-06-21,F,FORD MOTOR CO DEL,,,11.64000,11.82990,11.71000,33316702,-0.013479,11.70000,11.71000,11.80000,-0.013479
25785,2018-06-22,F,FORD MOTOR CO DEL,,,11.62000,11.87000,11.65000,38207303,-0.005124,11.64000,11.65000,11.75000,-0.005124
25785,2018-06-25,F,FORD MOTOR CO DEL,,,11.38000,11.67000,11.50000,36101893,-0.012876,11.50000,11.51000,11.63000,-0.012876
25785,2018-06-26,F,FORD MOTOR CO DEL,,,11.49000,11.63000,11.52000,36627672,0.001739,11.51000,11.52000,11.56000,0.001739
25785,2018-06-27,F,FORD MOTOR CO DEL,,,11.40000,11.64000,11.42000,27241994,-0.008681,11.42000,11.43000,11.54000,-0.008681
25785,2018-06-28,F,FORD MOTOR CO DEL,,,11.15000,11.40000,11.28000,43836444,-0.012259,11.27000,11.28000,11.37000,-0.012259
25785,2018-06-29,F,FORD MOTOR CO DEL,,,11.03000,11.37000,11.07000,44718473,-0.018617,11.07000,11.08000,11.32000,-0.018617
25785,2018-07-02,F,FORD MOTOR CO DEL,,,10.91000,11.10500,11.10000,37892751,0.002710,11.09000,11.10000,11.02000,0.002710
25785,2018-07-03,F,FORD MOTOR CO DEL,,,10.94000,11.15000,10.99000,16544777,-0.009910,10.98000,10.99000,11.10000,-0.009910
25785,2018-07-05,F,FORD MOTOR CO DEL,,,11.02000,11.14000,11.05000,32008544,0.005460,11.06000,11.07000,11.10000,0.005460
25785,2018-07-06,F,FORD MOTOR CO DEL,,,10.92000,11.10000,11.06000,25671874,0.000905,11.05000,11.06000,11.04000,0.000905
25785,2018-07-09,F,FORD MOTOR CO DEL,,,11.03000,11.26000,11.20000,23916802,0.012658,11.19000,11.20000,11.10000,0.012658
25785,2018-07-10,F,FORD MOTOR CO DEL,,,11.17000,11.26000,11.25000,21231537,0.004464,11.24000,11.25000,11.20000,0.004464
25785,2018-07-11,F,FORD MOTOR CO DEL,,,11.05000,11.17000,11.07000,30030119,-0.016000,11.07000,11.08000,11.15000,-0.016000
25785,2018-07-12,F,FORD MOTOR CO DEL,,,11.00000,11.14000,11.05000,27025237,-0.001807,11.04000,11.05000,11.10000,-0.001807
25785,2018-07-13,F,FORD MOTOR CO DEL,,,10.91000,11.05000,10.98000,36567189,-0.006335,10.97000,10.98000,11.02000,-0.006335
25785,2018-07-16,F,FORD MOTOR CO DEL,,,10.76000,10.97000,10.85000,46156833,-0.011840,10.84000,10.85000,10.95000,-0.011840
25785,2018-07-17,F,FORD MOTOR CO DEL,,,10.80000,10.90000,10.86000,37584265,0.000922,10.86000,10.87000,10.80000,0.000922
25785,2018-07-18,F,FORD MOTOR CO DEL,,,10.81000,10.89500,10.87000,36420018,0.000921,10.87000,10.88000,10.85000,0.000921
25785,2018-07-19,F,FORD MOTOR CO DEL,,,10.77000,10.90000,10.82000,40308773,-0.004600,10.82000,10.83000,10.89000,-0.004600
25785,2018-07-20,F,FORD MOTOR CO DEL,,,10.51000,10.72000,10.56000,41673254,-0.010166,10.55000,10.56000,10.68000,-0.024030
25785,2018-07-23,F,FORD MOTOR CO DEL,,,10.42000,10.57000,10.47000,34941983,-0.008523,10.46000,10.47000,10.56000,-0.008523
25785,2018-07-24,F,FORD MOTOR CO DEL,,,10.50000,10.74000,10.57000,47302950,0.009551,10.56000,10.57000,10.51000,0.009551
25785,2018-07-25,F,FORD MOTOR CO DEL,,,10.12000,10.57000,10.52000,92610535,-0.004730,10.51000,10.52000,10.32000,-0.004730
25785,2018-07-26,F,FORD MOTOR CO DEL,,,9.84000,10.16000,9.89000,103893039,-0.059886,9.89000,9.90000,10.14000,-0.059886
25785,2018-07-27,F,FORD MOTOR CO DEL,,,9.91000,10.05000,9.93000,46178701,0.004044,9.93000,9.94000,9.96000,0.004044
25785,2018-07-30,F,FORD MOTOR CO DEL,,,9.93000,10.10000,10.07000,35877009,0.014099,10.07000,10.08000,9.96000,0.014099
25785,2018-07-31,F,FORD MOTOR CO DEL,,,10.00000,10.11000,10.04000,38026871,-0.002979,10.04000,10.05000,10.11000,-0.002979
25785,2018-08-01,F,FORD MOTOR CO DEL,,,9.82000,10.07850,9.90000,44126692,-0.013944,9.89000,9.90000,10.06000,-0.013944
25785,2018-08-02,F,FORD MOTOR CO DEL,,,9.84000,9.98000,9.92000,40318865,0.002020,9.92000,9.93000,9.90000,0.002020
25785,2018-08-03,F,FORD MOTOR CO DEL,,,9.93000,10.06000,10.04000,25925122,0.012097,10.03000,10.04000,9.93000,0.012097
25785,2018-08-06,F,FORD MOTOR CO DEL,,,9.97000,10.05000,10.03000,22247882,-0.000996,10.02000,10.03000,10.00000,-0.000996
25785,2018-08-07,F,FORD MOTOR CO DEL,,,10.02000,10.10000,10.08000,27961231,0.004985,10.08000,10.09000,10.04000,0.004985
25785,2018-08-08,F,FORD MOTOR CO DEL,,,10.04000,10.10000,10.05000,22601602,-0.002976,10.05000,10.06000,10.05000,-0.002976
25785,2018-08-09,F,FORD MOTOR CO DEL,,,9.90000,10.07000,9.91000,35682617,-0.013930,9.91000,9.92000,10.06000,-0.013930
25785,2018-08-10,F,FORD MOTOR CO DEL,,,9.72000,9.91000,9.74000,39180474,-0.017154,9.73000,9.74000,9.91000,-0.017154
25785,2018-08-13,F,FORD MOTOR CO DEL,,,9.42000,9.75000,9.46000,66586182,-0.028747,9.45000,9.46000,9.74000,-0.028747
25785,2018-08-14,F,FORD MOTOR CO DEL,,,9.45000,9.61500,9.50000,37657351,0.004228,9.49000,9.50000,9.51000,0.004228
25785,2018-08-15,F,FORD MOTOR CO DEL,,,9.35000,9.50000,9.45000,36298597,-0.005263,9.44000,9.45000,9.46000,-0.005263
25785,2018-08-16,F,FORD MOTOR CO DEL,,,9.49000,9.60000,9.51000,28857667,0.006349,9.51000,9.52000,9.50000,0.006349
25785,2018-08-17,F,FORD MOTOR CO DEL,,,9.46000,9.60000,9.55000,32742936,0.004206,9.55000,9.56000,9.53000,0.004206
25785,2018-08-20,F,FORD MOTOR CO DEL,,,9.56000,9.74000,9.72000,25252486,0.017801,9.72000,9.73000,9.56000,0.017801
25785,2018-08-21,F,FORD MOTOR CO DEL,,,9.69000,9.90000,9.86000,46413897,0.014403,9.86000,9.87000,9.77000,0.014403
25785,2018-08-22,F,FORD MOTOR CO DEL,,,9.68000,9.82000,9.69000,30803675,-0.017241,9.69000,9.70000,9.79000,-0.017241
25785,2018-08-23,F,FORD MOTOR CO DEL,,,9.58000,9.69000,9.63000,31511844,-0.006192,9.63000,9.64000,9.67000,-0.006192
25785,2018-08-24,F,FORD MOTOR CO DEL,,,9.61000,9.70000,9.68000,18380040,0.005192,9.68000,9.69000,9.65000,0.005192
25785,2018-08-27,F,FORD MOTOR CO DEL,,,9.73000,10.04000,9.99000,49769258,0.032025,9.99000,10.00000,9.75000,0.032025
25785,2018-08-28,F,FORD MOTOR CO DEL,,,9.95000,10.09000,10.01000,33845494,0.002002,10.01000,10.02000,10.08000,0.002002
25785,2018-08-29,F,FORD MOTOR CO DEL,,,9.90000,10.02000,9.97000,37336431,-0.003996,9.96000,9.97000,10.01000,-0.003996
25785,2018-08-30,F,FORD MOTOR CO DEL,,,9.67000,9.91500,9.70000,48539347,-0.027081,9.69000,9.70000,9.87000,-0.027081
25785,2018-08-31,F,FORD MOTOR CO DEL,,,9.40000,9.68000,9.48000,76424884,-0.022680,9.47000,9.48000,9.64000,-0.022680
25785,2018-09-04,F,FORD MOTOR CO DEL,,,9.36000,9.58000,9.47000,54111109,-0.001055,9.46000,9.47000,9.53000,-0.001055
25785,2018-09-05,F,FORD MOTOR CO DEL,,,9.32000,9.55000,9.49000,44561879,0.002112,9.50000,9.51000,9.47000,0.002112
25785,2018-09-06,F,FORD MOTOR CO DEL,,,9.40000,9.55000,9.43000,29519107,-0.006322,9.43000,9.44000,9.48000,-0.006322
25785,2018-09-07,F,FORD MOTOR CO DEL,,,9.25000,9.49000,9.27000,51229915,-0.016967,9.27000,9.28000,9.41000,-0.016967
25785,2018-09-10,F,FORD MOTOR CO DEL,,,9.30000,9.49000,9.38000,30421677,0.011866,9.38000,9.39000,9.31000,0.011866
25785,2018-09-11,F,FORD MOTOR CO DEL,,,9.22000,9.36000,9.31000,27158381,-0.007463,9.31000,9.32000,9.35000,-0.007463
25785,2018-09-12,F,FORD MOTOR CO DEL,,,9.28000,9.42000,9.34000,25450013,0.003222,9.34000,9.35000,9.31000,0.003222
25785,2018-09-13,F,FORD MOTOR CO DEL,,,9.31000,9.41000,9.37000,29315671,0.003212,9.36000,9.37000,9.38000,0.003212
25785,2018-09-14,F,FORD MOTOR CO DEL,,,9.36000,9.48000,9.45000,30013336,0.008538,9.46000,9.47000,9.38000,0.008538
25785,2018-09-17,F,FORD MOTOR CO DEL,,,9.43000,9.59500,9.55000,29544428,0.010582,9.55000,9.56000,9.43500,0.010582
25785,2018-09-18,F,FORD MOTOR CO DEL,,,9.48000,9.61000,9.58000,57055398,0.003141,9.58000,9.59000,9.54000,0.003141
25785,2018-09-19,F,FORD MOTOR CO DEL,,,9.61000,9.83000,9.78000,40111485,0.020877,9.78000,9.79000,9.61000,0.020877
25785,2018-09-20,F,FORD MOTOR CO DEL,,,9.71000,9.93000,9.81000,46314358,0.003068,9.81000,9.82000,9.83000,0.003068
25785,2018-09-21,F,FORD MOTOR CO DEL,,,9.78000,9.94000,9.85000,74488637,0.004077,9.82000,9.83000,9.84000,0.004077
25785,2018-09-24,F,FORD MOTOR CO DEL,,,9.52000,9.85000,9.59000,43170827,-0.026396,9.58000,9.59000,9.78000,-0.026396
25785,2018-09-25,F,FORD MOTOR CO DEL,,,9.37000,9.56000,9.39000,44406116,-0.020855,9.39000,9.40000,9.53000,-0.020855
25785,2018-09-26,F,FORD MOTOR CO DEL,,,9.27000,9.41000,9.27000,58597487,-0.012780,9.27000,9.28000,9.38000,-0.012780
25785,2018-09-27,F,FORD MOTOR CO DEL,,,9.20000,9.33000,9.23000,57272192,-0.004315,9.22000,9.23000,9.30000,-0.004315
25785,2018-09-28,F,FORD MOTOR CO DEL,,,9.09000,9.28000,9.25000,30987233,0.002167,9.24000,9.25000,9.22000,0.002167
25785,2018-10-01,F,FORD MOTOR CO DEL,,,9.30000,9.44000,9.32000,44864717,0.007568,9.32000,9.33000,9.43000,0.007568
25785,2018-10-02,F,FORD MOTOR CO DEL,,,9.18000,9.34000,9.20000,41806359,-0.012876,9.20000,9.21000,9.27000,-0.012876
25785,2018-10-03,F,FORD MOTOR CO DEL,,,9.13000,9.31000,9.13000,47023058,-0.007609,9.13000,9.14000,9.27000,-0.007609
25785,2018-10-04,F,FORD MOTOR CO DEL,,,9.09000,9.22000,9.15000,38889619,0.002191,9.15000,9.16000,9.13000,0.002191
25785,2018-10-05,F,FORD MOTOR CO DEL,,,9.10000,9.22000,9.12000,36952234,-0.003279,9.12000,9.13000,9.15000,-0.003279
25785,2018-10-08,F,FORD MOTOR CO DEL,,,9.09000,9.28000,9.26000,43657683,0.015351,9.26000,9.27000,9.10000,0.015351
25785,2018-10-09,F,FORD MOTOR CO DEL,,,8.95000,9.31000,8.95000,58356912,-0.033477,8.95000,8.96000,9.23000,-0.033477
25785,2018-10-10,F,FORD MOTOR CO DEL,,,8.81000,8.98000,8.82000,54104073,-0.014525,8.82000,8.83000,8.95000,-0.014525
25785,2018-10-11,F,FORD MOTOR CO DEL,,,8.76000,8.99000,8.81000,66170847,-0.001134,8.81000,8.82000,8.82000,-0.001134
25785,2018-10-12,F,FORD MOTOR CO DEL,,,8.55000,8.95000,8.64000,59308503,-0.019296,8.64000,8.65000,8.95000,-0.019296
25785,2018-10-15,F,FORD MOTOR CO DEL,,,8.66000,8.85000,8.81000,40183227,0.019676,8.80000,8.81000,8.67000,0.019676
25785,2018-10-16,F,FORD MOTOR CO DEL,,,8.73000,8.89000,8.80000,36771962,-0.001135,8.79000,8.80000,8.87000,-0.001135
25785,2018-10-17,F,FORD MOTOR CO DEL,,,8.64000,8.86000,8.76000,48795137,-0.004545,8.75000,8.76000,8.80000,-0.004545
25785,2018-10-18,F,FORD MOTOR CO DEL,,,8.50000,8.76000,8.51000,59669220,-0.028539,8.50000,8.51000,8.74000,-0.028539
25785,2018-10-19,F,FORD MOTOR CO DEL,,,8.19000,8.52500,8.50000,59831126,-0.001175,8.50000,8.51000,8.32000,-0.001175
25785,2018-10-22,F,FORD MOTOR CO DEL,,,8.27000,8.45000,8.41000,39803505,0.007059,8.40000,8.41000,8.38000,-0.010588
25785,2018-10-23,F,FORD MOTOR CO DEL,,,8.23000,8.64000,8.59000,55443298,0.021403,8.59000,8.60000,8.30000,0.021403
25785,2018-10-24,F,FORD MOTOR CO DEL,,,8.17000,8.59500,8.18000,58895107,-0.047730,8.18000,8.19000,8.50000,-0.047730
25785,2018-10-25,F,FORD MOTOR CO DEL,,,8.46000,9.00000,8.99000,90399170,0.099022,8.99000,9.00000,8.52000,0.099022
25785,2018-10-26,F,FORD MOTOR CO DEL,,,8.86000,9.06000,8.98000,100639822,-0.001112,8.97000,8.98000,8.96000,-0.001112
25785,2018-10-29,F,FORD MOTOR CO DEL,,,9.17000,9.59000,9.28000,92275144,0.033408,9.28000,9.29000,9.36000,0.033408
25785,2018-10-30,F,FORD MOTOR CO DEL,,,9.27000,9.56000,9.46000,58061997,0.019397,9.46000,9.47000,9.31000,0.019397
25785,2018-10-31,F,FORD MOTOR CO DEL,,,9.43000,9.67000,9.55000,68507097,0.009514,9.54000,9.55000,9.62000,0.009514
25785,2018-11-01,F,FORD MOTOR CO DEL,,,9.26000,9.55000,9.29000,59794356,-0.027225,9.28000,9.29000,9.54000,-0.027225
25785,2018-11-02,F,FORD MOTOR CO DEL,,,9.26000,9.45000,9.38000,48499166,0.009688,9.38000,9.39000,9.36000,0.009688
25785,2018-11-05,F,FORD MOTOR CO DEL,,,9.35000,9.57000,9.53000,41274267,0.015991,9.52000,9.53000,9.38000,0.015991
25785,2018-11-06,F,FORD MOTOR CO DEL,,,9.41000,9.57000,9.54000,40928647,0.001049,9.53000,9.54000,9.46000,0.001049
25785,2018-11-07,F,FORD MOTOR CO DEL,,,9.45000,9.60000,9.60000,37347419,0.006289,9.59000,9.60000,9.60000,0.006289
25785,2018-11-08,F,FORD MOTOR CO DEL,,,9.44000,9.65000,9.46000,55810120,-0.014583,9.45000,9.46000,9.58000,-0.014583
25785,2018-11-09,F,FORD MOTOR CO DEL,,,9.27000,9.80000,9.38000,52203593,-0.008457,9.38000,9.39000,9.38000,-0.008457
25785,2018-11-12,F,FORD MOTOR CO DEL,,,9.37000,9.58000,9.49000,36317186,0.011727,9.48000,9.49000,9.38000,0.011727
25785,2018-11-13,F,FORD MOTOR CO DEL,,,9.47000,9.67000,9.54000,33097995,0.005269,9.54000,9.55000,9.53000,0.005269
25785,2018-11-14,F,FORD MOTOR CO DEL,,,9.43000,9.66580,9.54000,46677594,0.000000,9.55000,9.56000,9.63000,0.000000
25785,2018-11-15,F,FORD MOTOR CO DEL,,,9.12000,9.53000,9.31000,57170119,-0.024109,9.30000,9.31000,9.50000,-0.024109
25785,2018-11-16,F,FORD MOTOR CO DEL,,,8.98000,9.31000,9.05000,54582518,-0.027927,9.04000,9.05000,9.28000,-0.027927
25785,2018-11-19,F,FORD MOTOR CO DEL,,,8.96000,9.36000,9.25000,56292462,0.022099,9.24000,9.25000,9.02000,0.022099
25785,2018-11-20,F,FORD MOTOR CO DEL,,,9.01000,9.22000,9.06000,35160306,-0.020540,9.06000,9.07000,9.10000,-0.020540
25785,2018-11-21,F,FORD MOTOR CO DEL,,,8.98000,9.20000,9.11000,25882740,0.005519,9.10000,9.11000,9.05000,0.005519
25785,2018-11-23,F,FORD MOTOR CO DEL,,,9.03000,9.22000,9.13000,13520848,0.002195,9.13000,9.14000,9.07000,0.002195
25785,2018-11-26,F,FORD MOTOR CO DEL,,,9.17000,9.53000,9.40000,46304425,0.029573,9.40000,9.41000,9.23000,0.029573
25785,2018-11-27,F,FORD MOTOR CO DEL,,,9.25000,9.43000,9.28000,34283203,-0.012766,9.28000,9.29000,9.37000,-0.012766
25785,2018-11-28,F,FORD MOTOR CO DEL,,,9.17000,9.44000,9.41000,33199483,0.014009,9.41000,9.42000,9.27000,0.014009
25785,2018-11-29,F,FORD MOTOR CO DEL,,,9.26000,9.44000,9.37000,29207626,-0.004251,9.37000,9.38000,9.37000,-0.004251
25785,2018-11-30,F,FORD MOTOR CO DEL,,,9.36000,9.48000,9.41000,36269456,0.004269,9.41000,9.42000,9.37000,0.004269
25785,2018-12-03,F,FORD MOTOR CO DEL,,,9.60000,9.85000,9.60000,64643017,0.020191,9.60000,9.61000,9.71000,0.020191
25785,2018-12-04,F,FORD MOTOR CO DEL,,,9.18000,9.60000,9.18000,57930317,-0.043750,9.18000,9.19000,9.55000,-0.043750
25785,2018-12-06,F,FORD MOTOR CO DEL,,,8.92000,9.12000,9.02000,53963586,-0.017429,9.01000,9.02000,9.12000,-0.017429
25785,2018-12-07,F,FORD MOTOR CO DEL,,,8.80000,9.13000,8.82000,43534810,-0.022173,8.81000,8.82000,9.02000,-0.022173
25785,2018-12-10,F,FORD MOTOR CO DEL,,,8.38000,8.85000,8.52000,56499741,-0.034014,8.52000,8.53000,8.83000,-0.034014
25785,2018-12-11,F,FORD MOTOR CO DEL,,,8.50000,8.80000,8.54000,42294523,0.002347,8.54000,8.55000,8.72000,0.002347
25785,2018-12-12,F,FORD MOTOR CO DEL,,,8.59000,8.73000,8.64000,40602732,0.011710,8.63000,8.64000,8.64000,0.011710
25785,2018-12-13,F,FORD MOTOR CO DEL,,,8.45500,8.70000,8.50000,34200443,-0.016204,8.49000,8.50000,8.67000,-0.016204
25785,2018-12-14,F,FORD MOTOR CO DEL,,,8.46000,8.68000,8.52000,35613263,0.002353,8.52000,8.53000,8.52000,0.002353
25785,2018-12-17,F,FORD MOTOR CO DEL,,,8.41000,8.72000,8.50000,44469948,-0.002347,8.50000,8.51000,8.48000,-0.002347
25785,2018-12-18,F,FORD MOTOR CO DEL,,,8.41000,8.68000,8.47000,38262962,-0.003529,8.46000,8.47000,8.55000,-0.003529
25785,2018-12-19,F,FORD MOTOR CO DEL,,,8.27000,8.65000,8.32000,75272899,-0.017710,8.31000,8.32000,8.46000,-0.017710
25785,2018-12-20,F,FORD MOTOR CO DEL,,,8.18000,8.41700,8.26000,58926152,-0.007211,8.25000,8.26000,8.33000,-0.007211
25785,2018-12-21,F,FORD MOTOR CO DEL,,,8.04000,8.40000,8.05000,57542256,-0.025424,8.04000,8.05000,8.22000,-0.025424
25785,2018-12-24,F,FORD MOTOR CO DEL,,,7.61000,8.01000,7.63000,38709511,-0.052174,7.62000,7.63000,8.01000,-0.052174
25785,2018-12-26,F,FORD MOTOR CO DEL,,,7.41000,7.86000,7.85000,58809955,0.028834,7.84000,7.85000,7.73000,0.028834
25785,2018-12-27,F,FORD MOTOR CO DEL,,,7.53000,7.85000,7.85000,49812964,0.000000,7.84000,7.85000,7.82000,0.000000
25785,2018-12-28,F,FORD MOTOR CO DEL,,,7.76000,8.04000,7.81000,47331686,-0.005096,7.80000,7.81000,7.83000,-0.005096
25785,2018-12-31,F,FORD MOTOR CO DEL,,,7.50000,7.86000,7.65000,57816044,-0.020487,7.64000,7.65000,7.85000,-0.020487
25785,2019-01-02,F,FORD MOTOR CO DEL,,,7.48000,8.02000,7.90000,47494361,0.032680,7.90000,7.91000,7.53000,0.032680
25785,2019-01-03,F,FORD MOTOR CO DEL,,,7.78000,7.99000,7.78000,39172395,-0.015190,7.78000,7.79000,7.97000,-0.015190
25785,2019-01-04,F,FORD MOTOR CO DEL,,,7.85000,8.12000,8.08000,43039807,0.038560,8.07000,8.08000,7.91000,0.038560
25785,2019-01-07,F,FORD MOTOR CO DEL,,,8.02500,8.36500,8.29000,40729353,0.025990,8.28000,8.29000,8.11000,0.025990
25785,2019-01-08,F,FORD MOTOR CO DEL,,,8.35000,8.54000,8.37000,45643969,0.009650,8.36000,8.37000,8.42000,0.009650
25785,2019-01-09,F,FORD MOTOR CO DEL,,,8.36000,8.77000,8.72000,48404884,0.041816,8.71000,8.72000,8.45000,0.041816
25785,2019-01-10,F,FORD MOTOR CO DEL,,,8.45000,8.77000,8.67000,39490422,-0.005734,8.67000,8.68000,8.71000,-0.005734
25785,2019-01-11,F,FORD MOTOR CO DEL,,,8.70000,8.93000,8.82000,41559875,0.017301,8.81000,8.82000,8.77000,0.017301
25785,2019-01-14,F,FORD MOTOR CO DEL,,,8.76000,9.06000,8.99000,44833842,0.019274,8.98000,8.99000,8.80000,0.019274
25785,2019-01-15,F,FORD MOTOR CO DEL,,,8.75000,9.03000,8.84000,65311702,-0.016685,8.83000,8.84000,9.02000,-0.016685
25785,2019-01-16,F,FORD MOTOR CO DEL,,,8.26000,8.77000,8.29000,73869859,-0.062217,8.28000,8.29000,8.68000,-0.062217
25785,2019-01-17,F,FORD MOTOR CO DEL,,,8.21000,8.44000,8.36000,56722604,0.008444,8.35000,8.36000,8.27000,0.008444
25785,2019-01-18,F,FORD MOTOR CO DEL,,,8.33000,8.60000,8.58000,51127860,0.026316,8.58000,8.59000,8.39000,0.026316
25785,2019-01-22,F,FORD MOTOR CO DEL,,,8.46000,8.60500,8.50000,47182620,-0.009324,8.50000,8.51000,8.54000,-0.009324
25785,2019-01-23,F,FORD MOTOR CO DEL,,,8.28000,8.54000,8.34000,45196860,-0.018824,8.33000,8.34000,8.54000,-0.018824
25785,2019-01-24,F,FORD MOTOR CO DEL,,,8.22000,8.68000,8.60000,79516367,0.031175,8.60000,8.61000,8.32000,0.031175
25785,2019-01-25,F,FORD MOTOR CO DEL,,,8.73000,8.96000,8.86000,53130148,0.030232,8.85000,8.86000,8.74000,0.030232
25785,2019-01-28,F,FORD MOTOR CO DEL,,,8.58000,8.80000,8.66000,42116304,-0.022573,8.65000,8.66000,8.80000,-0.022573
25785,2019-01-29,F,FORD MOTOR CO DEL,,,8.62000,8.79000,8.76000,30485016,0.011547,8.76000,8.77000,8.71000,0.011547
25785,2019-01-30,F,FORD MOTOR CO DEL,,,8.52000,8.72000,8.71000,29906134,0.011416,8.70000,8.71000,8.66500,-0.005708
25785,2019-01-31,F,FORD MOTOR CO DEL,,,8.60000,8.82000,8.80000,39389094,0.010333,8.80000,8.81000,8.62000,0.010333
25785,2019-02-01,F,FORD MOTOR CO DEL,,,8.62000,8.81000,8.72000,34124005,-0.009091,8.71000,8.72000,8.77000,-0.009091
25785,2019-02-04,F,FORD MOTOR CO DEL,,,8.59000,8.70000,8.70000,28855569,-0.002294,8.69000,8.70000,8.70000,-0.002294
25785,2019-02-05,F,FORD MOTOR CO DEL,,,8.65000,8.76000,8.75000,26166848,0.005747,8.74000,8.75000,8.68000,0.005747
25785,2019-02-06,F,FORD MOTOR CO DEL,,,8.68000,8.90000,8.72000,32644299,-0.003429,8.71000,8.72000,8.79000,-0.003429
25785,2019-02-07,F,FORD MOTOR CO DEL,,,8.29000,8.62000,8.31000,55161837,-0.047018,8.30000,8.31000,8.62000,-0.047018
25785,2019-02-08,F,FORD MOTOR CO DEL,,,8.16000,8.41000,8.39000,38650090,0.009627,8.38000,8.39000,8.29000,0.009627
25785,2019-02-11,F,FORD MOTOR CO DEL,,,8.29000,8.44000,8.33000,27403546,-0.007151,8.32000,8.33000,8.41000,-0.007151
25785,2019-02-12,F,FORD MOTOR CO DEL,,,8.38000,8.47000,8.46000,26235089,0.015606,8.44000,8.45000,8.38000,0.015606
25785,2019-02-13,F,FORD MOTOR CO DEL,,,8.39000,8.66000,8.41000,27182886,-0.005910,8.41000,8.42000,8.45000,-0.005910
25785,2019-02-14,F,FORD MOTOR CO DEL,,,8.32000,8.47000,8.42000,23569872,0.001189,8.42000,8.43000,8.38000,0.001189
25785,2019-02-15,F,FORD MOTOR CO DEL,,,8.41000,8.56000,8.54000,58080330,0.014252,8.53000,8.54000,8.49000,0.014252
25785,2019-02-19,F,FORD MOTOR CO DEL,,,8.53000,8.84500,8.83000,37929175,0.033958,8.82000,8.83000,8.53000,0.033958
25785,2019-02-20,F,FORD MOTOR CO DEL,,,8.82000,8.98000,8.94000,55316868,0.012457,8.94000,8.95000,8.83000,0.012457
25785,2019-02-21,F,FORD MOTOR CO DEL,,,8.70000,8.95500,8.71000,44730351,-0.025727,8.71000,8.72000,8.94000,-0.025727
25785,2019-02-22,F,FORD MOTOR CO DEL,,,8.56000,8.75000,8.71000,40947503,0.000000,8.70000,8.71000,8.73000,0.000000
25785,2019-02-25,F,FORD MOTOR CO DEL,,,8.75000,8.85000,8.76000,56615428,0.005741,8.77000,8.78000,8.77000,0.005741
25785,2019-02-26,F,FORD MOTOR CO DEL,,,8.72000,8.94000,8.88000,38348838,0.013699,8.87000,8.88000,8.75000,0.013699
25785,2019-02-27,F,FORD MOTOR CO DEL,,,8.78000,8.91000,8.78000,34093320,-0.011261,8.78000,8.79000,8.83000,-0.011261
25785,2019-02-28,F,FORD MOTOR CO DEL,,,8.60000,8.79000,8.77000,43960541,-0.001139,8.76000,8.77000,8.77000,-0.001139
25785,2019-03-01,F,FORD MOTOR CO DEL,,,8.71000,8.89000,8.79000,37699506,0.002280,8.79000,8.80000,8.85000,0.002280
25785,2019-03-04,F,FORD MOTOR CO DEL,,,8.76000,8.97000,8.81000,46196859,0.002275,8.81000,8.82000,8.83000,0.002275
25785,2019-03-05,F,FORD MOTOR CO DEL,,,8.70000,8.81000,8.77000,40852648,-0.004540,8.77000,8.78000,8.80000,-0.004540
25785,2019-03-06,F,FORD MOTOR CO DEL,,,8.56000,8.78000,8.58000,50378587,-0.021665,8.58000,8.59000,8.75000,-0.021665
25785,2019-03-07,F,FORD MOTOR CO DEL,,,8.34500,8.57000,8.48000,54285995,-0.011655,8.48000,8.49000,8.56000,-0.011655
25785,2019-03-08,F,FORD MOTOR CO DEL,,,8.34000,8.47000,8.42000,43766799,-0.007075,8.42000,8.43000,8.40000,-0.007075
25785,2019-03-11,F,FORD MOTOR CO DEL,,,8.45000,8.63000,8.61000,36875290,0.022565,8.60000,8.61000,8.46000,0.022565
25785,2019-03-12,F,FORD MOTOR CO DEL,,,8.55000,8.70000,8.57000,37805025,-0.004646,8.57000,8.58000,8.65000,-0.004646
25785,2019-03-13,F,FORD MOTOR CO DEL,,,8.50000,8.65000,8.53000,49018694,-0.004667,8.52000,8.53000,8.59000,-0.004667
25785,2019-03-14,F,FORD MOTOR CO DEL,,,8.40000,8.55000,8.41000,36307868,-0.014068,8.41000,8.42000,8.52000,-0.014068
25785,2019-03-15,F,FORD MOTOR CO DEL,,,8.37000,8.47000,8.43000,66555519,0.002378,8.43000,8.44000,8.42000,0.002378
25785,2019-03-18,F,FORD MOTOR CO DEL,,,8.42000,8.57000,8.57000,37198328,0.016607,8.56000,8.57000,8.45000,0.016607
25785,2019-03-19,F,FORD MOTOR CO DEL,,,8.61000,8.87000,8.70000,57293608,0.015169,8.70000,8.71000,8.61000,0.015169
25785,2019-03-20,F,FORD MOTOR CO DEL,,,8.48000,8.67000,8.51000,54539726,-0.021839,8.51000,8.52000,8.67000,-0.021839
25785,2019-03-21,F,FORD MOTOR CO DEL,,,8.49000,8.69000,8.69000,46843085,0.021152,8.68000,8.69000,8.50000,0.021152
25785,2019-03-22,F,FORD MOTOR CO DEL,,,8.52000,8.67000,8.54000,41963991,-0.017261,8.54000,8.55000,8.63000,-0.017261
25785,2019-03-25,F,FORD MOTOR CO DEL,,,8.47000,8.65000,8.51000,45849484,-0.003513,8.51000,8.52000,8.56000,-0.003513
25785,2019-03-26,F,FORD MOTOR CO DEL,,,8.54000,8.76000,8.76000,47852114,0.029377,8.75000,8.76000,8.54000,0.029377
25785,2019-03-27,F,FORD MOTOR CO DEL,,,8.62000,8.86000,8.62000,39895763,-0.015982,8.62000,8.63000,8.75000,-0.015982
25785,2019-03-28,F,FORD MOTOR CO DEL,,,8.64000,8.83000,8.77000,38914696,0.017401,8.77000,8.78000,8.65000,0.017401
25785,2019-03-29,F,FORD MOTOR CO DEL,,,8.71000,8.89000,8.78000,33962755,0.001140,8.77000,8.78000,8.80000,0.001140
25785,2019-04-01,F,FORD MOTOR CO DEL,,,8.86000,9.00000,8.98000,45653096,0.022779,8.97000,8.98000,8.86000,0.022779
25785,2019-04-02,F,FORD MOTOR CO DEL,,,8.91000,9.03000,9.01000,30699413,0.003341,9.01000,9.02000,8.95000,0.003341
25785,2019-04-03,F,FORD MOTOR CO DEL,,,9.06000,9.27000,9.13000,56663558,0.013319,9.12000,9.13000,9.07000,0.013319
25785,2019-04-04,F,FORD MOTOR CO DEL,,,9.18000,9.30000,9.24000,39483120,0.012048,9.23000,9.24000,9.21000,0.012048
25785,2019-04-05,F,FORD MOTOR CO DEL,,,9.08000,9.27000,9.25000,37854698,0.001082,9.24000,9.25000,9.17000,0.001082
25785,2019-04-08,F,FORD MOTOR CO DEL,,,9.17000,9.32000,9.30000,26221135,0.005405,9.29000,9.30000,9.18000,0.005405
25785,2019-04-09,F,FORD MOTOR CO DEL,,,9.17000,9.36000,9.21000,29879089,-0.009677,9.21000,9.22000,9.27000,-0.009677
25785,2019-04-10,F,FORD MOTOR CO DEL,,,9.20000,9.35000,9.33000,28469482,0.013029,9.33000,9.34000,9.23000,0.013029
25785,2019-04-11,F,FORD MOTOR CO DEL,,,9.33000,9.41000,9.39000,26488106,0.006431,9.39000,9.40000,9.35000,0.006431
25785,2019-04-12,F,FORD MOTOR CO DEL,,,9.44000,9.60000,9.45000,38646020,0.006390,9.45000,9.46000,9.47000,0.006390
25785,2019-04-15,F,FORD MOTOR CO DEL,,,9.26000,9.50000,9.33000,41206747,-0.012698,9.32000,9.33000,9.48000,-0.012698
25785,2019-04-16,F,FORD MOTOR CO DEL,,,9.24000,9.40000,9.36000,40949992,0.003215,9.36000,9.37000,9.32000,0.003215
25785,2019-04-17,F,FORD MOTOR CO DEL,,,9.39000,9.58000,9.50000,30688316,0.014957,9.50000,9.51000,9.40000,0.014957
25785,2019-04-18,F,FORD MOTOR CO DEL,,,9.48000,9.62000,9.55000,29843042,0.005263,9.55000,9.56000,9.52000,0.005263
25785,2019-04-22,F,FORD MOTOR CO DEL,,,9.46000,9.58000,9.50000,38718506,-0.005236,9.48000,9.49000,9.58000,-0.005236
25785,2019-04-23,F,FORD MOTOR CO DEL,,,9.30000,9.51000,9.50000,39493689,0.015789,9.49000,9.50000,9.36000,0.000000
25785,2019-04-24,F,FORD MOTOR CO DEL,,,9.40000,9.61000,9.57000,39796303,0.007368,9.57000,9.58000,9.45000,0.007368
25785,2019-04-25,F,FORD MOTOR CO DEL,,,9.34000,9.53000,9.40000,52596747,-0.017764,9.40000,9.41000,9.52000,-0.017764
25785,2019-04-26,F,FORD MOTOR CO DEL,,,9.95000,10.45000,10.41000,156136698,0.107447,10.40000,10.41000,10.03000,0.107447
25785,2019-04-29,F,FORD MOTOR CO DEL,,,10.07000,10.39000,10.32000,62500522,-0.008646,10.31000,10.32000,10.36000,-0.008646
25785,2019-04-30,F,FORD MOTOR CO DEL,,,10.27000,10.50000,10.45000,46079308,0.012597,10.44000,10.45000,10.29000,0.012597
25785,2019-05-01,F,FORD MOTOR CO DEL,,,10.29000,10.50000,10.30000,41805504,-0.014354,10.29000,10.30000,10.48000,-0.014354
25785,2019-05-02,F,FORD MOTOR CO DEL,,,10.20000,10.35000,10.34000,34508446,0.003883,10.33000,10.34000,10.30000,0.003883
25785,2019-05-03,F,FORD MOTOR CO DEL,,,10.30000,10.45000,10.41000,36291243,0.006770,10.40000,10.41000,10.37000,0.006770
25785,2019-05-06,F,FORD MOTOR CO DEL,,,10.12000,10.42000,10.37000,28640578,-0.003842,10.37000,10.38000,10.12000,-0.003842
25785,2019-05-07,F,FORD MOTOR CO DEL,,,10.30000,10.41000,10.38000,41154485,0.000964,10.38000,10.39000,10.33000,0.000964
25785,2019-05-08,F,FORD MOTOR CO DEL,,,10.31000,10.45000,10.34000,33472200,-0.003854,10.33000,10.34000,10.38000,-0.003854
25785,2019-05-09,F,FORD MOTOR CO DEL,,,10.07000,10.30000,10.20000,43621299,-0.013540,10.20000,10.21000,10.26000,-0.013540
25785,2019-05-10,F,FORD MOTOR CO DEL,,,10.20000,10.41000,10.38000,37629526,0.017647,10.38000,10.39000,10.32000,0.017647
25785,2019-05-13,F,FORD MOTOR CO DEL,,,10.04000,10.26000,10.08000,51102054,-0.028902,10.08000,10.09000,10.17000,-0.028902
25785,2019-05-14,F,FORD MOTOR CO DEL,,,10.13000,10.29000,10.24000,31297221,0.015873,10.23000,10.24000,10.15000,0.015873
25785,2019-05-15,F,FORD MOTOR CO DEL,,,10.04000,10.40000,10.36000,44050200,0.011719,10.36000,10.37000,10.21000,0.011719
25785,2019-05-16,F,FORD MOTOR CO DEL,,,10.30000,10.44000,10.40000,32696980,0.003861,10.39000,10.40000,10.30000,0.003861
25785,2019-05-17,F,FORD MOTOR CO DEL,,,10.24000,10.44000,10.29000,34565393,-0.010577,10.29000,10.30000,10.32000,-0.010577
25785,2019-05-20,F,FORD MOTOR CO DEL,,,10.20000,10.30000,10.28000,29535935,-0.000972,10.27000,10.28000,10.30000,-0.000972
25785,2019-05-21,F,FORD MOTOR CO DEL,,,10.15000,10.31000,10.24000,30099324,-0.003891,10.23000,10.24000,10.31000,-0.003891
25785,2019-05-22,F,FORD MOTOR CO DEL,,,9.93000,10.21000,9.97000,51407182,-0.026367,9.96000,9.97000,10.17000,-0.026367
25785,2019-05-23,F,FORD MOTOR CO DEL,,,9.67000,9.85000,9.85000,43153773,-0.012036,9.84000,9.85000,9.85000,-0.012036
25785,2019-05-24,F,FORD MOTOR CO DEL,,,9.80000,9.95000,9.83000,22131457,-0.002031,9.83000,9.84000,9.92000,-0.002031
25785,2019-05-28,F,FORD MOTOR CO DEL,,,9.77000,9.90000,9.78000,27656181,-0.005086,9.78000,9.79000,9.87000,-0.005086
25785,2019-05-29,F,FORD MOTOR CO DEL,,,9.55000,9.75000,9.71000,32262552,-0.007157,9.71000,9.72000,9.69000,-0.007157
25785,2019-05-30,F,FORD MOTOR CO DEL,,,9.68000,9.84000,9.74000,24759571,0.003090,9.73000,9.74000,9.74000,0.003090
25785,2019-05-31,F,FORD MOTOR CO DEL,,,9.32500,9.54000,9.52000,48250384,-0.022587,9.51000,9.52000,9.48000,-0.022587
25785,2019-06-03,F,FORD MOTOR CO DEL,,,9.46000,9.65000,9.61000,39446800,0.009454,9.60000,9.61000,9.62000,0.009454
25785,2019-06-04,F,FORD MOTOR CO DEL,,,9.72000,9.95000,9.92000,37324130,0.032258,9.92000,9.93000,9.73000,0.032258
25785,2019-06-05,F,FORD MOTOR CO DEL,,,9.65000,9.92000,9.78000,42464814,-0.014113,9.77000,9.78000,9.87000,-0.014113
25785,2019-06-06,F,FORD MOTOR CO DEL,,,9.66000,9.82000,9.75000,28291063,-0.003067,9.75000,9.76000,9.72000,-0.003067
25785,2019-06-07,F,FORD MOTOR CO DEL,,,9.70000,9.82000,9.76000,18848704,0.001026,9.75000,9.76000,9.76000,0.001026
25785,2019-06-10,F,FORD MOTOR CO DEL,,,9.76000,10.03000,9.82000,33883401,0.006147,9.81000,9.82000,9.89000,0.006147
25785,2019-06-11,F,FORD MOTOR CO DEL,,,9.79000,9.98000,9.92000,26434185,0.010183,9.92000,9.93000,9.87000,0.010183
25785,2019-06-12,F,FORD MOTOR CO DEL,,,9.84000,9.93000,9.85000,21746723,-0.007056,9.85000,9.86000,9.90000,-0.007056
25785,2019-06-13,F,FORD MOTOR CO DEL,,,9.80000,10.06000,10.06000,25555852,0.021320,10.05000,10.06000,9.87000,0.021320
25785,2019-06-14,F,FORD MOTOR CO DEL,,,9.94000,10.04000,9.98000,21553248,-0.007952,9.98000,9.99000,10.01000,-0.007952
25785,2019-06-17,F,FORD MOTOR CO DEL,,,9.94000,10.09000,10.05000,19383830,0.007014,10.04000,10.05000,9.99000,0.007014
25785,2019-06-18,F,FORD MOTOR CO DEL,,,10.04760,10.20000,10.10000,32591675,0.004975,10.10000,10.11000,10.08000,0.004975
25785,2019-06-19,F,FORD MOTOR CO DEL,,,10.03000,10.18000,10.04000,29051257,-0.005941,10.04000,10.05000,10.15000,-0.005941
25785,2019-06-20,F,FORD MOTOR CO DEL,,,9.95000,10.15000,10.04000,32086473,0.000000,10.03000,10.04000,10.13000,0.000000
25785,2019-06-21,F,FORD MOTOR CO DEL,,,9.91000,10.05000,9.99000,47904041,-0.004980,9.98000,9.99000,10.03000,-0.004980
25785,2019-06-24,F,FORD MOTOR CO DEL,,,9.93000,10.02000,9.95000,28091230,-0.004004,9.94000,9.95000,9.95000,-0.004004
25785,2019-06-25,F,FORD MOTOR CO DEL,,,9.83000,9.99000,9.84000,28682019,-0.011055,9.84000,9.85000,9.97000,-0.011055
25785,2019-06-26,F,FORD MOTOR CO DEL,,,9.82000,9.95900,9.91000,33739050,0.007114,9.90000,9.91000,9.87000,0.007114
25785,2019-06-27,F,FORD MOTOR CO DEL,,,10.00000,10.24000,10.20000,42954594,0.029263,10.20000,10.21000,10.04000,0.029263
25785,2019-06-28,F,FORD MOTOR CO DEL,,,10.20000,10.31000,10.23000,37555290,0.002941,10.22000,10.23000,10.20000,0.002941
25785,2019-07-01,F,FORD MOTOR CO DEL,,,10.07000,10.43000,10.15000,38537013,-0.007820,10.14000,10.15000,10.34000,-0.007820
25785,2019-07-02,F,FORD MOTOR CO DEL,,,10.04000,10.21000,10.12000,29715482,-0.002956,10.12000,10.13000,10.15000,-0.002956
25785,2019-07-03,F,FORD MOTOR CO DEL,,,10.13000,10.30000,10.20000,19326620,0.007905,10.20000,10.21000,10.18000,0.007905
25785,2019-07-05,F,FORD MOTOR CO DEL,,,10.09000,10.27000,10.20000,21397917,0.000000,10.20000,10.21000,10.18000,0.000000
25785,2019-07-08,F,FORD MOTOR CO DEL,,,10.18000,10.26000,10.20000,23244145,0.000000,10.20000,10.21000,10.20000,0.000000
25785,2019-07-09,F,FORD MOTOR CO DEL,,,10.10000,10.19000,10.14000,25140615,-0.005882,10.14000,10.15000,10.17000,-0.005882
25785,2019-07-10,F,FORD MOTOR CO DEL,,,10.11000,10.26000,10.11000,29082154,-0.002959,10.11000,10.12000,10.19000,-0.002959
25785,2019-07-11,F,FORD MOTOR CO DEL,,,10.11000,10.20000,10.19000,27667547,0.007913,10.18000,10.19000,10.15000,0.007913
25785,2019-07-12,F,FORD MOTOR CO DEL,,,10.24000,10.50000,10.49000,40761563,0.029441,10.48000,10.49000,10.24000,0.029441
25785,2019-07-15,F,FORD MOTOR CO DEL,,,10.34000,10.56000,10.42000,33753508,-0.006673,10.41000,10.42000,10.49000,-0.006673
25785,2019-07-16,F,FORD MOTOR CO DEL,,,10.28500,10.51000,10.51000,29530493,0.008637,10.50000,10.51000,10.37000,0.008637
25785,2019-07-17,F,FORD MOTOR CO DEL,,,10.31000,10.50000,10.33000,25204389,-0.017127,10.33000,10.34000,10.48000,-0.017127
25785,2019-07-18,F,FORD MOTOR CO DEL,,,10.18000,10.31000,10.26000,25828860,-0.006776,10.26000,10.27000,10.30000,-0.006776
25785,2019-07-19,F,FORD MOTOR CO DEL,,,10.20000,10.32000,10.20000,38505641,-0.005848,10.20000,10.21000,10.30000,-0.005848
25785,2019-07-22,F,FORD MOTOR CO DEL,,,10.00000,10.17000,10.02000,36238647,-0.002941,10.01000,10.02000,10.13000,-0.017647
25785,2019-07-23,F,FORD MOTOR CO DEL,,,10.06000,10.22000,10.17000,74624841,0.014970,10.17000,10.18000,10.13000,0.014970
25785,2019-07-24,F,FORD MOTOR CO DEL,,,10.14000,10.35000,10.33000,61107450,0.015733,10.34000,10.35000,10.18000,0.015733
25785,2019-07-25,F,FORD MOTOR CO DEL,,,9.40000,9.78000,9.56000,133898570,-0.074540,9.55000,9.56000,9.75000,-0.074540
25785,2019-07-26,F,FORD MOTOR CO DEL,,,9.51000,9.65000,9.57000,47710167,0.001046,9.56000,9.57000,9.58000,0.001046
25785,2019-07-29,F,FORD MOTOR CO DEL,,,9.52000,9.68000,9.60000,36487758,0.003135,9.59000,9.60000,9.60000,0.003135
25785,2019-07-30,F,FORD MOTOR CO DEL,,,9.48000,9.58000,9.55000,36944663,-0.005208,9.54000,9.55000,9.56000,-0.005208
25785,2019-07-31,F,FORD MOTOR CO DEL,,,9.40000,9.58000,9.53000,56715513,-0.002094,9.50000,9.51000,9.57000,-0.002094
25785,2019-08-01,F,FORD MOTOR CO DEL,,,9.28000,9.59000,9.31000,58060754,-0.023085,9.31000,9.32000,9.53000,-0.023085
25785,2019-08-02,F,FORD MOTOR CO DEL,,,9.21000,9.34000,9.28000,41495163,-0.003222,9.27000,9.28000,9.26000,-0.003222
25785,2019-08-05,F,FORD MOTOR CO DEL,,,9.06000,9.27000,9.23000,47963445,-0.005388,9.23000,9.24000,9.18000,-0.005388
25785,2019-08-06,F,FORD MOTOR CO DEL,,,9.36000,9.51000,9.48000,51856101,0.027086,9.48000,9.49000,9.42000,0.027086
25785,2019-08-07,F,FORD MOTOR CO DEL,,,9.32010,9.56000,9.53000,43042366,0.005274,9.53000,9.54000,9.43000,0.005274
25785,2019-08-08,F,FORD MOTOR CO DEL,,,9.50500,9.62000,9.56000,25468954,0.003148,9.56000,9.57000,9.56000,0.003148
25785,2019-08-09,F,FORD MOTOR CO DEL,,,9.39000,9.58000,9.45000,38739667,-0.011506,9.45000,9.46000,9.54000,-0.011506
25785,2019-08-12,F,FORD MOTOR CO DEL,,,9.28000,9.43000,9.29000,23050381,-0.016931,9.30000,9.29000,9.39000,-0.016931
25785,2019-08-13,F,FORD MOTOR CO DEL,,,9.18000,9.42000,9.26000,28314963,-0.003229,9.26000,9.27000,9.29000,-0.003229
25785,2019-08-14,F,FORD MOTOR CO DEL,,,8.96000,9.15000,9.00000,45967364,-0.028078,9.00000,9.01000,9.13000,-0.028078
25785,2019-08-15,F,FORD MOTOR CO DEL,,,8.78000,9.06000,8.86000,40682769,-0.015556,8.86000,8.87000,9.06000,-0.015556
25785,2019-08-16,F,FORD MOTOR CO DEL,,,8.81000,9.00000,8.96000,27369852,0.011287,8.96000,8.97000,8.92000,0.011287
25785,2019-08-19,F,FORD MOTOR CO DEL,,,9.02000,9.10000,9.03000,21844004,0.007812,9.03000,9.04000,9.05000,0.007812
25785,2019-08-20,F,FORD MOTOR CO DEL,,,8.93000,9.07000,8.96000,25119456,-0.007752,8.95000,8.96000,9.00000,-0.007752
25785,2019-08-21,F,FORD MOTOR CO DEL,,,8.97000,9.05000,9.04000,20443922,0.008929,9.03000,9.04000,9.02000,0.008929
25785,2019-08-22,F,FORD MOTOR CO DEL,,,9.02000,9.14000,9.04000,20977683,0.000000,9.03000,9.04000,9.05000,0.000000
25785,2019-08-23,F,FORD MOTOR CO DEL,,,8.73000,8.99000,8.77000,44987686,-0.029867,8.76000,8.77000,8.90000,-0.029867
25785,2019-08-26,F,FORD MOTOR CO DEL,,,8.79000,8.90700,8.82000,31890304,0.005701,8.82000,8.83000,8.88000,0.005701
25785,2019-08-27,F,FORD MOTOR CO DEL,,,8.75000,8.91000,8.76000,23032302,-0.006803,8.76000,8.77000,8.89000,-0.006803
25785,2019-08-28,F,FORD MOTOR CO DEL,,,8.70000,9.04000,9.00000,35147625,0.027397,8.99000,9.00000,8.72000,0.027397
25785,2019-08-29,F,FORD MOTOR CO DEL,,,9.03000,9.14000,9.12000,22016749,0.013333,9.11000,9.12000,9.10000,0.013333
25785,2019-08-30,F,FORD MOTOR CO DEL,,,9.10000,9.23000,9.17000,32060743,0.005482,9.16000,9.17000,9.16000,0.005482
25785,2019-09-03,F,FORD MOTOR CO DEL,,,9.04000,9.20000,9.10000,26331720,-0.007634,9.09000,9.10000,9.18000,-0.007634
25785,2019-09-04,F,FORD MOTOR CO DEL,,,9.07000,9.23000,9.20000,27410227,0.010989,9.19000,9.20000,9.17000,0.010989
25785,2019-09-05,F,FORD MOTOR CO DEL,,,9.25000,9.40000,9.34000,36640467,0.015217,9.34000,9.35000,9.25000,0.015217
25785,2019-09-06,F,FORD MOTOR CO DEL,,,9.20000,9.41000,9.34000,29210272,0.000000,9.33000,9.34000,9.37000,0.000000
25785,2019-09-09,F,FORD MOTOR CO DEL,,,9.39000,9.65000,9.54000,48059365,0.021413,9.54000,9.55000,9.39000,0.021413
25785,2019-09-10,F,FORD MOTOR CO DEL,,,9.04000,9.42000,9.42000,70567287,-0.012579,9.41000,9.42000,9.08000,-0.012579
25785,2019-09-11,F,FORD MOTOR CO DEL,,,9.29000,9.43000,9.42000,34190270,0.000000,9.41000,9.42000,9.29000,0.000000
25785,2019-09-12,F,FORD MOTOR CO DEL,,,9.32000,9.48000,9.41000,35687710,-0.001062,9.41000,9.42000,9.36000,-0.001062
25785,2019-09-13,F,FORD MOTOR CO DEL,,,9.44000,9.59000,9.45000,27161260,0.004251,9.45000,9.46000,9.47000,0.004251
25785,2019-09-16,F,FORD MOTOR CO DEL,,,9.24000,9.45000,9.30000,50052608,-0.015873,9.29000,9.30000,9.36000,-0.015873
25785,2019-09-17,F,FORD MOTOR CO DEL,,,9.18000,9.31000,9.28000,27510984,-0.002151,9.28000,9.29000,9.27000,-0.002151
25785,2019-09-18,F,FORD MOTOR CO DEL,,,9.22000,9.36000,9.25000,24473869,-0.003233,9.25000,9.26000,9.26000,-0.003233
25785,2019-09-19,F,FORD MOTOR CO DEL,,,9.10000,9.32990,9.10000,29133987,-0.016216,9.10000,9.11000,9.31000,-0.016216
25785,2019-09-20,F,FORD MOTOR CO DEL,,,9.11000,9.30000,9.17000,38117099,0.007692,9.16000,9.17000,9.13000,0.007692
25785,2019-09-23,F,FORD MOTOR CO DEL,,,9.08000,9.23000,9.16000,23591820,-0.001091,9.16000,9.17000,9.13000,-0.001091
25785,2019-09-24,F,FORD MOTOR CO DEL,,,9.05000,9.22500,9.11000,33167702,-0.005459,9.11000,9.12000,9.19000,-0.005459
25785,2019-09-25,F,FORD MOTOR CO DEL,,,9.09000,9.23000,9.20000,20555603,0.009879,9.19000,9.20000,9.10000,0.009879
25785,2019-09-26,F,FORD MOTOR CO DEL,,,9.07000,9.23000,9.14000,26593308,-0.006522,9.13000,9.14000,9.23000,-0.006522
25785,2019-09-27,F,FORD MOTOR CO DEL,,,9.06000,9.60000,9.08000,32462237,-0.006565,9.07000,9.08000,9.14000,-0.006565
25785,2019-09-30,F,FORD MOTOR CO DEL,,,9.10000,9.21000,9.16000,22493308,0.008811,9.16000,9.17000,9.11000,0.008811
25785,2019-10-01,F,FORD MOTOR CO DEL,,,8.87000,9.24000,8.90000,39690749,-0.028384,8.90000,8.91000,9.19000,-0.028384
25785,2019-10-02,F,FORD MOTOR CO DEL,,,8.44000,8.86000,8.61000,68290414,-0.032584,8.61000,8.62000,8.85000,-0.032584
25785,2019-10-03,F,FORD MOTOR CO DEL,,,8.45000,8.71000,8.71000,41250596,0.011614,8.70000,8.71000,8.55000,0.011614
25785,2019-10-04,F,FORD MOTOR CO DEL,,,8.66000,8.76000,8.74000,28096692,0.003444,8.73000,8.74000,8.72000,0.003444
25785,2019-10-07,F,FORD MOTOR CO DEL,,,8.61000,8.79000,8.68000,29494228,-0.006865,8.67000,8.68000,8.70000,-0.006865
25785,2019-10-08,F,FORD MOTOR CO DEL,,,8.50000,8.66000,8.54000,31598385,-0.016129,8.54000,8.55000,8.65000,-0.016129
25785,2019-10-09,F,FORD MOTOR CO DEL,,,8.56000,8.64000,8.56000,16979210,0.002342,8.56000,8.57000,8.61000,0.002342
25785,2019-10-10,F,FORD MOTOR CO DEL,,,8.52000,8.65000,8.62000,28223352,0.007009,8.62000,8.63000,8.58000,0.007009
25785,2019-10-11,F,FORD MOTOR CO DEL,,,8.73000,8.87000,8.78000,34210303,0.018561,8.77000,8.78000,8.73000,0.018561
25785,2019-10-14,F,FORD MOTOR CO DEL,,,8.75500,8.84000,8.82000,25444792,0.004556,8.81000,8.82000,8.82000,0.004556
25785,2019-10-15,F,FORD MOTOR CO DEL,,,8.78000,9.09990,9.07000,31040706,0.028345,9.07000,9.08000,8.84000,0.028345
25785,2019-10-16,F,FORD MOTOR CO DEL,,,9.06000,9.19000,9.07000,27386353,0.000000,9.06000,9.07000,9.11000,0.000000
25785,2019-10-17,F,FORD MOTOR CO DEL,,,9.03000,9.14000,9.11000,28652392,0.004410,9.10000,9.11000,9.12000,0.004410
25785,2019-10-18,F,FORD MOTOR CO DEL,,,9.09000,9.32000,9.29000,42432622,0.019759,9.29000,9.30000,9.09000,0.019759
25785,2019-10-21,F,FORD MOTOR CO DEL,,,9.01000,9.24500,9.03000,33812870,-0.011841,9.02000,9.03000,9.19000,-0.027987
25785,2019-10-22,F,FORD MOTOR CO DEL,,,8.96000,9.14000,9.07000,35997409,0.004430,9.06000,9.07000,9.01000,0.004430
25785,2019-10-23,F,FORD MOTOR CO DEL,,,8.97000,9.21000,9.21000,46677592,0.015436,9.20000,9.21000,9.01000,0.015436
25785,2019-10-24,F,FORD MOTOR CO DEL,,,8.55000,8.89000,8.60000,121123977,-0.066232,8.59000,8.60000,8.87000,-0.066232
25785,2019-10-25,F,FORD MOTOR CO DEL,,,8.62000,8.75000,8.72000,51373623,0.013953,8.71000,8.72000,8.67000,0.013953
25785,2019-10-28,F,FORD MOTOR CO DEL,,,8.58000,8.76000,8.61000,39635287,-0.012615,8.60000,8.61000,8.76000,-0.012615
25785,2019-10-29,F,FORD MOTOR CO DEL,,,8.59000,8.71000,8.64000,36771757,0.003484,8.63000,8.64000,8.59000,0.003484
25785,2019-10-30,F,FORD MOTOR CO DEL,,,8.52000,8.64000,8.54000,28685314,-0.011574,8.53000,8.54000,8.64000,-0.011574
25785,2019-10-31,F,FORD MOTOR CO DEL,,,8.50000,8.60000,8.59000,29124080,0.005855,8.59000,8.60000,8.58000,0.005855
25785,2019-11-01,F,FORD MOTOR CO DEL,,,8.64000,8.93000,8.89000,55354930,0.034924,8.88000,8.89000,8.64000,0.034924
25785,2019-11-04,F,FORD MOTOR CO DEL,,,8.93000,9.05000,9.00000,46716530,0.012373,9.00000,9.01000,8.93000,0.012373
25785,2019-11-05,F,FORD MOTOR CO DEL,,,9.00000,9.15000,9.02000,37569674,0.002222,9.01000,9.02000,9.02000,0.002222
25785,2019-11-06,F,FORD MOTOR CO DEL,,,8.89000,9.05000,8.92000,39497700,-0.011087,8.91000,8.92000,9.05000,-0.011087
25785,2019-11-07,F,FORD MOTOR CO DEL,,,8.88000,9.01000,8.89000,32640397,-0.003363,8.89000,8.90000,8.96000,-0.003363
25785,2019-11-08,F,FORD MOTOR CO DEL,,,8.82000,9.04000,9.04000,29489854,0.016873,9.03000,9.04000,8.90000,0.016873
25785,2019-11-11,F,FORD MOTOR CO DEL,,,8.94000,9.10000,9.08000,24852635,0.004425,9.07000,9.08000,8.95000,0.004425
25785,2019-11-12,F,FORD MOTOR CO DEL,,,9.04000,9.13000,9.04000,28710942,-0.004405,9.04000,9.05000,9.06000,-0.004405
25785,2019-11-13,F,FORD MOTOR CO DEL,,,8.80000,9.00000,8.81000,34820794,-0.025442,8.81000,8.82000,9.00000,-0.025442
25785,2019-11-14,F,FORD MOTOR CO DEL,,,8.78000,8.90590,8.79000,26542134,-0.002270,8.79000,8.80000,8.85000,-0.002270
25785,2019-11-15,F,FORD MOTOR CO DEL,,,8.85000,8.96000,8.95000,26430897,0.018202,8.95000,8.96000,8.85000,0.018202
25785,2019-11-18,F,FORD MOTOR CO DEL,,,8.89000,9.05000,8.95000,38296388,0.000000,8.94000,8.95000,9.05000,0.000000
25785,2019-11-19,F,FORD MOTOR CO DEL,,,8.87000,9.00000,8.90000,31192765,-0.005587,8.90000,8.91000,8.99000,-0.005587
25785,2019-11-20,F,FORD MOTOR CO DEL,,,8.68000,8.89000,8.73000,38291750,-0.019101,8.72000,8.73000,8.88000,-0.019101
25785,2019-11-21,F,FORD MOTOR CO DEL,,,8.67000,8.79000,8.71000,33161371,-0.002291,8.71000,8.72000,8.77000,-0.002291
25785,2019-11-22,F,FORD MOTOR CO DEL,,,8.77000,8.90000,8.89000,34966746,0.020666,8.88000,8.89000,8.80000,0.020666
25785,2019-11-25,F,FORD MOTOR CO DEL,,,8.87000,9.01000,9.00000,30617388,0.012373,9.00000,9.01000,8.90000,0.012373
25785,2019-11-26,F,FORD MOTOR CO DEL,,,8.91000,9.02000,9.01000,30106841,0.001111,9.00000,9.01000,8.98000,0.001111
25785,2019-11-27,F,FORD MOTOR CO DEL,,,9.02000,9.15000,9.10000,37424079,0.009989,9.09000,9.10000,9.03000,0.009989
25785,2019-11-29,F,FORD MOTOR CO DEL,,,9.03000,9.10000,9.06000,13096150,-0.004396,9.06000,9.07000,9.04000,-0.004396
25785,2019-12-02,F,FORD MOTOR CO DEL,,,9.00000,9.14000,9.01000,37270512,-0.005519,9.01000,9.02000,9.08000,-0.005519
25785,2019-12-03,F,FORD MOTOR CO DEL,,,8.80000,8.95000,8.89000,41121654,-0.013319,8.89000,8.90000,8.95000,-0.013319
25785,2019-12-04,F,FORD MOTOR CO DEL,,,8.94000,9.03000,8.95000,29994673,0.006749,8.94000,8.95000,8.95000,0.006749
25785,2019-12-05,F,FORD MOTOR CO DEL,,,8.88000,9.00000,8.93000,25770717,-0.002235,8.92000,8.93000,8.97000,-0.002235
25785,2019-12-06,F,FORD MOTOR CO DEL,,,8.94500,9.07000,9.02000,31111724,0.010078,9.01000,9.02000,8.96000,0.010078
25785,2019-12-09,F,FORD MOTOR CO DEL,,,8.96000,9.07000,9.01000,21898172,-0.001109,9.00000,9.01000,8.97000,-0.001109
25785,2019-12-10,F,FORD MOTOR CO DEL,,,8.96000,9.10000,9.07000,34233141,0.006659,9.06000,9.07000,9.02000,0.006659
25785,2019-12-11,F,FORD MOTOR CO DEL,,,9.05500,9.14000,9.11000,33205336,0.004410,9.11000,9.12000,9.06000,0.004410
25785,2019-12-12,F,FORD MOTOR CO DEL,,,9.10500,9.36000,9.32000,48398724,0.023052,9.32000,9.33000,9.11000,0.023052
25785,2019-12-13,F,FORD MOTOR CO DEL,,,9.19000,9.39000,9.23000,35334491,-0.009657,9.23000,9.24000,9.32000,-0.009657
25785,2019-12-16,F,FORD MOTOR CO DEL,,,9.22000,9.39000,9.39000,42339949,0.017335,9.38000,9.39000,9.24000,0.017335
25785,2019-12-17,F,FORD MOTOR CO DEL,,,9.31000,9.41000,9.39000,35516663,0.000000,9.38000,9.39000,9.38000,0.000000
25785,2019-12-18,F,FORD MOTOR CO DEL,,,9.36000,9.57500,9.54000,45929401,0.015974,9.55000,9.56000,9.39000,0.015974
25785,2019-12-19,F,FORD MOTOR CO DEL,,,9.38000,9.57000,9.41000,42237371,-0.013627,9.40000,9.41000,9.55000,-0.013627
25785,2019-12-20,F,FORD MOTOR CO DEL,,,9.44000,9.54000,9.48000,50199268,0.007439,9.47000,9.48000,9.50000,0.007439
25785,2019-12-23,F,FORD MOTOR CO DEL,,,9.40000,9.57000,9.44000,54795992,-0.004219,9.43000,9.44000,9.50000,-0.004219
25785,2019-12-24,F,FORD MOTOR CO DEL,,,9.43000,9.49000,9.47000,11881604,0.003178,9.47000,9.48000,9.44000,0.003178
25785,2019-12-26,F,FORD MOTOR CO DEL,,,9.43000,9.49000,9.45000,28982311,-0.002112,9.44000,9.45000,9.47000,-0.002112
25785,2019-12-27,F,FORD MOTOR CO DEL,,,9.34500,9.46000,9.36000,28273603,-0.009524,9.36000,9.37000,9.45000,-0.009524
25785,2019-12-30,F,FORD MOTOR CO DEL,,,9.23000,9.35000,9.25000,36085418,-0.011752,9.25000,9.26000,9.34000,-0.011752
25785,2019-12-31,F,FORD MOTOR CO DEL,,,9.24000,9.33000,9.30000,32345377,0.005405,9.28000,9.29000,9.25000,0.005405
25785,2020-01-02,F,FORD MOTOR CO DEL,,,9.19000,9.42000,9.42000,43432239,0.012903,9.41000,9.42000,9.29000,0.012903
25785,2020-01-03,F,FORD MOTOR CO DEL,,,9.15000,9.37000,9.21000,45059915,-0.022293,9.20000,9.21000,9.31000,-0.022293
25785,2020-01-06,F,FORD MOTOR CO DEL,,,9.06000,9.17000,9.16000,43380677,-0.005429,9.15000,9.16000,9.10000,-0.005429
25785,2020-01-07,F,FORD MOTOR CO DEL,,,9.12000,9.25000,9.25000,45334552,0.009825,9.24000,9.25000,9.20000,0.009825
25785,2020-01-08,F,FORD MOTOR CO DEL,,,9.17000,9.30000,9.25000,46003049,0.000000,9.25000,9.26000,9.23000,0.000000
25785,2020-01-09,F,FORD MOTOR CO DEL,,,9.18000,9.31000,9.26000,51905116,0.001081,9.27000,9.28000,9.30000,0.001081
25785,2020-01-10,F,FORD MOTOR CO DEL,,,9.25000,9.36000,9.25000,39819244,-0.001080,9.25000,9.26000,9.27000,-0.001080
25785,2020-01-13,F,FORD MOTOR CO DEL,,,9.11000,9.26000,9.24000,48562151,-0.001081,9.24000,9.25000,9.25000,-0.001081
25785,2020-01-14,F,FORD MOTOR CO DEL,,,9.21000,9.33000,9.29000,42936052,0.005411,9.28000,9.29000,9.22000,0.005411
25785,2020-01-15,F,FORD MOTOR CO DEL,,,9.18000,9.30000,9.19000,55923869,-0.010764,9.19000,9.20000,9.27000,-0.010764
25785,2020-01-16,F,FORD MOTOR CO DEL,,,9.15000,9.28000,9.17000,44310388,-0.002176,9.17000,9.18000,9.23000,-0.002176
25785,2020-01-17,F,FORD MOTOR CO DEL,,,9.13000,9.23000,9.16000,41644871,-0.001091,9.15000,9.16000,9.19000,-0.001091
25785,2020-01-21,F,FORD MOTOR CO DEL,,,9.10000,9.22000,9.21000,49556423,0.005459,9.20000,9.21000,9.15000,0.005459
25785,2020-01-22,F,FORD MOTOR CO DEL,,,9.15000,9.25000,9.16000,39914759,-0.005429,9.16000,9.17000,9.22000,-0.005429
25785,2020-01-23,F,FORD MOTOR CO DEL,,,8.93000,9.16000,9.14000,75848669,-0.002183,9.14000,9.15000,9.14000,-0.002183
25785,2020-01-24,F,FORD MOTOR CO DEL,,,8.96000,9.12000,9.00000,68100949,-0.015317,9.00000,9.01000,9.11000,-0.015317
25785,2020-01-27,F,FORD MOTOR CO DEL,,,8.78000,8.96000,8.89000,60769335,-0.012222,8.89000,8.90000,8.88000,-0.012222
25785,2020-01-28,F,FORD MOTOR CO DEL,,,8.86000,9.00000,8.97000,85163404,0.008999,8.97000,8.98000,8.94000,0.008999
25785,2020-01-29,F,FORD MOTOR CO DEL,,,8.84000,8.95500,8.86000,59070709,0.004459,8.85000,8.86000,8.85000,-0.012263
25785,2020-01-30,F,FORD MOTOR CO DEL,,,8.73000,8.84000,8.84000,42827802,-0.002257,8.83000,8.84000,8.81000,-0.002257
25785,2020-01-31,F,FORD MOTOR CO DEL,,,8.74000,8.84000,8.82000,59813731,-0.002262,8.81000,8.82000,8.78000,-0.002262
25785,2020-02-03,F,FORD MOTOR CO DEL,,,8.85000,9.14000,8.98000,71432659,0.018141,8.97000,8.98000,8.85000,0.018141
25785,2020-02-04,F,FORD MOTOR CO DEL,,,9.07000,9.24000,9.18000,86196417,0.022272,9.17000,9.18000,9.08000,0.022272
25785,2020-02-05,F,FORD MOTOR CO DEL,,,8.26000,8.48000,8.31000,145792527,-0.094771,8.30000,8.31000,8.41000,-0.094771
25785,2020-02-06,F,FORD MOTOR CO DEL,,,8.25000,8.38000,8.25000,68823367,-0.007220,8.25000,8.26000,8.37000,-0.007220
25785,2020-02-07,F,FORD MOTOR CO DEL,,,8.02000,8.21000,8.11000,98256476,-0.016970,8.11000,8.12000,8.21000,-0.016970
25785,2020-02-10,F,FORD MOTOR CO DEL,,,8.05000,8.15000,8.06000,71834905,-0.006165,8.06000,8.07000,8.15000,-0.006165
25785,2020-02-11,F,FORD MOTOR CO DEL,,,8.08000,8.15000,8.10000,80164532,0.004963,8.10000,8.11000,8.10000,0.004963
25785,2020-02-12,F,FORD MOTOR CO DEL,,,8.13000,8.33000,8.24000,111536751,0.017284,8.24000,8.25000,8.14000,0.017284
25785,2020-02-13,F,FORD MOTOR CO DEL,,,8.21000,8.36000,8.25000,67648837,0.001214,8.25000,8.26000,8.21000,0.001214
25785,2020-02-14,F,FORD MOTOR CO DEL,,,8.08000,8.27000,8.10000,46359668,-0.018182,8.09000,8.10000,8.27000,-0.018182
25785,2020-02-18,F,FORD MOTOR CO DEL,,,8.02000,8.14990,8.06000,65207478,-0.004938,8.04000,8.05000,8.12000,-0.004938
25785,2020-02-19,F,FORD MOTOR CO DEL,,,8.00000,8.10000,8.00000,69668178,-0.007444,8.00000,8.01000,8.06000,-0.007444
25785,2020-02-20,F,FORD MOTOR CO DEL,,,7.99000,8.07000,8.03000,52318244,0.003750,8.02000,8.03000,8.00000,0.003750
25785,2020-02-21,F,FORD MOTOR CO DEL,,,7.89000,8.03000,7.89000,58326329,-0.017435,7.89000,7.90000,8.02000,-0.017435
25785,2020-02-24,F,FORD MOTOR CO DEL,,,7.55000,7.71970,7.57000,110048156,-0.040558,7.57000,7.58000,7.70000,-0.040558
25785,2020-02-25,F,FORD MOTOR CO DEL,,,7.22000,7.68000,7.23000,108888298,-0.044914,7.23000,7.24000,7.68000,-0.044914
25785,2020-02-26,F,FORD MOTOR CO DEL,,,7.21000,7.46000,7.21000,92524842,-0.002766,7.21000,7.22000,7.30000,-0.002766
25785,2020-02-27,F,FORD MOTOR CO DEL,,,6.92000,7.28000,6.97000,118642394,-0.033287,6.97000,6.98000,7.13000,-0.033287
25785,2020-02-28,F,FORD MOTOR CO DEL,,,6.67000,6.96000,6.96000,116546727,-0.001435,6.95000,6.96000,6.84000,-0.001435
25785,2020-03-02,F,FORD MOTOR CO DEL,,,6.88000,7.23000,7.20000,96766032,0.034483,7.20000,7.21000,7.11000,0.034483
25785,2020-03-03,F,FORD MOTOR CO DEL,,,6.89000,7.34000,6.97000,97457775,-0.031944,6.96000,6.97000,7.29000,-0.031944
25785,2020-03-04,F,FORD MOTOR CO DEL,,,6.92000,7.09000,7.08000,70588065,0.015782,7.07000,7.08000,7.09000,0.015782
25785,2020-03-05,F,FORD MOTOR CO DEL,,,6.71000,6.97000,6.74000,78070888,-0.048023,6.74000,6.75000,6.96000,-0.048023
25785,2020-03-06,F,FORD MOTOR CO DEL,,,6.40000,6.68000,6.49000,109932196,-0.037092,6.49000,6.50000,6.60000,-0.037092
25785,2020-03-09,F,FORD MOTOR CO DEL,,,5.87000,6.14000,5.90000,103901655,-0.090909,5.89000,5.90000,5.97000,-0.090909
25785,2020-03-10,F,FORD MOTOR CO DEL,,,5.80000,6.29000,6.26000,101873628,0.061017,6.25000,6.26000,6.26000,0.061017
25785,2020-03-11,F,FORD MOTOR CO DEL,,,5.88000,6.11000,5.90000,98639098,-0.057508,5.89000,5.90000,6.06000,-0.057508
25785,2020-03-12,F,FORD MOTOR CO DEL,,,5.20000,5.69000,5.35000,89453102,-0.093220,5.35000,5.36000,5.38000,-0.093220
25785,2020-03-13,F,FORD MOTOR CO DEL,,,5.12000,5.90000,5.63000,125375287,0.052336,5.62000,5.63000,5.87000,0.052336
25785,2020-03-16,F,FORD MOTOR CO DEL,,,5.00000,5.22000,5.01000,110310935,-0.110124,5.00000,5.01000,5.04000,-0.110124
25785,2020-03-17,F,FORD MOTOR CO DEL,,,4.70000,5.14000,5.01000,104233465,0.000000,5.00000,5.01000,5.08000,0.000000
25785,2020-03-18,F,FORD MOTOR CO DEL,,,4.10000,4.84000,4.50000,125954745,-0.101796,4.49000,4.50000,4.75000,-0.101796
25785,2020-03-19,F,FORD MOTOR CO DEL,,,4.10000,4.58000,4.47000,126603765,-0.006667,4.46000,4.47000,4.33000,-0.006667
25785,2020-03-20,F,FORD MOTOR CO DEL,,,4.25000,4.75000,4.33000,129378586,-0.031320,4.32000,4.33000,4.54000,-0.031320
25785,2020-03-23,F,FORD MOTOR CO DEL,,,3.96000,4.52000,4.01000,134925017,-0.073903,4.01000,4.02000,4.27000,-0.073903
25785,2020-03-24,F,FORD MOTOR CO DEL,,,4.26000,4.99000,4.95000,146192141,0.234414,4.94000,4.95000,4.47000,0.234414
25785,2020-03-25,F,FORD MOTOR CO DEL,,,5.12000,5.87000,5.39000,198999447,0.088889,5.39000,5.40000,5.77000,0.088889
25785,2020-03-26,F,FORD MOTOR CO DEL,,,5.16000,5.65000,5.25000,138297998,-0.025974,5.26000,5.27000,5.36000,-0.025974
25785,2020-03-27,F,FORD MOTOR CO DEL,,,4.91000,5.30000,5.19000,106324033,-0.011429,5.18000,5.19000,5.07000,-0.011429
25785,2020-03-30,F,FORD MOTOR CO DEL,,,4.93000,5.11970,5.03000,97879666,-0.030828,5.03000,5.04000,5.11000,-0.030828
25785,2020-03-31,F,FORD MOTOR CO DEL,,,4.75000,5.19000,4.83000,231800752,-0.039761,4.84000,4.85000,5.03000,-0.039761
25785,2020-04-01,F,FORD MOTOR CO DEL,,,4.36000,4.77000,4.40000,119174506,-0.089027,4.40000,4.41000,4.63000,-0.089027
25785,2020-04-02,F,FORD MOTOR CO DEL,,,4.25000,4.57000,4.36000,90891690,-0.009091,4.34000,4.35000,4.39000,-0.009091
25785,2020-04-03,F,FORD MOTOR CO DEL,,,4.17000,4.42000,4.24000,85659866,-0.027523,4.24000,4.25000,4.40000,-0.027523
25785,2020-04-06,F,FORD MOTOR CO DEL,,,4.41000,4.67000,4.53000,102205319,0.068396,4.51000,4.52000,4.54000,0.068396
25785,2020-04-07,F,FORD MOTOR CO DEL,,,4.63000,5.03000,4.71000,115150448,0.039735,4.70000,4.71000,4.85000,0.039735
25785,2020-04-08,F,FORD MOTOR CO DEL,,,4.80000,5.09000,5.03000,117022189,0.067941,5.02000,5.03000,4.86000,0.067941
25785,2020-04-09,F,FORD MOTOR CO DEL,,,5.24000,5.75000,5.37000,175833664,0.067594,5.36000,5.37000,5.51000,0.067594
25785,2020-04-13,F,FORD MOTOR CO DEL,,,5.02000,5.43000,5.16000,99320002,-0.039106,5.15000,5.16000,5.43000,-0.039106
25785,2020-04-14,F,FORD MOTOR CO DEL,,,5.16000,5.44000,5.29000,74877032,0.025194,5.27000,5.28000,5.27000,0.025194
25785,2020-04-15,F,FORD MOTOR CO DEL,,,4.95000,5.14000,5.03000,74727746,-0.049149,5.03000,5.04000,5.06000,-0.049149
25785,2020-04-16,F,FORD MOTOR CO DEL,,,4.89000,5.06970,4.94000,58951213,-0.017893,4.94000,4.95000,5.06000,-0.017893
25785,2020-04-17,F,FORD MOTOR CO DEL,,,5.03000,5.28000,5.12000,91989318,0.036437,5.11000,5.12000,5.17000,0.036437
25785,2020-04-20,F,FORD MOTOR CO DEL,,,4.91000,5.09000,4.98000,71079442,-0.027344,4.97000,4.98000,5.01000,-0.027344
25785,2020-04-21,F,FORD MOTOR CO DEL,,,4.72000,4.92000,4.77000,82400209,-0.042169,4.76000,4.77000,4.89000,-0.042169
25785,2020-04-22,F,FORD MOTOR CO DEL,,,4.75000,4.89000,4.77000,62398608,0.000000,4.76000,4.77000,4.87000,0.000000
25785,2020-04-23,F,FORD MOTOR CO DEL,,,4.77000,4.98000,4.89000,61959760,0.025157,4.88000,4.89000,4.80000,0.025157
25785,2020-04-24,F,FORD MOTOR CO DEL,,,4.80000,4.96000,4.87000,54352479,-0.004090,4.87000,4.88000,4.93000,-0.004090
25785,2020-04-27,F,FORD MOTOR CO DEL,,,4.88000,5.19000,5.17000,91082846,0.061602,5.17000,5.18000,4.91000,0.061602
25785,2020-04-28,F,FORD MOTOR CO DEL,,,5.21500,5.54000,5.38000,106222815,0.040619,5.38000,5.39000,5.49000,0.040619
25785,2020-04-29,F,FORD MOTOR CO DEL,,,5.21040,5.50000,5.26000,126393015,-0.022305,5.25000,5.26000,5.33000,-0.022305
25785,2020-04-30,F,FORD MOTOR CO DEL,,,5.06000,5.24000,5.09000,93437941,-0.032319,5.09000,5.10000,5.16000,-0.032319
25785,2020-05-01,F,FORD MOTOR CO DEL,,,4.90000,5.05000,4.92000,82660057,-0.033399,4.92000,4.93000,5.02000,-0.033399
25785,2020-05-04,F,FORD MOTOR CO DEL,,,4.77000,4.97000,4.86000,84214747,-0.012195,4.86000,4.87000,4.88000,-0.012195
25785,2020-05-05,F,FORD MOTOR CO DEL,,,4.94000,5.09000,4.97000,96301284,0.022634,4.96000,4.97000,4.99000,0.022634
25785,2020-05-06,F,FORD MOTOR CO DEL,,,4.82000,5.09000,4.87000,89390419,-0.020121,4.86000,4.87000,5.05000,-0.020121
25785,2020-05-07,F,FORD MOTOR CO DEL,,,4.85000,4.98000,4.87000,67222935,0.000000,4.86000,4.87000,4.90000,0.000000
25785,2020-05-08,F,FORD MOTOR CO DEL,,,4.95000,5.25000,5.24000,101333782,0.075975,5.23000,5.24000,4.96000,0.075975
25785,2020-05-11,F,FORD MOTOR CO DEL,,,5.05000,5.19000,5.12000,75734000,-0.022901,5.11000,5.12000,5.18000,-0.022901
25785,2020-05-12,F,FORD MOTOR CO DEL,,,4.97000,5.22000,4.98000,70965193,-0.027344,4.98000,4.99000,5.15000,-0.027344
25785,2020-05-13,F,FORD MOTOR CO DEL,,,4.66000,5.01000,4.72000,100192290,-0.052209,4.72000,4.73000,5.00000,-0.052209
25785,2020-05-14,F,FORD MOTOR CO DEL,,,4.52000,4.92000,4.89000,108061111,0.036017,4.89000,4.90000,4.64500,0.036017
25785,2020-05-15,F,FORD MOTOR CO DEL,,,4.75000,4.94000,4.90000,80544650,0.002045,4.90000,4.91000,4.80000,0.002045
25785,2020-05-18,F,FORD MOTOR CO DEL,,,5.12000,5.33000,5.31000,136241424,0.083673,5.30000,5.31000,5.12000,0.083673
25785,2020-05-19,F,FORD MOTOR CO DEL,,,5.15000,5.45000,5.30000,94836282,-0.001883,5.29000,5.30000,5.27000,-0.001883
25785,2020-05-20,F,FORD MOTOR CO DEL,,,5.37000,5.54000,5.49000,87685371,0.035849,5.48000,5.49000,5.38000,0.035849
25785,2020-05-21,F,FORD MOTOR CO DEL,,,5.44000,5.69000,5.63000,87098219,0.025501,5.62000,5.63000,5.45000,0.025501
25785,2020-05-22,F,FORD MOTOR CO DEL,,,5.50000,5.73000,5.65000,76656465,0.003552,5.64000,5.65000,5.68000,0.003552
25785,2020-05-26,F,FORD MOTOR CO DEL,,,5.82000,5.99000,5.84000,86046301,0.033628,5.84000,5.85000,5.92000,0.033628
25785,2020-05-27,F,FORD MOTOR CO DEL,,,5.84000,6.09000,6.03000,110413883,0.032534,6.03000,6.04000,6.01000,0.032534
25785,2020-05-28,F,FORD MOTOR CO DEL,,,5.81000,6.07000,5.85000,77126187,-0.029851,5.84000,5.85000,6.05000,-0.029851
25785,2020-05-29,F,FORD MOTOR CO DEL,,,5.57000,5.80000,5.71000,93039226,-0.023932,5.70000,5.71000,5.75000,-0.023932
25785,2020-06-01,F,FORD MOTOR CO DEL,,,5.67000,5.88000,5.87000,61938822,0.028021,5.86000,5.87000,5.73000,0.028021
25785,2020-06-02,F,FORD MOTOR CO DEL,,,5.83000,6.00000,5.90000,80046000,0.005111,5.89000,5.90000,5.96000,0.005111
25785,2020-06-03,F,FORD MOTOR CO DEL,,,5.92000,6.27000,6.19000,98876582,0.049153,6.18000,6.19000,5.99000,0.049153
25785,2020-06-04,F,FORD MOTOR CO DEL,,,6.12000,6.58000,6.57000,115798591,0.061389,6.56000,6.57000,6.20000,0.061389
25785,2020-06-05,F,FORD MOTOR CO DEL,,,7.02000,7.50000,7.34000,208648166,0.117199,7.34000,7.35000,7.24000,0.117199
25785,2020-06-08,F,FORD MOTOR CO DEL,,,7.37000,7.74000,7.53000,113169300,0.025886,7.52000,7.53000,7.53000,0.025886
25785,2020-06-09,F,FORD MOTOR CO DEL,,,7.05000,7.44000,7.24000,115749606,-0.038513,7.24000,7.25000,7.22000,-0.038513
25785,2020-06-10,F,FORD MOTOR CO DEL,,,6.77000,7.34000,6.81000,147327062,-0.059392,6.81000,6.82000,7.33000,-0.059392
25785,2020-06-11,F,FORD MOTOR CO DEL,,,6.04000,6.46000,6.13000,116184727,-0.099853,6.13000,6.14000,6.07000,-0.099853
25785,2020-06-12,F,FORD MOTOR CO DEL,,,6.30000,6.63000,6.46000,88778026,0.053834,6.45000,6.46000,6.56000,0.053834
25785,2020-06-15,F,FORD MOTOR CO DEL,,,6.11000,6.58000,6.50000,104742595,0.006192,6.50000,6.51000,6.18000,0.006192
25785,2020-06-16,F,FORD MOTOR CO DEL,,,6.44000,6.87000,6.55000,109535182,0.007692,6.55000,6.56000,6.87000,0.007692
25785,2020-06-17,F,FORD MOTOR CO DEL,,,6.31000,6.56000,6.33000,67831355,-0.033588,6.33000,6.34000,6.56000,-0.033588
25785,2020-06-18,F,FORD MOTOR CO DEL,,,6.19000,6.45000,6.33000,61301776,0.000000,6.32000,6.33000,6.26000,0.000000
25785,2020-06-19,F,FORD MOTOR CO DEL,,,6.23000,6.69000,6.23000,126127803,-0.015798,6.24000,6.25000,6.64000,-0.015798
25785,2020-06-22,F,FORD MOTOR CO DEL,,,6.13000,6.28000,6.28000,71724254,0.008026,6.27000,6.28000,6.27000,0.008026
25785,2020-06-23,F,FORD MOTOR CO DEL,,,6.14000,6.38000,6.15000,86672823,-0.020701,6.15000,6.16000,6.33000,-0.020701
25785,2020-06-24,F,FORD MOTOR CO DEL,,,5.86000,6.12250,5.95000,75536274,-0.032520,5.94000,5.95000,6.06000,-0.032520
25785,2020-06-25,F,FORD MOTOR CO DEL,,,5.80000,6.05000,6.03000,73612736,0.013445,6.03000,6.04000,5.86000,0.013445
25785,2020-06-26,F,FORD MOTOR CO DEL,,,5.81000,6.07000,5.91000,118435386,-0.019901,5.90000,5.91000,6.04000,-0.019901
25785,2020-06-29,F,FORD MOTOR CO DEL,,,5.81000,6.07000,6.01000,58208433,0.016921,6.01000,6.02000,5.91000,0.016921
25785,2020-06-30,F,FORD MOTOR CO DEL,,,5.90000,6.10000,6.08000,61909299,0.011647,6.08000,6.09000,5.98000,0.011647
25785,2020-07-01,F,FORD MOTOR CO DEL,,,5.95000,6.18000,5.98000,62454691,-0.016447,5.97000,5.98000,6.10000,-0.016447
25785,2020-07-02,F,FORD MOTOR CO DEL,,,6.00000,6.17000,6.05000,67270506,0.011706,6.04000,6.05000,6.10000,0.011706
25785,2020-07-06,F,FORD MOTOR CO DEL,,,6.11000,6.20000,6.19000,63921782,0.023140,6.19000,6.20000,6.14000,0.023140
25785,2020-07-07,F,FORD MOTOR CO DEL,,,6.09000,6.20000,6.12000,56651981,-0.011309,6.12000,6.13000,6.14000,-0.011309
25785,2020-07-08,F,FORD MOTOR CO DEL,,,6.05000,6.18000,6.09000,60928647,-0.004902,6.09000,6.10000,6.13000,-0.004902
25785,2020-07-09,F,FORD MOTOR CO DEL,,,5.82000,6.10000,5.84000,82693009,-0.041051,5.84000,5.85000,6.09000,-0.041051
25785,2020-07-10,F,FORD MOTOR CO DEL,,,5.74000,6.10000,6.10000,73710729,0.044521,6.09000,6.10000,5.80000,0.044521
25785,2020-07-13,F,FORD MOTOR CO DEL,,,6.05000,6.22000,6.06000,80190674,-0.006557,6.06000,6.07000,6.15000,-0.006557
25785,2020-07-14,F,FORD MOTOR CO DEL,,,6.08000,6.39000,6.36000,106131848,0.049505,6.36000,6.37000,6.18000,0.049505
25785,2020-07-15,F,FORD MOTOR CO DEL,,,6.52000,6.78000,6.74000,101648718,0.059748,6.73000,6.74000,6.54000,0.059748
25785,2020-07-16,F,FORD MOTOR CO DEL,,,6.63000,6.90000,6.86000,93498514,0.017804,6.86000,6.87000,6.66000,0.017804
25785,2020-07-17,F,FORD MOTOR CO DEL,,,6.73000,6.91000,6.80000,80836727,-0.008746,6.80000,6.81000,6.90000,-0.008746
25785,2020-07-20,F,FORD MOTOR CO DEL,,,6.58000,6.85000,6.66000,71361660,-0.020588,6.65000,6.66000,6.80000,-0.020588
25785,2020-07-21,F,FORD MOTOR CO DEL,,,6.64000,6.81000,6.68000,63343850,0.003003,6.68000,6.69000,6.71000,0.003003
25785,2020-07-22,F,FORD MOTOR CO DEL,,,6.61000,6.88000,6.84000,75629569,0.023952,6.84000,6.85000,6.64000,0.023952
25785,2020-07-23,F,FORD MOTOR CO DEL,,,6.80000,7.06000,6.98000,88652587,0.020468,6.98000,6.99000,6.87000,0.020468
25785,2020-07-24,F,FORD MOTOR CO DEL,,,6.86000,7.01000,6.88000,62292045,-0.014327,6.88000,6.89000,6.90000,-0.014327
25785,2020-07-27,F,FORD MOTOR CO DEL,,,6.77000,6.94000,6.93000,60370153,0.007267,6.93000,6.94000,6.92000,0.007267
25785,2020-07-28,F,FORD MOTOR CO DEL,,,6.90000,7.05000,7.01000,56312514,0.011544,7.00000,7.01000,6.90000,0.011544
25785,2020-07-29,F,FORD MOTOR CO DEL,,,6.83000,7.06000,6.92000,59437160,-0.012839,6.91000,6.92000,7.05000,-0.012839
25785,2020-07-30,F,FORD MOTOR CO DEL,,,6.67000,6.83000,6.74000,58990992,-0.026012,6.74000,6.75000,6.74000,-0.026012
25785,2020-07-31,F,FORD MOTOR CO DEL,,,6.52000,6.90000,6.61000,115394121,-0.019288,6.60000,6.61000,6.89000,-0.019288
25785,2020-08-03,F,FORD MOTOR CO DEL,,,6.53000,6.72000,6.69000,53845888,0.012103,6.69000,6.70000,6.65000,0.012103
25785,2020-08-04,F,FORD MOTOR CO DEL,,,6.73000,6.91000,6.86000,69377566,0.025411,6.85000,6.86000,6.91000,0.025411
25785,2020-08-05,F,FORD MOTOR CO DEL,,,6.86000,7.02910,6.96000,82716372,0.014577,6.96000,6.97000,6.86000,0.014577
25785,2020-08-06,F,FORD MOTOR CO DEL,,,6.89000,7.00000,6.93000,48668518,-0.004310,6.93000,6.94000,6.93000,-0.004310
25785,2020-08-07,F,FORD MOTOR CO DEL,,,6.79000,6.92000,6.86000,47480059,-0.010101,6.86000,6.87000,6.87000,-0.010101
25785,2020-08-10,F,FORD MOTOR CO DEL,,,6.90500,7.13000,7.09000,57229040,0.033528,7.09000,7.10000,6.91000,0.033528
25785,2020-08-11,F,FORD MOTOR CO DEL,,,7.19000,7.37500,7.23000,74016358,0.019746,7.23000,7.24000,7.21000,0.019746
25785,2020-08-12,F,FORD MOTOR CO DEL,,,7.06000,7.37000,7.11000,59194125,-0.016597,7.10000,7.11000,7.33000,-0.016597
25785,2020-08-13,F,FORD MOTOR CO DEL,,,7.00000,7.18000,7.03000,50066758,-0.011252,7.02000,7.03000,7.03000,-0.011252
25785,2020-08-14,F,FORD MOTOR CO DEL,,,6.93000,7.11000,7.04000,43517662,0.001422,7.04000,7.05000,6.97000,0.001422
25785,2020-08-17,F,FORD MOTOR CO DEL,,,6.87000,7.06000,6.98000,64555154,-0.008523,6.98000,6.99000,7.05000,-0.008523
25785,2020-08-18,F,FORD MOTOR CO DEL,,,6.88500,7.01000,6.89000,40444196,-0.012894,6.89000,6.90000,6.98000,-0.012894
25785,2020-08-19,F,FORD MOTOR CO DEL,,,6.86000,7.02000,6.87000,44158123,-0.002903,6.87000,6.88000,6.89000,-0.002903
25785,2020-08-20,F,FORD MOTOR CO DEL,,,6.73000,6.89000,6.84000,41824523,-0.004367,6.84000,6.85000,6.77000,-0.004367
25785,2020-08-21,F,FORD MOTOR CO DEL,,,6.65000,6.85000,6.66000,39158895,-0.026316,6.66000,6.67000,6.78000,-0.026316
25785,2020-08-24,F,FORD MOTOR CO DEL,,,6.69000,7.00000,6.98000,64974707,0.048048,6.98000,6.99000,6.73000,0.048048
25785,2020-08-25,F,FORD MOTOR CO DEL,,,6.86000,7.10000,6.94000,49549976,-0.005731,6.94000,6.95000,7.01000,-0.005731
25785,2020-08-26,F,FORD MOTOR CO DEL,,,6.77000,6.97000,6.82000,48600095,-0.017291,6.81000,6.82000,6.94000,-0.017291
25785,2020-08-27,F,FORD MOTOR CO DEL,,,6.83000,6.98000,6.91000,45740870,0.013196,6.91000,6.92000,6.83000,0.013196
25785,2020-08-28,F,FORD MOTOR CO DEL,,,6.86000,6.95000,6.94000,39936920,0.004342,6.94000,6.95000,6.93000,0.004342
25785,2020-08-31,F,FORD MOTOR CO DEL,,,6.79000,6.93000,6.82000,50089521,-0.017291,6.82000,6.83000,6.90000,-0.017291
25785,2020-09-01,F,FORD MOTOR CO DEL,,,6.72000,6.87000,6.83000,48214176,0.001466,6.83000,6.84000,6.77000,0.001466
25785,2020-09-02,F,FORD MOTOR CO DEL,,,6.77000,6.97000,6.95000,59008942,0.017570,6.94000,6.95000,6.81000,0.017570
25785,2020-09-03,F,FORD MOTOR CO DEL,,,6.76000,7.09000,6.82000,78130883,-0.018705,6.81000,6.82000,6.92000,-0.018705
25785,2020-09-04,F,FORD MOTOR CO DEL,,,6.75000,6.95000,6.90000,70017540,0.011730,6.90000,6.91000,6.86000,0.011730
25785,2020-09-08,F,FORD MOTOR CO DEL,,,6.81000,7.17000,7.03000,84749275,0.018841,7.03000,7.04000,6.83000,0.018841
25785,2020-09-09,F,FORD MOTOR CO DEL,,,6.93000,7.10000,6.97000,56501430,-0.008535,6.96000,6.97000,7.07000,-0.008535
25785,2020-09-10,F,FORD MOTOR CO DEL,,,6.87000,7.03500,6.91000,69228601,-0.008608,6.91000,6.92000,6.99000,-0.008608
25785,2020-09-11,F,FORD MOTOR CO DEL,,,6.85000,7.00000,7.00000,55080562,0.013025,6.99000,7.00000,6.94000,0.013025
25785,2020-09-14,F,FORD MOTOR CO DEL,,,6.98000,7.18000,7.12000,58704316,0.017143,7.12000,7.13000,7.01000,0.017143
25785,2020-09-15,F,FORD MOTOR CO DEL,,,7.00000,7.18000,7.04000,65198498,-0.011236,7.03000,7.04000,7.16000,-0.011236
25785,2020-09-16,F,FORD MOTOR CO DEL,,,6.99000,7.12000,7.02000,46269822,-0.002841,7.02000,7.03000,7.05000,-0.002841
25785,2020-09-17,F,FORD MOTOR CO DEL,,,6.98000,7.34000,7.28000,84850147,0.037037,7.28000,7.29000,7.04000,0.037037
25785,2020-09-18,F,FORD MOTOR CO DEL,,,7.22000,7.40000,7.23000,71929396,-0.006868,7.22000,7.23000,7.31000,-0.006868
25785,2020-09-21,F,FORD MOTOR CO DEL,,,6.81000,7.09000,6.87000,72850263,-0.049793,6.86000,6.87000,7.09000,-0.049793
25785,2020-09-22,F,FORD MOTOR CO DEL,,,6.77000,6.99000,6.78000,55865537,-0.013100,6.77000,6.78000,6.89000,-0.013100
25785,2020-09-23,F,FORD MOTOR CO DEL,,,6.63000,6.93000,6.64000,52588559,-0.020649,6.63000,6.64000,6.81000,-0.020649
25785,2020-09-24,F,FORD MOTOR CO DEL,,,6.41000,6.76000,6.66000,59822911,0.003012,6.65000,6.66000,6.60000,0.003012
25785,2020-09-25,F,FORD MOTOR CO DEL,,,6.50000,6.70640,6.51000,53761843,-0.022522,6.51000,6.52000,6.61000,-0.022522
25785,2020-09-28,F,FORD MOTOR CO DEL,,,6.58000,6.77000,6.69000,47582634,0.027650,6.69000,6.70000,6.59000,0.027650
25785,2020-09-29,F,FORD MOTOR CO DEL,,,6.54000,6.69500,6.60000,39014263,-0.013453,6.59000,6.60000,6.69000,-0.013453
25785,2020-09-30,F,FORD MOTOR CO DEL,,,6.59000,6.75000,6.66000,55944608,0.009091,6.65000,6.66000,6.61000,0.009091
25785,2020-10-01,F,FORD MOTOR CO DEL,,,6.63000,6.77000,6.75000,58340607,0.013514,6.74000,6.75000,6.71000,0.013514
25785,2020-10-02,F,FORD MOTOR CO DEL,,,6.60000,6.93000,6.89000,60798406,0.020741,6.89000,6.90000,6.62000,0.020741
25785,2020-10-05,F,FORD MOTOR CO DEL,,,6.94500,7.05000,7.02000,42359406,0.018868,7.01000,7.02000,6.95000,0.018868
25785,2020-10-06,F,FORD MOTOR CO DEL,,,6.96000,7.25000,6.98000,78203805,-0.005698,6.98000,6.99000,7.06000,-0.005698
25785,2020-10-07,F,FORD MOTOR CO DEL,,,7.06000,7.25000,7.23000,50664144,0.035817,7.23000,7.24000,7.11000,0.035817
25785,2020-10-08,F,FORD MOTOR CO DEL,,,7.20000,7.35000,7.35000,54513310,0.016597,7.34000,7.35000,7.29000,0.016597
25785,2020-10-09,F,FORD MOTOR CO DEL,,,7.23000,7.44000,7.25000,50977882,-0.013605,7.24000,7.25000,7.36000,-0.013605
25785,2020-10-12,F,FORD MOTOR CO DEL,,,7.33000,7.86500,7.67000,97692932,0.057931,7.67000,7.68000,7.36000,0.057931
25785,2020-10-13,F,FORD MOTOR CO DEL,,,7.63000,7.88000,7.76000,74562568,0.011734,7.76000,7.77000,7.82000,0.011734
25785,2020-10-14,F,FORD MOTOR CO DEL,,,7.55000,7.75000,7.57000,57808898,-0.024485,7.57000,7.58000,7.73000,-0.024485
25785,2020-10-15,F,FORD MOTOR CO DEL,,,7.37000,7.62000,7.62000,49336159,0.006605,7.61000,7.62000,7.42000,0.006605
25785,2020-10-16,F,FORD MOTOR CO DEL,,,7.61000,7.75000,7.67000,47509411,0.006562,7.66000,7.67000,7.71000,0.006562
25785,2020-10-19,F,FORD MOTOR CO DEL,,,7.57000,7.72000,7.59000,38960741,-0.010430,7.58000,7.59000,7.68000,-0.010430
25785,2020-10-20,F,FORD MOTOR CO DEL,,,7.58000,7.85000,7.74000,63447005,0.019763,7.74000,7.75000,7.62000,0.019763
25785,2020-10-21,F,FORD MOTOR CO DEL,,,7.73000,7.88000,7.85000,51981072,0.014212,7.84000,7.85000,7.77000,0.014212
25785,2020-10-22,F,FORD MOTOR CO DEL,,,7.89000,8.22000,8.21000,74008467,0.045860,8.21000,8.22000,7.93000,0.045860
25785,2020-10-23,F,FORD MOTOR CO DEL,,,8.09000,8.35000,8.16000,62248980,-0.006090,8.16000,8.17000,8.30000,-0.006090
25785,2020-10-26,F,FORD MOTOR CO DEL,,,7.94000,8.07000,8.03000,62130950,-0.015931,8.03000,8.04000,8.03500,-0.015931
25785,2020-10-27,F,FORD MOTOR CO DEL,,,7.90000,8.09000,7.92000,64154483,-0.013699,7.92000,7.93000,8.01000,-0.013699
25785,2020-10-28,F,FORD MOTOR CO DEL,,,7.63000,7.88000,7.70000,82938283,-0.027778,7.71000,7.72000,7.68000,-0.027778
25785,2020-10-29,F,FORD MOTOR CO DEL,,,7.85000,8.24000,7.90000,118999898,0.025974,7.90000,7.91000,8.17000,0.025974
25785,2020-10-30,F,FORD MOTOR CO DEL,,,7.61000,7.91000,7.73000,79392475,-0.021519,7.72000,7.73000,7.85000,-0.021519
25785,2020-11-02,F,FORD MOTOR CO DEL,,,7.68000,7.86000,7.71000,59962912,-0.002587,7.70000,7.71000,7.83000,-0.002587
25785,2020-11-03,F,FORD MOTOR CO DEL,,,7.73000,7.93000,7.88000,65108842,0.022049,7.88000,7.89000,7.76000,0.022049
25785,2020-11-04,F,FORD MOTOR CO DEL,,,7.63000,7.87000,7.64000,67326839,-0.030457,7.64000,7.65000,7.86000,-0.030457
25785,2020-11-05,F,FORD MOTOR CO DEL,,,7.71000,7.99000,7.99000,61442609,0.045812,7.98000,7.99000,7.76000,0.045812
25785,2020-11-06,F,FORD MOTOR CO DEL,,,7.75000,8.02000,7.79000,50912118,-0.025031,7.78000,7.79000,8.01000,-0.025031
25785,2020-11-09,F,FORD MOTOR CO DEL,,,8.08000,8.38000,8.20000,110511311,0.052632,8.19000,8.20000,8.11000,0.052632
25785,2020-11-10,F,FORD MOTOR CO DEL,,,8.18000,8.59000,8.38000,87468359,0.021951,8.37000,8.38000,8.23000,0.021951
25785,2020-11-11,F,FORD MOTOR CO DEL,,,8.29000,8.60000,8.33000,75644426,-0.005967,8.33000,8.34000,8.60000,-0.005967
25785,2020-11-12,F,FORD MOTOR CO DEL,,,8.10000,8.29000,8.21000,82319824,-0.014406,8.20000,8.21000,8.26000,-0.014406
25785,2020-11-13,F,FORD MOTOR CO DEL,,,8.23000,8.57000,8.54000,79534153,0.040195,8.54000,8.55000,8.23000,0.040195
25785,2020-11-16,F,FORD MOTOR CO DEL,,,8.61000,8.85000,8.80000,84853863,0.030445,8.80000,8.81000,8.74000,0.030445
25785,2020-11-17,F,FORD MOTOR CO DEL,,,8.63000,8.85000,8.75000,46754509,-0.005682,8.74000,8.75000,8.66000,-0.005682
25785,2020-11-18,F,FORD MOTOR CO DEL,,,8.78000,9.05000,8.82000,77759269,0.008000,8.82000,8.83000,8.82000,0.008000
25785,2020-11-19,F,FORD MOTOR CO DEL,,,8.74000,8.88000,8.82000,56672693,0.000000,8.82000,8.83000,8.88000,0.000000
25785,2020-11-20,F,FORD MOTOR CO DEL,,,8.68000,8.82000,8.74000,57024269,-0.009070,8.74000,8.75000,8.81000,-0.009070
25785,2020-11-23,F,FORD MOTOR CO DEL,,,8.78000,8.98000,8.86000,71537109,0.013730,8.86000,8.87000,8.82000,0.013730
25785,2020-11-24,F,FORD MOTOR CO DEL,,,9.14000,9.50000,9.45000,99520477,0.066591,9.44000,9.45000,9.15000,0.066591
25785,2020-11-25,F,FORD MOTOR CO DEL,,,9.00000,9.25000,9.08000,95217812,-0.039153,9.08000,9.09000,9.20000,-0.039153
25785,2020-11-27,F,FORD MOTOR CO DEL,,,9.03000,9.14000,9.09000,27853853,0.001101,9.09000,9.10000,9.12000,0.001101
25785,2020-11-30,F,FORD MOTOR CO DEL,,,8.98000,9.23000,9.08000,77970082,-0.001100,9.08000,9.09000,9.23000,-0.001100
25785,2020-12-01,F,FORD MOTOR CO DEL,,,9.16000,9.40000,9.24000,68970330,0.017621,9.23000,9.24000,9.16000,0.017621
25785,2020-12-02,F,FORD MOTOR CO DEL,,,9.08000,9.24000,9.20000,48344954,-0.004329,9.19000,9.20000,9.16000,-0.004329
25785,2020-12-03,F,FORD MOTOR CO DEL,,,9.15000,9.32000,9.21000,50302055,0.001087,9.20000,9.21000,9.26000,0.001087
25785,2020-12-04,F,FORD MOTOR CO DEL,,,9.24000,9.44000,9.34000,48775547,0.014115,9.34000,9.35000,9.26000,0.014115
25785,2020-12-07,F,FORD MOTOR CO DEL,,,9.15000,9.33000,9.22000,58305187,-0.012848,9.22000,9.23000,9.31000,-0.012848
25785,2020-12-08,F,FORD MOTOR CO DEL,,,9.17000,9.33000,9.25000,56296667,0.003254,9.24000,9.25000,9.19000,0.003254
25785,2020-12-09,F,FORD MOTOR CO DEL,,,9.29000,9.49000,9.45000,60780320,0.021622,9.44000,9.45000,9.31000,0.021622
25785,2020-12-10,F,FORD MOTOR CO DEL,,,9.10000,9.32000,9.12000,83372755,-0.034921,9.12000,9.13000,9.31000,-0.034921
25785,2020-12-11,F,FORD MOTOR CO DEL,,,9.01000,9.19000,9.02000,73438229,-0.010965,9.01000,9.02000,9.19000,-0.010965
25785,2020-12-14,F,FORD MOTOR CO DEL,,,8.88000,9.17520,8.91000,76826024,-0.012195,8.90000,8.91000,9.13000,-0.012195
25785,2020-12-15,F,FORD MOTOR CO DEL,,,8.94000,9.15000,9.15000,69665880,0.026936,9.14000,9.15000,9.03000,0.026936
25785,2020-12-16,F,FORD MOTOR CO DEL,,,8.97000,9.18000,9.04000,55274531,-0.012022,9.04000,9.05000,9.17000,-0.012022
25785,2020-12-17,F,FORD MOTOR CO DEL,,,9.00000,9.13000,9.08000,49301597,0.004425,9.07000,9.08000,9.09000,0.004425
25785,2020-12-18,F,FORD MOTOR CO DEL,,,8.91000,9.09000,8.95000,78764619,-0.014317,8.95000,8.96000,9.09000,-0.014317
25785,2020-12-21,F,FORD MOTOR CO DEL,,,8.79000,9.01000,8.93000,63908127,-0.002235,8.92000,8.93000,8.87000,-0.002235
25785,2020-12-22,F,FORD MOTOR CO DEL,,,8.75000,8.99000,8.79000,59157726,-0.015678,8.79000,8.80000,8.98000,-0.015678
25785,2020-12-23,F,FORD MOTOR CO DEL,,,8.80000,9.03000,8.99000,54086667,0.022753,8.98000,8.99000,8.82000,0.022753
25785,2020-12-24,F,FORD MOTOR CO DEL,,,8.80000,9.02000,8.86000,27926995,-0.014461,8.85000,8.86000,9.01000,-0.014461
25785,2020-12-28,F,FORD MOTOR CO DEL,,,8.86070,8.98000,8.89000,38068418,0.003386,8.88000,8.89000,8.92000,0.003386
25785,2020-12-29,F,FORD MOTOR CO DEL,,,8.78000,8.93000,8.82000,37537854,-0.007874,8.82000,8.83000,8.93000,-0.007874
25785,2020-12-30,F,FORD MOTOR CO DEL,,,8.81000,8.92000,8.86000,38461904,0.004535,8.86000,8.87000,8.83000,0.004535
25785,2020-12-31,F,FORD MOTOR CO DEL,,,8.78000,8.86000,8.79000,40176529,-0.007901,8.78000,8.79000,8.84000,-0.007901
25785,2021-01-04,F,FORD MOTOR CO DEL,,,8.43000,8.84000,8.52000,85043079,-0.030717,8.51000,8.52000,8.81000,-0.030717
25785,2021-01-05,F,FORD MOTOR CO DEL,,,8.46000,8.72000,8.65000,70127787,0.015258,8.64000,8.65000,8.47000,0.015258
25785,2021-01-06,F,FORD MOTOR CO DEL,,,8.68000,8.94000,8.84000,72590208,0.021965,8.84000,8.85000,8.79000,0.021965
25785,2021-01-07,F,FORD MOTOR CO DEL,,,8.88000,9.08000,9.06000,77117101,0.024887,9.05000,9.06000,8.94000,0.024887
25785,2021-01-08,F,FORD MOTOR CO DEL,,,8.89000,9.14000,9.00000,59162167,-0.006623,8.99000,9.00000,9.10000,-0.006623
25785,2021-01-11,F,FORD MOTOR CO DEL,,,8.82000,9.32000,9.30000,96129537,0.033333,9.29000,9.30000,8.87000,0.033333
25785,2021-01-12,F,FORD MOTOR CO DEL,,,9.29030,9.82000,9.78000,124808542,0.051613,9.77000,9.78000,9.30000,0.051613
25785,2021-01-13,F,FORD MOTOR CO DEL,,,9.64000,9.92000,9.78000,89549250,0.000000,9.78000,9.79000,9.91000,0.000000
25785,2021-01-14,F,FORD MOTOR CO DEL,,,9.79000,10.20000,10.17000,112695252,0.039877,10.17000,10.18000,9.81000,0.039877
25785,2021-01-15,F,FORD MOTOR CO DEL,,,9.82000,10.05000,9.83000,99984954,-0.033432,9.82000,9.83000,10.04000,-0.033432
25785,2021-01-19,F,FORD MOTOR CO DEL,,,9.97000,10.21000,10.02000,78732758,0.019329,10.02000,10.03000,10.06000,0.019329
25785,2021-01-20,F,FORD MOTOR CO DEL,,,10.19000,10.87000,10.86000,125033167,0.083832,10.86000,10.87000,10.23000,0.083832
25785,2021-01-21,F,FORD MOTOR CO DEL,,,11.12000,12.15000,11.53000,282761553,0.061694,11.52000,11.53000,11.28000,0.061694
25785,2021-01-22,F,FORD MOTOR CO DEL,,,11.34000,11.69000,11.52000,130866617,-0.000867,11.52000,11.53000,11.66000,-0.000867
25785,2021-01-25,F,FORD MOTOR CO DEL,,,10.88000,11.52000,11.29000,118954503,-0.019965,11.28000,11.29000,11.49000,-0.019965
25785,2021-01-26,F,FORD MOTOR CO DEL,,,11.12000,11.53000,11.19000,66267456,-0.008857,11.18000,11.19000,11.31000,-0.008857
25785,2021-01-27,F,FORD MOTOR CO DEL,,,10.70000,11.17000,10.79000,82863034,-0.035746,10.79000,10.80000,11.02000,-0.035746
25785,2021-01-28,F,FORD MOTOR CO DEL,,,10.71000,11.05000,10.72000,77388655,-0.006487,10.71000,10.72000,10.84000,-0.006487
25785,2021-01-29,F,FORD MOTOR CO DEL,,,10.45000,10.83500,10.53000,73925821,-0.017724,10.52000,10.53000,10.59000,-0.017724
25785,2021-02-01,F,FORD MOTOR CO DEL,,,10.36000,11.44000,10.83000,157114400,0.028490,10.83000,10.84000,10.65000,0.028490
25785,2021-02-02,F,FORD MOTOR CO DEL,,,10.71000,11.20000,10.86000,80440704,0.002770,10.85000,10.86000,11.14000,0.002770
25785,2021-02-03,F,FORD MOTOR CO DEL,,,10.84000,11.36000,11.20000,82968550,0.031308,11.19000,11.20000,10.92000,0.031308
25785,2021-02-04,F,FORD MOTOR CO DEL,,,11.17000,11.61920,11.37000,106845045,0.015179,11.37000,11.38000,11.40000,0.015179
25785,2021-02-05,F,FORD MOTOR CO DEL,,,11.30000,11.90000,11.51000,113402102,0.012313,11.50000,11.51000,11.80000,0.012313
25785,2021-02-08,F,FORD MOTOR CO DEL,,,11.31000,11.58000,11.56000,75756688,0.004344,11.55000,11.56000,11.52000,0.004344
25785,2021-02-09,F,FORD MOTOR CO DEL,,,11.49000,12.04000,11.93000,102250761,0.032007,11.92000,11.93000,11.54000,0.032007
25785,2021-02-10,F,FORD MOTOR CO DEL,,,11.53000,12.02000,11.76000,76282462,-0.014250,11.76000,11.77000,12.00000,-0.014250
25785,2021-02-11,F,FORD MOTOR CO DEL,,,11.31000,11.74000,11.45000,55762914,-0.026361,11.44000,11.45000,11.66000,-0.026361
25785,2021-02-12,F,FORD MOTOR CO DEL,,,11.37000,11.62000,11.45000,44401187,0.000000,11.44000,11.45000,11.42000,0.000000
25785,2021-02-16,F,FORD MOTOR CO DEL,,,11.38000,11.70000,11.54000,48392080,0.007860,11.53000,11.54000,11.50000,0.007860
25785,2021-02-17,F,FORD MOTOR CO DEL,,,11.37000,11.61000,11.48000,49680999,-0.005199,11.47000,11.48000,11.61000,-0.005199
25785,2021-02-18,F,FORD MOTOR CO DEL,,,11.30000,11.48000,11.43000,37777050,-0.004355,11.42000,11.43000,11.37000,-0.004355
25785,2021-02-19,F,FORD MOTOR CO DEL,,,11.46000,11.59000,11.58000,48615552,0.013123,11.57000,11.58000,11.52000,0.013123
25785,2021-02-22,F,FORD MOTOR CO DEL,,,11.50000,11.94000,11.70000,62183011,0.010363,11.70000,11.71000,11.52000,0.010363
25785,2021-02-23,F,FORD MOTOR CO DEL,,,11.13000,11.65000,11.62000,72904530,-0.006838,11.62000,11.63000,11.59000,-0.006838
25785,2021-02-24,F,FORD MOTOR CO DEL,,,11.64000,12.40000,12.27000,95152783,0.055938,12.26000,12.27000,11.67000,0.055938
25785,2021-02-25,F,FORD MOTOR CO DEL,,,11.72000,12.40000,11.76000,75249410,-0.041565,11.76000,11.77000,12.22000,-0.041565
25785,2021-02-26,F,FORD MOTOR CO DEL,,,11.54000,11.98000,11.70000,69614525,-0.005102,11.70000,11.71000,11.89000,-0.005102
25785,2021-03-01,F,FORD MOTOR CO DEL,,,11.78000,12.08000,11.98000,43172813,0.023932,11.98000,11.99000,11.87000,0.023932
25785,2021-03-02,F,FORD MOTOR CO DEL,,,11.94000,12.80000,12.55000,104788959,0.047579,12.55000,12.56000,12.04000,0.047579
25785,2021-03-03,F,FORD MOTOR CO DEL,,,12.14000,12.61000,12.17000,80169701,-0.030279,12.17000,12.18000,12.61000,-0.030279
25785,2021-03-04,F,FORD MOTOR CO DEL,,,11.63000,12.46000,11.93000,88339642,-0.019721,11.92000,11.93000,12.23500,-0.019721
25785,2021-03-05,F,FORD MOTOR CO DEL,,,11.67000,12.29000,12.27000,79345704,0.028500,12.26000,12.27000,12.06000,0.028500
25785,2021-03-08,F,FORD MOTOR CO DEL,,,12.30000,12.88000,12.65000,86129736,0.030970,12.64000,12.65000,12.39000,0.030970
25785,2021-03-09,F,FORD MOTOR CO DEL,,,12.37500,12.76000,12.57000,61568655,-0.006324,12.57000,12.58000,12.76000,-0.006324
25785,2021-03-10,F,FORD MOTOR CO DEL,,,12.62000,12.98000,12.91000,62111181,0.027049,12.90000,12.91000,12.72000,0.027049
25785,2021-03-11,F,FORD MOTOR CO DEL,,,12.75000,13.05940,12.81000,56536460,-0.007746,12.80000,12.81000,12.94000,-0.007746
25785,2021-03-12,F,FORD MOTOR CO DEL,,,12.77000,13.43000,13.37000,87160077,0.043716,13.36000,13.37000,12.78000,0.043716
25785,2021-03-15,F,FORD MOTOR CO DEL,,,13.05010,13.62000,13.20000,65229000,-0.012715,13.19000,13.20000,13.39000,-0.012715
25785,2021-03-16,F,FORD MOTOR CO DEL,,,12.43000,13.15000,12.49000,125425273,-0.053788,12.48000,12.49000,13.06000,-0.053788
25785,2021-03-17,F,FORD MOTOR CO DEL,,,12.22000,12.70000,12.69000,109324385,0.016013,12.68000,12.69000,12.34000,0.016013
25785,2021-03-18,F,FORD MOTOR CO DEL,,,12.44000,13.01000,12.49000,76733254,-0.015760,12.49000,12.50000,12.70000,-0.015760
25785,2021-03-19,F,FORD MOTOR CO DEL,,,12.55000,12.95000,12.83000,90885155,0.027222,12.82000,12.83000,12.85000,0.027222
25785,2021-03-22,F,FORD MOTOR CO DEL,,,12.51000,12.93000,12.85000,81362146,0.001559,12.86000,12.87000,12.85000,0.001559
25785,2021-03-23,F,FORD MOTOR CO DEL,,,12.12000,12.68000,12.21000,73020161,-0.049805,12.21000,12.22000,12.57000,-0.049805
25785,2021-03-24,F,FORD MOTOR CO DEL,,,12.12000,12.53000,12.14000,54534406,-0.005733,12.13000,12.14000,12.36000,-0.005733
25785,2021-03-25,F,FORD MOTOR CO DEL,,,11.72000,12.35000,12.32000,54201830,0.014827,12.32000,12.33000,11.94000,0.014827
25785,2021-03-26,F,FORD MOTOR CO DEL,,,12.06000,12.49000,12.30000,49239811,-0.001623,12.29000,12.30000,12.43000,-0.001623
25785,2021-03-29,F,FORD MOTOR CO DEL,,,12.06500,12.36000,12.15000,44747925,-0.012195,12.14000,12.15000,12.20000,-0.012195
25785,2021-03-30,F,FORD MOTOR CO DEL,,,12.11000,12.48000,12.46000,49762308,0.025514,12.46000,12.47000,12.16000,0.025514
25785,2021-03-31,F,FORD MOTOR CO DEL,,,12.21000,12.54000,12.25000,60456889,-0.016854,12.25000,12.26000,12.46000,-0.016854
25785,2021-04-01,F,FORD MOTOR CO DEL,,,12.02000,12.29000,12.17000,61907459,-0.006531,12.16000,12.17000,12.28000,-0.006531
25785,2021-04-05,F,FORD MOTOR CO DEL,,,12.33000,12.78000,12.70000,82332728,0.043550,12.70000,12.71000,12.39000,0.043550
25785,2021-04-06,F,FORD MOTOR CO DEL,,,12.64000,12.99000,12.92000,67499426,0.017323,12.91000,12.92000,12.70000,0.017323
25785,2021-04-07,F,FORD MOTOR CO DEL,,,12.66000,12.93000,12.73000,42264039,-0.014706,12.72000,12.73000,12.87000,-0.014706
25785,2021-04-08,F,FORD MOTOR CO DEL,,,12.43000,12.76000,12.51000,52621966,-0.017282,12.50000,12.51000,12.67000,-0.017282
25785,2021-04-09,F,FORD MOTOR CO DEL,,,12.39000,12.62000,12.51000,40555411,0.000000,12.50000,12.51000,12.49000,0.000000
25785,2021-04-12,F,FORD MOTOR CO DEL,,,12.32000,12.55000,12.38000,40422762,-0.010392,12.38000,12.39000,12.50000,-0.010392
25785,2021-04-13,F,FORD MOTOR CO DEL,,,12.10000,12.44500,12.20000,51555966,-0.014540,12.19000,12.20000,12.39000,-0.014540
25785,2021-04-14,F,FORD MOTOR CO DEL,,,12.20000,12.49000,12.24000,49877492,0.003279,12.24000,12.25000,12.20000,0.003279
25785,2021-04-15,F,FORD MOTOR CO DEL,,,12.12500,12.32000,12.24000,38209311,0.000000,12.23000,12.24000,12.30000,0.000000
25785,2021-04-16,F,FORD MOTOR CO DEL,,,12.19000,12.36000,12.23000,33132872,-0.000817,12.23000,12.24000,12.32000,-0.000817
25785,2021-04-19,F,FORD MOTOR CO DEL,,,12.02000,12.25000,12.11000,39063481,-0.009812,12.11000,12.12000,12.22000,-0.009812
25785,2021-04-20,F,FORD MOTOR CO DEL,,,11.35000,12.06000,11.45000,83170803,-0.054500,11.45000,11.46000,12.06000,-0.054500
25785,2021-04-21,F,FORD MOTOR CO DEL,,,11.18000,11.74000,11.73000,49641132,0.024454,11.72000,11.73000,11.36000,0.024454
25785,2021-04-22,F,FORD MOTOR CO DEL,,,11.83000,12.15000,11.94000,73064376,0.017903,11.94000,11.95000,12.06000,0.017903
25785,2021-04-23,F,FORD MOTOR CO DEL,,,11.87000,12.24000,12.22000,51898945,0.023451,12.21000,12.22000,11.97000,0.023451
25785,2021-04-26,F,FORD MOTOR CO DEL,,,12.23000,12.44140,12.27000,40863760,0.004092,12.27000,12.28000,12.28000,0.004092
25785,2021-04-27,F,FORD MOTOR CO DEL,,,12.27000,12.50000,12.49000,42037752,0.017930,12.49000,12.50000,12.29000,0.017930
25785,2021-04-28,F,FORD MOTOR CO DEL,,,12.38500,12.60000,12.43000,68023415,-0.004804,12.43000,12.44000,12.60000,-0.004804
25785,2021-04-29,F,FORD MOTOR CO DEL,,,11.14000,11.91000,11.26000,230430629,-0.094127,11.25000,11.26000,11.91000,-0.094127
25785,2021-04-30,F,FORD MOTOR CO DEL,,,11.33000,11.54000,11.54000,90786462,0.024867,11.53000,11.54000,11.36000,0.024867
25785,2021-05-03,F,FORD MOTOR CO DEL,,,11.43000,11.68000,11.63000,61987297,0.007799,11.62000,11.63000,11.56000,0.007799
25785,2021-05-04,F,FORD MOTOR CO DEL,,,11.23000,11.55000,11.41000,71007685,-0.018917,11.41000,11.42000,11.53000,-0.018917
25785,2021-05-05,F,FORD MOTOR CO DEL,,,11.40000,11.64000,11.61000,64495457,0.017528,11.61000,11.62000,11.50000,0.017528
25785,2021-05-06,F,FORD MOTOR CO DEL,,,11.48000,11.76000,11.74000,50032823,0.011197,11.73000,11.74000,11.55000,0.011197
25785,2021-05-07,F,FORD MOTOR CO DEL,,,11.52000,11.83000,11.82000,41525840,0.006814,11.81000,11.82000,11.65000,0.006814
25785,2021-05-10,F,FORD MOTOR CO DEL,,,11.70000,11.93000,11.71000,51703508,-0.009306,11.71000,11.72000,11.78000,-0.009306
25785,2021-05-11,F,FORD MOTOR CO DEL,,,11.42000,11.76000,11.58000,56882624,-0.011102,11.57000,11.58000,11.45000,-0.011102
25785,2021-05-12,F,FORD MOTOR CO DEL,,,11.28000,11.68000,11.33000,55663086,-0.021589,11.32000,11.33000,11.54000,-0.021589
25785,2021-05-13,F,FORD MOTOR CO DEL,,,11.35000,11.68000,11.55000,56598472,0.019418,11.55000,11.56000,11.36000,0.019418
25785,2021-05-14,F,FORD MOTOR CO DEL,,,11.62000,11.87000,11.84000,48619221,0.025108,11.83000,11.84000,11.65000,0.025108
25785,2021-05-17,F,FORD MOTOR CO DEL,,,11.79000,12.18000,12.15000,52201744,0.026182,12.15000,12.16000,11.82000,0.026182
25785,2021-05-18,F,FORD MOTOR CO DEL,,,12.13000,12.53000,12.14000,72472888,-0.000823,12.14000,12.15000,12.29000,-0.000823
25785,2021-05-19,F,FORD MOTOR CO DEL,,,11.85000,12.21000,12.11000,70220759,-0.002471,12.11000,12.12000,12.03000,-0.002471
25785,2021-05-20,F,FORD MOTOR CO DEL,,,12.30000,12.69000,12.49000,106243905,0.031379,12.48000,12.49000,12.52000,0.031379
25785,2021-05-21,F,FORD MOTOR CO DEL,,,12.57000,13.47000,13.33000,200958563,0.067254,13.33000,13.34000,12.70000,0.067254
25785,2021-05-24,F,FORD MOTOR CO DEL,,,12.92000,13.38000,13.06000,111374304,-0.020255,13.06000,13.07000,13.38000,-0.020255
25785,2021-05-25,F,FORD MOTOR CO DEL,,,12.80000,13.43000,12.81000,113383362,-0.019142,12.80000,12.81000,13.13000,-0.019142
25785,2021-05-26,F,FORD MOTOR CO DEL,,,13.10000,13.95000,13.90000,227538655,0.085090,13.89000,13.90000,13.16000,0.085090
25785,2021-05-27,F,FORD MOTOR CO DEL,,,14.12000,15.05000,14.88000,278939123,0.070504,14.87000,14.88000,14.38000,0.070504
25785,2021-05-28,F,FORD MOTOR CO DEL,,,14.41000,15.05000,14.53000,152105344,-0.023522,14.52000,14.53000,15.01000,-0.023522
25785,2021-06-01,F,FORD MOTOR CO DEL,,,14.46000,14.83500,14.81000,89070986,0.019271,14.80000,14.81000,14.72000,0.019271
25785,2021-06-02,F,FORD MOTOR CO DEL,,,14.68000,15.02000,14.91000,77517193,0.006752,14.90000,14.91000,14.90000,0.006752
25785,2021-06-03,F,FORD MOTOR CO DEL,,,14.98500,16.06000,15.99000,179671434,0.072435,16.00000,16.01000,15.15000,0.072435
25785,2021-06-04,F,FORD MOTOR CO DEL,,,15.79500,16.45500,15.97000,151787957,-0.001251,15.96000,15.97000,16.33000,-0.001251
25785,2021-06-07,F,FORD MOTOR CO DEL,,,15.65000,16.20000,15.88000,90915337,-0.005636,15.87000,15.88000,16.01000,-0.005636
25785,2021-06-08,F,FORD MOTOR CO DEL,,,15.33000,15.80000,15.63000,93891092,-0.015743,15.62000,15.63000,15.76000,-0.015743
25785,2021-06-09,F,FORD MOTOR CO DEL,,,15.39000,15.62000,15.48000,60079052,-0.009597,15.48000,15.49000,15.60000,-0.009597
25785,2021-06-10,F,FORD MOTOR CO DEL,,,15.08000,15.78000,15.11000,78147471,-0.023902,15.11000,15.12000,15.59000,-0.023902
25785,2021-06-11,F,FORD MOTOR CO DEL,,,15.17000,15.43000,15.28000,50613467,0.011251,15.27000,15.28000,15.30000,0.011251
25785,2021-06-14,F,FORD MOTOR CO DEL,,,14.81500,15.30000,14.87000,82666035,-0.026832,14.87000,14.88000,15.23000,-0.026832
25785,2021-06-15,F,FORD MOTOR CO DEL,,,14.76000,15.16000,15.00000,62612748,0.008742,15.00000,15.01000,14.91000,0.008742
25785,2021-06-16,F,FORD MOTOR CO DEL,,,14.88000,15.29000,15.02000,69112883,0.001333,15.01000,15.02000,15.10000,0.001333
25785,2021-06-17,F,FORD MOTOR CO DEL,,,14.58000,15.40000,14.77000,126653125,-0.016644,14.77000,14.78000,15.30000,-0.016644
25785,2021-06-18,F,FORD MOTOR CO DEL,,,14.44000,14.76500,14.52000,76319715,-0.016926,14.51000,14.52000,14.54000,-0.016926
25785,2021-06-21,F,FORD MOTOR CO DEL,,,14.55000,14.90000,14.78000,63384994,0.017906,14.77000,14.78000,14.63000,0.017906
25785,2021-06-22,F,FORD MOTOR CO DEL,,,14.81500,15.11000,14.91000,65545914,0.008796,14.90000,14.91000,15.02000,0.008796
25785,2021-06-23,F,FORD MOTOR CO DEL,,,15.03000,15.53000,15.42000,94985665,0.034205,15.42000,15.43000,15.14000,0.034205
25785,2021-06-24,F,FORD MOTOR CO DEL,,,15.15000,15.55000,15.26000,79859804,-0.010376,15.26000,15.27000,15.54000,-0.010376
25785,2021-06-25,F,FORD MOTOR CO DEL,,,15.18000,15.52000,15.19000,111760462,-0.004587,15.19000,15.20000,15.24000,-0.004587
25785,2021-06-28,F,FORD MOTOR CO DEL,,,14.83000,15.21000,14.96000,79477432,-0.015142,14.95000,14.96000,15.20000,-0.015142
25785,2021-06-29,F,FORD MOTOR CO DEL,,,14.87500,15.20000,15.01000,68208165,0.003342,15.01000,15.02000,15.05000,0.003342
25785,2021-06-30,F,FORD MOTOR CO DEL,,,14.81000,15.11000,14.86000,72213527,-0.009993,14.85000,14.86000,14.95000,-0.009993
25785,2021-07-01,F,FORD MOTOR CO DEL,,,14.84000,14.97000,14.91000,51112228,0.003365,14.91000,14.92000,14.91000,0.003365
25785,2021-07-02,F,FORD MOTOR CO DEL,,,14.83000,15.04000,14.93000,43824909,0.001341,14.93000,14.94000,14.96000,0.001341
25785,2021-07-06,F,FORD MOTOR CO DEL,,,14.39000,14.88000,14.50000,73990625,-0.028801,14.50000,14.51000,14.87000,-0.028801
25785,2021-07-07,F,FORD MOTOR CO DEL,,,14.02000,14.46000,14.23000,72992469,-0.018621,14.23000,14.24000,14.41000,-0.018621
25785,2021-07-08,F,FORD MOTOR CO DEL,,,13.73500,14.23000,14.06000,62706837,-0.011947,14.06000,14.07000,13.96000,-0.011947
25785,2021-07-09,F,FORD MOTOR CO DEL,,,14.27000,14.57500,14.48000,65981221,0.029872,14.47000,14.48000,14.44500,0.029872
25785,2021-07-12,F,FORD MOTOR CO DEL,,,14.24000,14.74000,14.61000,49205150,0.008978,14.61000,14.62000,14.36000,0.008978
25785,2021-07-13,F,FORD MOTOR CO DEL,,,14.29500,14.62500,14.42000,45360600,-0.013005,14.42000,14.43000,14.50000,-0.013005
25785,2021-07-14,F,FORD MOTOR CO DEL,,,14.20000,14.63000,14.25000,39056159,-0.011789,14.25000,14.26000,14.43000,-0.011789
25785,2021-07-15,F,FORD MOTOR CO DEL,,,13.94000,14.30000,14.01000,44952312,-0.016842,14.01000,14.02000,14.15000,-0.016842
25785,2021-07-16,F,FORD MOTOR CO DEL,,,13.58000,14.14000,13.61000,48065197,-0.028551,13.61000,13.62000,14.12000,-0.028551
25785,2021-07-19,F,FORD MOTOR CO DEL,,,12.79010,13.32000,13.28000,99949231,-0.024247,13.28000,13.29000,13.25000,-0.024247
25785,2021-07-20,F,FORD MOTOR CO DEL,,,13.28000,13.96000,13.91000,70731783,0.047440,13.91000,13.92000,13.37000,0.047440
25785,2021-07-21,F,FORD MOTOR CO DEL,,,14.03000,14.34000,14.19000,53817490,0.020129,14.19000,14.20000,14.05000,0.020129
25785,2021-07-22,F,FORD MOTOR CO DEL,,,13.78000,14.14000,13.91000,40440124,-0.019732,13.90000,13.91000,14.08000,-0.019732
25785,2021-07-23,F,FORD MOTOR CO DEL,,,13.73000,14.04000,13.82000,37927867,-0.006470,13.81000,13.82000,13.97000,-0.006470
25785,2021-07-26,F,FORD MOTOR CO DEL,,,13.87000,14.08150,14.03000,43838035,0.015195,14.02000,14.03000,13.90000,0.015195
25785,2021-07-27,F,FORD MOTOR CO DEL,,,13.65000,13.95500,13.79000,41963237,-0.017106,13.79000,13.80000,13.93000,-0.017106
25785,2021-07-28,F,FORD MOTOR CO DEL,,,13.56500,13.99000,13.86000,70653462,0.005076,13.87000,13.88000,13.86000,0.005076
25785,2021-07-29,F,FORD MOTOR CO DEL,,,14.30000,14.79000,14.39000,111154778,0.038240,14.38000,14.39000,14.51000,0.038240
25785,2021-07-30,F,FORD MOTOR CO DEL,,,13.87000,14.30000,13.95000,74955713,-0.030577,13.95000,13.96000,14.23000,-0.030577
25785,2021-08-02,F,FORD MOTOR CO DEL,,,13.88000,14.33000,13.91000,64673717,-0.002867,13.91000,13.92000,14.02000,-0.002867
25785,2021-08-03,F,FORD MOTOR CO DEL,,,13.64000,14.08000,14.02000,53257695,0.007908,14.02000,14.03000,13.97000,0.007908
25785,2021-08-04,F,FORD MOTOR CO DEL,,,13.30000,13.93000,13.32000,81502700,-0.049929,13.31000,13.32000,13.85000,-0.049929
25785,2021-08-05,F,FORD MOTOR CO DEL,,,13.45000,13.82000,13.71000,60524396,0.029279,13.70000,13.71000,13.54000,0.029279
25785,2021-08-06,F,FORD MOTOR CO DEL,,,13.73000,13.91000,13.80000,44450636,0.006565,13.79000,13.80000,13.82000,0.006565
25785,2021-08-09,F,FORD MOTOR CO DEL,,,13.55000,13.82000,13.75000,38760378,-0.003623,13.75000,13.76000,13.72000,-0.003623
25785,2021-08-10,F,FORD MOTOR CO DEL,,,13.66000,13.91000,13.82000,32120825,0.005091,13.81000,13.82000,13.77000,0.005091
25785,2021-08-11,F,FORD MOTOR CO DEL,,,13.67000,13.95000,13.93000,42795585,0.007960,13.93000,13.94000,13.86000,0.007960
25785,2021-08-12,F,FORD MOTOR CO DEL,,,13.79000,14.05000,13.90000,38608652,-0.002154,13.89000,13.90000,13.92000,-0.002154
25785,2021-08-13,F,FORD MOTOR CO DEL,,,13.54000,13.95000,13.59000,45118472,-0.022302,13.59000,13.60000,13.88000,-0.022302
25785,2021-08-16,F,FORD MOTOR CO DEL,,,13.32000,13.56000,13.46000,38757778,-0.009566,13.46000,13.47000,13.50000,-0.009566
25785,2021-08-17,F,FORD MOTOR CO DEL,,,12.81000,13.33000,12.99000,74625322,-0.034918,12.98000,12.99000,13.32000,-0.034918
25785,2021-08-18,F,FORD MOTOR CO DEL,,,12.90000,13.21000,13.00000,50966744,0.000770,13.00000,13.01000,12.95000,0.000770
25785,2021-08-19,F,FORD MOTOR CO DEL,,,12.57000,12.92000,12.67000,69038770,-0.025385,12.65000,12.66000,12.80000,-0.025385
25785,2021-08-20,F,FORD MOTOR CO DEL,,,12.38000,12.67000,12.57000,53615575,-0.007893,12.57000,12.58000,12.61000,-0.007893
25785,2021-08-23,F,FORD MOTOR CO DEL,,,12.47000,12.85000,12.73000,64573553,0.012729,12.72000,12.73000,12.71000,0.012729
25785,2021-08-24,F,FORD MOTOR CO DEL,,,12.76000,13.14000,13.08000,53672503,0.027494,13.07000,13.08000,12.81000,0.027494
25785,2021-08-25,F,FORD MOTOR CO DEL,,,13.02000,13.28000,13.17000,51195455,0.006881,13.17000,13.18000,13.12000,0.006881
25785,2021-08-26,F,FORD MOTOR CO DEL,,,12.81000,13.13000,12.90000,57559820,-0.020501,12.89000,12.90000,13.11000,-0.020501
25785,2021-08-27,F,FORD MOTOR CO DEL,,,12.87000,13.37000,13.31000,57587271,0.031783,13.31000,13.32000,12.89000,0.031783
25785,2021-08-30,F,FORD MOTOR CO DEL,,,13.03000,13.37000,13.05000,42720093,-0.019534,13.05000,13.06000,13.35000,-0.019534
25785,2021-08-31,F,FORD MOTOR CO DEL,,,12.93000,13.13500,13.03000,42212703,-0.001533,13.03000,13.04000,13.02000,-0.001533
25785,2021-09-01,F,FORD MOTOR CO DEL,,,12.90000,13.22000,13.11000,58817182,0.006140,13.11000,13.12000,13.03000,0.006140
25785,2021-09-02,F,FORD MOTOR CO DEL,,,12.97000,13.21000,13.01000,49120277,-0.007628,13.01000,13.02000,13.09000,-0.007628
25785,2021-09-03,F,FORD MOTOR CO DEL,,,12.87000,13.05000,12.89000,41709668,-0.009224,12.88000,12.89000,12.99000,-0.009224
25785,2021-09-07,F,FORD MOTOR CO DEL,,,12.81000,13.04000,12.95000,63838734,0.004655,12.95000,12.96000,12.83000,0.004655
25785,2021-09-08,F,FORD MOTOR CO DEL,,,12.91000,13.22000,13.03000,57828570,0.006178,13.02000,13.03000,12.97000,0.006178
25785,2021-09-09,F,FORD MOTOR CO DEL,,,12.72000,12.95000,12.76000,68612391,-0.020721,12.75000,12.76000,12.95000,-0.020721
25785,2021-09-10,F,FORD MOTOR CO DEL,,,12.66000,12.93000,12.68000,48619590,-0.006270,12.67000,12.68000,12.84000,-0.006270
25785,2021-09-13,F,FORD MOTOR CO DEL,,,12.62000,12.99000,12.99000,62143198,0.024448,12.98000,12.99000,12.76000,0.024448
25785,2021-09-14,F,FORD MOTOR CO DEL,,,12.79000,13.06000,12.86000,47458037,-0.010008,12.85000,12.86000,12.93000,-0.010008
25785,2021-09-15,F,FORD MOTOR CO DEL,,,12.81000,13.25000,13.22000,60185287,0.027994,13.21000,13.22000,12.89000,0.027994
25785,2021-09-16,F,FORD MOTOR CO DEL,,,13.10000,13.53000,13.40000,76274058,0.013616,13.40000,13.41000,13.18000,0.013616
25785,2021-09-17,F,FORD MOTOR CO DEL,,,13.39000,13.70000,13.55000,76216903,0.011194,13.55000,13.56000,13.41000,0.011194
25785,2021-09-20,F,FORD MOTOR CO DEL,,,12.63000,13.19000,12.82000,126152174,-0.053875,12.82000,12.83000,13.07000,-0.053875
25785,2021-09-21,F,FORD MOTOR CO DEL,,,12.66000,12.97000,12.77000,60473075,-0.003900,12.76000,12.77000,12.88500,-0.003900
25785,2021-09-22,F,FORD MOTOR CO DEL,,,12.90500,13.39000,13.23000,75784038,0.036022,13.23000,13.24000,12.92000,0.036022
25785,2021-09-23,F,FORD MOTOR CO DEL,,,13.32000,13.74000,13.71000,68708095,0.036281,13.70000,13.71000,13.35000,0.036281
25785,2021-09-24,F,FORD MOTOR CO DEL,,,13.64000,13.94000,13.78000,57440218,0.005106,13.78000,13.79000,13.66000,0.005106
25785,2021-09-27,F,FORD MOTOR CO DEL,,,13.88000,14.29000,14.16000,68769650,0.027576,14.16000,14.17000,13.89000,0.027576
25785,2021-09-28,F,FORD MOTOR CO DEL,,,14.23000,14.73000,14.31000,107090949,0.010593,14.31000,14.32000,14.63000,0.010593
25785,2021-09-29,F,FORD MOTOR CO DEL,,,14.17000,14.50000,14.30000,56805504,-0.000699,14.29000,14.30000,14.46000,-0.000699
25785,2021-09-30,F,FORD MOTOR CO DEL,,,14.09000,14.32000,14.16000,78820537,-0.009790,14.15000,14.16000,14.26000,-0.009790
25785,2021-10-01,F,FORD MOTOR CO DEL,,,14.01000,14.37000,14.16000,51880916,0.000000,14.15000,14.16000,14.26000,0.000000
25785,2021-10-04,F,FORD MOTOR CO DEL,,,14.22000,14.79000,14.35000,78332497,0.013418,14.34000,14.35000,14.27000,0.013418
25785,2021-10-05,F,FORD MOTOR CO DEL,,,14.11000,14.44000,14.29000,55915797,-0.004181,14.29000,14.30000,14.44000,-0.004181
25785,2021-10-06,F,FORD MOTOR CO DEL,,,13.89000,14.34000,14.12000,61020278,-0.011896,14.12000,14.13000,14.14000,-0.011896
25785,2021-10-07,F,FORD MOTOR CO DEL,,,14.30500,14.95000,14.89000,96557549,0.054533,14.89000,14.90000,14.34000,0.054533
25785,2021-10-08,F,FORD MOTOR CO DEL,,,14.85000,15.49000,15.12000,99468887,0.015447,15.11000,15.12000,14.92000,0.015447
25785,2021-10-11,F,FORD MOTOR CO DEL,,,14.97000,15.36000,15.09000,45302310,-0.001984,15.09000,15.10000,15.20000,-0.001984
25785,2021-10-12,F,FORD MOTOR CO DEL,,,15.01000,15.68000,15.64000,89134009,0.036448,15.64000,15.65000,15.11000,0.036448
25785,2021-10-13,F,FORD MOTOR CO DEL,,,15.27000,15.69000,15.51000,63363486,-0.008312,15.51000,15.52000,15.59000,-0.008312
25785,2021-10-14,F,FORD MOTOR CO DEL,,,15.37000,15.62000,15.45000,50875110,-0.003868,15.45000,15.46000,15.62000,-0.003868
25785,2021-10-15,F,FORD MOTOR CO DEL,,,15.53500,16.03000,15.70000,77211817,0.016181,15.70000,15.71000,15.54000,0.016181
25785,2021-10-18,F,FORD MOTOR CO DEL,,,15.48500,15.65000,15.56000,48643809,-0.008917,15.56000,15.57000,15.57000,-0.008917
25785,2021-10-19,F,FORD MOTOR CO DEL,,,15.37000,15.69000,15.42000,44668310,-0.008997,15.42000,15.43000,15.60000,-0.008997
25785,2021-10-20,F,FORD MOTOR CO DEL,,,15.37000,16.16000,16.04000,105213717,0.040208,16.04000,16.05000,15.43000,0.040208
25785,2021-10-21,F,FORD MOTOR CO DEL,,,16.13000,16.70000,16.55000,95854951,0.031795,16.54000,16.55000,16.16000,0.031795
25785,2021-10-22,F,FORD MOTOR CO DEL,,,16.23000,16.54000,16.28000,60646754,-0.016314,16.27000,16.28000,16.42000,-0.016314
25785,2021-10-25,F,FORD MOTOR CO DEL,,,15.81000,16.50000,16.00000,67808039,-0.017199,16.00000,16.01000,16.40000,-0.017199
25785,2021-10-26,F,FORD MOTOR CO DEL,,,15.70000,16.22000,15.94000,64882295,-0.003750,15.94000,15.95000,16.09000,-0.003750
25785,2021-10-27,F,FORD MOTOR CO DEL,,,15.50000,15.92000,15.51000,96094256,-0.026976,15.51000,15.52000,15.79000,-0.026976
25785,2021-10-28,F,FORD MOTOR CO DEL,,,16.71000,17.58000,16.86000,215237578,0.087041,16.85000,16.86000,16.86000,0.087041
25785,2021-10-29,F,FORD MOTOR CO DEL,,,16.55000,17.35500,17.08000,100560723,0.013049,17.08000,17.09000,16.86000,0.013049
25785,2021-11-01,F,FORD MOTOR CO DEL,,,17.07000,17.97000,17.95000,125246485,0.050937,17.94000,17.95000,17.50000,0.050937
25785,2021-11-02,F,FORD MOTOR CO DEL,,,17.73000,18.19000,18.01000,115146196,0.003343,18.01000,18.02000,18.15000,0.003343
25785,2021-11-03,F,FORD MOTOR CO DEL,,,17.88000,18.83000,18.63000,104755458,0.034425,18.63000,18.64000,17.92000,0.034425
25785,2021-11-04,F,FORD MOTOR CO DEL,,,18.72000,19.50000,19.42000,157505547,0.042405,19.41000,19.42000,18.92000,0.042405
25785,2021-11-05,F,FORD MOTOR CO DEL,,,18.99000,19.72000,19.29000,122232174,-0.006694,19.28000,19.29000,19.71000,-0.006694
25785,2021-11-08,F,FORD MOTOR CO DEL,,,19.24000,20.42000,20.15000,153490430,0.044583,20.15000,20.16000,19.40000,0.044583
25785,2021-11-09,F,FORD MOTOR CO DEL,,,19.41000,20.51000,20.12000,164928461,-0.001489,20.11000,20.12000,20.50500,-0.001489
25785,2021-11-10,F,FORD MOTOR CO DEL,,,19.06000,20.47000,19.36000,229109585,-0.037773,19.36000,19.37000,19.88000,-0.037773
25785,2021-11-11,F,FORD MOTOR CO DEL,,,19.26360,19.84000,19.55000,96436462,0.009814,19.55000,19.56000,19.64000,0.009814
25785,2021-11-12,F,FORD MOTOR CO DEL,,,19.21010,19.62000,19.50000,77837876,-0.002558,19.49000,19.50000,19.38000,-0.002558
25785,2021-11-15,F,FORD MOTOR CO DEL,,,19.14000,19.95000,19.86000,84838610,0.018462,19.85000,19.86000,19.46000,0.018462
25785,2021-11-16,F,FORD MOTOR CO DEL,,,19.53000,20.06000,19.79000,66557180,-0.003525,19.78000,19.79000,19.90000,-0.003525
25785,2021-11-17,F,FORD MOTOR CO DEL,,,19.44000,20.01000,19.96000,80855162,0.008590,19.96000,19.97000,19.74000,0.008590
25785,2021-11-18,F,FORD MOTOR CO DEL,,,19.36000,20.26000,19.56000,111368830,-0.015030,19.55000,19.56000,20.16000,-0.020040
25785,2021-11-19,F,FORD MOTOR CO DEL,,,19.24000,19.66690,19.39000,64610377,-0.008691,19.38000,19.39000,19.64000,-0.008691
25785,2021-11-22,F,FORD MOTOR CO DEL,,,19.30500,20.79000,20.48000,137861746,0.056215,20.47000,20.48000,19.39000,0.056215
25785,2021-11-23,F,FORD MOTOR CO DEL,,,19.97000,20.53000,20.20000,90984519,-0.013672,20.19000,20.20000,20.43000,-0.013672
25785,2021-11-24,F,FORD MOTOR CO DEL,,,19.78000,20.34000,20.25000,77324307,0.002475,20.24000,20.25000,19.97000,0.002475
25785,2021-11-26,F,FORD MOTOR CO DEL,,,19.47000,19.84000,19.75000,49434029,-0.024691,19.74000,19.75000,19.66000,-0.024691
25785,2021-11-29,F,FORD MOTOR CO DEL,,,19.49000,20.19000,19.67000,68778690,-0.004051,19.66000,19.67000,20.07000,-0.004051
25785,2021-11-30,F,FORD MOTOR CO DEL,,,19.03000,19.95000,19.19000,103238403,-0.024403,19.19000,19.20000,19.62000,-0.024403
25785,2021-12-01,F,FORD MOTOR CO DEL,,,19.53000,20.47000,19.58000,125478335,0.020323,19.57000,19.58000,19.63000,0.020323
25785,2021-12-02,F,FORD MOTOR CO DEL,,,19.28000,20.11000,19.87000,94142272,0.014811,19.87000,19.88000,19.50000,0.014811
25785,2021-12-03,F,FORD MOTOR CO DEL,,,18.93000,20.40000,19.14000,120275163,-0.036739,19.14000,19.15000,20.37000,-0.036739
25785,2021-12-06,F,FORD MOTOR CO DEL,,,18.61480,19.49000,19.22000,88147408,0.004180,19.23000,19.24000,19.23000,0.004180
25785,2021-12-07,F,FORD MOTOR CO DEL,,,19.52000,20.06000,19.96000,75885619,0.038502,19.96000,19.97000,19.65000,0.038502
25785,2021-12-08,F,FORD MOTOR CO DEL,,,19.75000,20.19000,19.81000,63246825,-0.007515,19.81000,19.82000,20.18000,-0.007515
25785,2021-12-09,F,FORD MOTOR CO DEL,,,19.54000,19.93000,19.57000,63357578,-0.012115,19.57000,19.58000,19.76000,-0.012115
25785,2021-12-10,F,FORD MOTOR CO DEL,,,19.75670,21.49000,21.45000,169657197,0.096065,21.45000,21.46000,19.77000,0.096065
25785,2021-12-13,F,FORD MOTOR CO DEL,,,20.13000,21.30000,20.43000,126632315,-0.047552,20.43000,20.44000,21.24000,-0.047552
25785,2021-12-14,F,FORD MOTOR CO DEL,,,19.38000,20.18000,20.05000,124559737,-0.018600,20.05000,20.06000,19.80000,-0.018600
25785,2021-12-15,F,FORD MOTOR CO DEL,,,19.55000,20.33000,20.19000,79679724,0.006983,20.17000,20.18000,19.99000,0.006983
25785,2021-12-16,F,FORD MOTOR CO DEL,,,20.26000,21.10000,20.35000,107020894,0.007925,20.34000,20.35000,20.57000,0.007925
25785,2021-12-17,F,FORD MOTOR CO DEL,,,19.60000,20.24000,19.77000,98962927,-0.028501,19.77000,19.78000,20.03000,-0.028501
25785,2021-12-20,F,FORD MOTOR CO DEL,,,19.05000,19.61990,19.42000,74565603,-0.017704,19.42000,19.43000,19.46000,-0.017704
25785,2021-12-21,F,FORD MOTOR CO DEL,,,19.33000,19.79000,19.61000,58930944,0.009784,19.61000,19.62000,19.75000,0.009784
25785,2021-12-22,F,FORD MOTOR CO DEL,,,19.64000,20.34000,20.14000,75806410,0.027027,20.14000,20.15000,19.64000,0.027027
25785,2021-12-23,F,FORD MOTOR CO DEL,,,20.00000,20.41000,20.25000,50610458,0.005462,20.25000,20.26000,20.08000,0.005462
25785,2021-12-27,F,FORD MOTOR CO DEL,,,20.10000,20.89000,20.80000,59651800,0.027160,20.80000,20.81000,20.26000,0.027160
25785,2021-12-28,F,FORD MOTOR CO DEL,,,20.59000,21.06000,20.76000,53020539,-0.001923,20.77000,20.78000,20.66000,-0.001923
25785,2021-12-29,F,FORD MOTOR CO DEL,,,20.45000,20.77000,20.56000,37882981,-0.009634,20.57000,20.58000,20.71000,-0.009634
25785,2021-12-30,F,FORD MOTOR CO DEL,,,20.47000,20.96000,20.47000,51470113,-0.004377,20.47000,20.48000,20.59000,-0.004377
25785,2021-12-31,F,FORD MOTOR CO DEL,,,20.46000,21.01000,20.77000,51899612,0.014656,20.76000,20.77000,20.46000,0.014656
25785,2022-01-03,F,FORD MOTOR CO DEL,,,21.06000,21.88000,21.77000,110964650,0.048146,21.75000,21.76000,21.27000,0.048146
25785,2022-01-04,F,FORD MOTOR CO DEL,,,22.42000,24.55760,24.31000,311645226,0.116674,24.31000,24.32000,22.52000,0.116674
25785,2022-01-05,F,FORD MOTOR CO DEL,,,23.47000,24.95000,23.66000,253540030,-0.026738,23.65000,23.66000,24.06000,-0.026738
25785,2022-01-06,F,FORD MOTOR CO DEL,,,23.36000,24.62000,24.46000,155058829,0.033812,24.45000,24.46000,24.09000,0.033812
25785,2022-01-07,F,FORD MOTOR CO DEL,,,24.04000,24.91000,24.44000,127017482,-0.000818,24.43000,24.44000,24.67000,-0.000818
25785,2022-01-10,F,FORD MOTOR CO DEL,,,23.35000,24.44000,23.85000,122800705,-0.024141,23.84000,23.85000,24.10000,-0.024141
25785,2022-01-11,F,FORD MOTOR CO DEL,,,23.28000,24.35000,24.35000,106011628,0.020964,24.34000,24.35000,23.78000,0.020964
25785,2022-01-12,F,FORD MOTOR CO DEL,,,24.01000,24.84000,24.47000,104049995,0.004928,24.47000,24.48000,24.61000,0.004928
25785,2022-01-13,F,FORD MOTOR CO DEL,,,24.37000,25.87000,25.02000,185780529,0.022477,25.01000,25.02000,24.64000,0.022477
25785,2022-01-14,F,FORD MOTOR CO DEL,,,24.30000,25.28000,25.19000,146012226,0.006795,25.18000,25.19000,24.47000,0.006795
25785,2022-01-18,F,FORD MOTOR CO DEL,,,24.30000,25.13000,24.38000,110820118,-0.032156,24.38000,24.39000,24.87000,-0.032156
25785,2022-01-19,F,FORD MOTOR CO DEL,,,22.41000,24.92000,22.45000,153198159,-0.079163,22.45000,22.46000,24.65000,-0.079163
25785,2022-01-20,F,FORD MOTOR CO DEL,,,21.57000,22.88000,21.65000,152014122,-0.035635,21.64000,21.65000,21.88000,-0.035635
25785,2022-01-21,F,FORD MOTOR CO DEL,,,20.54000,21.50000,20.65000,145532883,-0.046189,20.64000,20.65000,21.21000,-0.046189
25785,2022-01-24,F,FORD MOTOR CO DEL,,,18.80000,20.47000,20.39000,186937311,-0.012591,20.39000,20.40000,19.93000,-0.012591
25785,2022-01-25,F,FORD MOTOR CO DEL,,,19.56000,20.31000,19.98000,116775836,-0.020108,19.95000,19.96000,20.00000,-0.020108
25785,2022-01-26,F,FORD MOTOR CO DEL,,,19.57000,21.04000,19.91000,135786383,-0.003503,19.89000,19.90000,21.01000,-0.003503
25785,2022-01-27,F,FORD MOTOR CO DEL,,,19.41000,20.65000,19.55000,105674407,-0.018081,19.54000,19.55000,20.31000,-0.018081
25785,2022-01-28,F,FORD MOTOR CO DEL,,,18.92450,19.55000,19.54000,87677099,0.004604,19.53000,19.54000,19.32000,-0.000511
25785,2022-01-31,F,FORD MOTOR CO DEL,,,19.37010,20.33000,20.30000,91361949,0.038894,20.30000,20.31000,19.58000,0.038894
25785,2022-02-01,F,FORD MOTOR CO DEL,,,19.92000,20.85000,20.66000,117651761,0.017734,20.65000,20.66000,20.61000,0.017734
25785,2022-02-02,F,FORD MOTOR CO DEL,,,20.18000,21.05000,20.63000,95377617,-0.001452,20.61000,20.62000,20.81000,-0.001452
25785,2022-02-03,F,FORD MOTOR CO DEL,,,19.87000,20.62000,19.89000,103015970,-0.035870,19.90000,19.91000,20.17000,-0.035870
25785,2022-02-04,F,FORD MOTOR CO DEL,,,17.52000,18.59000,17.96000,211100496,-0.097034,17.95000,17.96000,18.52500,-0.097034
25785,2022-02-07,F,FORD MOTOR CO DEL,,,17.70000,18.12000,17.89000,84609973,-0.003898,17.87000,17.88000,17.73000,-0.003898
25785,2022-02-08,F,FORD MOTOR CO DEL,,,17.02000,17.91000,17.72000,142694301,-0.009503,17.71000,17.72000,17.57500,-0.009503
25785,2022-02-09,F,FORD MOTOR CO DEL,,,18.03000,18.43000,18.35000,87118588,0.035553,18.34000,18.35000,18.27000,0.035553
25785,2022-02-10,F,FORD MOTOR CO DEL,,,17.92000,18.63000,18.08000,76195321,-0.014714,18.07000,18.08000,17.96500,-0.014714
25785,2022-02-11,F,FORD MOTOR CO DEL,,,17.42000,18.36000,17.55000,94534092,-0.029314,17.53000,17.54000,18.10000,-0.029314
25785,2022-02-14,F,FORD MOTOR CO DEL,,,17.29000,17.72990,17.46000,78625022,-0.005128,17.45000,17.46000,17.51000,-0.005128
25785,2022-02-15,F,FORD MOTOR CO DEL,,,17.72000,18.13000,18.08000,66043642,0.035510,18.07000,18.08000,17.80000,0.035510
25785,2022-02-16,F,FORD MOTOR CO DEL,,,17.74000,18.21000,18.01000,57442108,-0.003872,18.01000,18.02000,17.88500,-0.003872
25785,2022-02-17,F,FORD MOTOR CO DEL,,,17.50000,17.94000,17.54000,55368605,-0.026097,17.53000,17.54000,17.86000,-0.026097
25785,2022-02-18,F,FORD MOTOR CO DEL,,,17.57000,18.48000,18.04000,106404212,0.028506,18.03000,18.04000,17.60000,0.028506
25785,2022-02-22,F,FORD MOTOR CO DEL,,,17.07000,17.76000,17.29000,98550682,-0.041574,17.29000,17.30000,17.67000,-0.041574
25785,2022-02-23,F,FORD MOTOR CO DEL,,,16.88000,17.73000,16.95000,79855388,-0.019665,16.94000,16.95000,17.50000,-0.019665
25785,2022-02-24,F,FORD MOTOR CO DEL,,,15.95500,17.19000,17.15000,110443935,0.011799,17.14000,17.15000,15.99000,0.011799
25785,2022-02-25,F,FORD MOTOR CO DEL,,,17.12000,17.90000,17.83000,78887954,0.039650,17.82000,17.83000,17.25000,0.039650
25785,2022-02-28,F,FORD MOTOR CO DEL,,,17.21010,17.67500,17.56000,82367839,-0.015143,17.55000,17.56000,17.34000,-0.015143
25785,2022-03-01,F,FORD MOTOR CO DEL,,,16.45000,17.41000,16.70000,94819514,-0.048975,16.69000,16.70000,17.41000,-0.048975
25785,2022-03-02,F,FORD MOTOR CO DEL,,,17.29500,18.24900,18.10000,138638206,0.083832,18.09000,18.10000,17.50000,0.083832
25785,2022-03-03,F,FORD MOTOR CO DEL,,,17.44000,18.25000,17.60000,95395521,-0.027624,17.60000,17.61000,18.25000,-0.027624
25785,2022-03-04,F,FORD MOTOR CO DEL,,,16.64000,17.39000,16.85000,91440118,-0.042614,16.85000,16.86000,17.35000,-0.042614
25785,2022-03-07,F,FORD MOTOR CO DEL,,,15.97000,16.90000,15.97000,87999215,-0.052226,15.97000,15.98000,16.84000,-0.052226
25785,2022-03-08,F,FORD MOTOR CO DEL,,,15.77000,16.72000,16.03000,101020299,0.003757,16.03000,16.04000,16.06000,0.003757
25785,2022-03-09,F,FORD MOTOR CO DEL,,,16.28000,16.83000,16.37000,62846720,0.021210,16.36000,16.37000,16.65000,0.021210
25785,2022-03-10,F,FORD MOTOR CO DEL,,,15.76000,16.40500,16.33000,72992643,-0.002444,16.33000,16.34000,16.11000,-0.002444
25785,2022-03-11,F,FORD MOTOR CO DEL,,,16.01000,16.48000,16.04000,54985888,-0.017759,16.03000,16.04000,16.40000,-0.017759
25785,2022-03-14,F,FORD MOTOR CO DEL,,,15.51000,16.23000,15.74000,66341703,-0.018703,15.73000,15.74000,16.08500,-0.018703
25785,2022-03-15,F,FORD MOTOR CO DEL,,,15.53000,16.14000,16.06000,65263720,0.020330,16.06000,16.07000,15.77000,0.020330
25785,2022-03-16,F,FORD MOTOR CO DEL,,,16.06000,16.62980,16.58000,82677638,0.032379,16.57000,16.58000,16.47000,0.032379
25785,2022-03-17,F,FORD MOTOR CO DEL,,,16.16000,16.58000,16.58000,58500236,0.000000,16.57000,16.58000,16.23000,0.000000
25785,2022-03-18,F,FORD MOTOR CO DEL,,,16.28000,16.89500,16.86000,89144035,0.016888,16.85000,16.86000,16.42000,0.016888
25785,2022-03-21,F,FORD MOTOR CO DEL,,,16.33000,17.10550,16.48000,72583599,-0.022539,16.48000,16.49000,16.87000,-0.022539
25785,2022-03-22,F,FORD MOTOR CO DEL,,,16.70010,17.30500,17.09000,77647141,0.037015,17.09000,17.10000,16.72000,0.037015
25785,2022-03-23,F,FORD MOTOR CO DEL,,,16.56500,17.05000,16.68000,63296760,-0.023991,16.67000,16.68000,16.82000,-0.023991
25785,2022-03-24,F,FORD MOTOR CO DEL,,,16.64000,16.98000,16.83000,56314211,0.008993,16.82000,16.83000,16.74000,0.008993
25785,2022-03-25,F,FORD MOTOR CO DEL,,,16.34000,16.78000,16.47000,62023077,-0.021390,16.47000,16.48000,16.74000,-0.021390
25785,2022-03-28,F,FORD MOTOR CO DEL,,,16.28000,16.68000,16.67000,54634367,0.012143,16.66000,16.67000,16.55000,0.012143
25785,2022-03-29,F,FORD MOTOR CO DEL,,,17.01000,17.80000,17.75000,90676867,0.064787,17.74000,17.75000,17.01000,0.064787
25785,2022-03-30,F,FORD MOTOR CO DEL,,,17.20000,17.66000,17.27000,57853378,-0.027042,17.27000,17.28000,17.52000,-0.027042
25785,2022-03-31,F,FORD MOTOR CO DEL,,,16.50000,17.35000,16.91000,52529385,-0.020845,16.91000,16.92000,17.20000,-0.020845
25785,2022-04-01,F,FORD MOTOR CO DEL,,,16.34000,17.15000,16.65000,64695720,-0.015376,16.64000,16.65000,17.01000,-0.015376
25785,2022-04-04,F,FORD MOTOR CO DEL,,,16.36000,16.73000,16.66000,51272017,0.000601,16.65000,16.66000,16.66000,0.000601
25785,2022-04-05,F,FORD MOTOR CO DEL,,,15.81000,16.62000,15.82000,91708013,-0.050420,15.82000,15.83000,16.46000,-0.050420
25785,2022-04-06,F,FORD MOTOR CO DEL,,,15.18000,15.79710,15.39000,102881637,-0.027181,15.39000,15.40000,15.60000,-0.027181
25785,2022-04-07,F,FORD MOTOR CO DEL,,,14.56000,15.20500,14.96000,101229103,-0.027940,14.95000,14.96000,15.07000,-0.027940
25785,2022-04-08,F,FORD MOTOR CO DEL,,,14.81000,15.44000,15.05000,75085830,0.006016,15.05000,15.06000,14.94000,0.006016
25785,2022-04-11,F,FORD MOTOR CO DEL,,,14.89000,15.77000,15.28000,66117103,0.015282,15.28000,15.29000,14.89000,0.015282
25785,2022-04-12,F,FORD MOTOR CO DEL,,,15.28000,15.72000,15.36000,49138730,0.005236,15.36000,15.37000,15.50000,0.005236
25785,2022-04-13,F,FORD MOTOR CO DEL,,,15.22000,15.54500,15.51000,51871792,0.009766,15.51000,15.52000,15.31000,0.009766
25785,2022-04-14,F,FORD MOTOR CO DEL,,,15.46000,15.76000,15.48000,39312913,-0.001934,15.47000,15.48000,15.50000,-0.001934
25785,2022-04-18,F,FORD MOTOR CO DEL,,,15.37000,15.79000,15.67000,40205834,0.012274,15.67000,15.68000,15.37000,0.012274
25785,2022-04-19,F,FORD MOTOR CO DEL,,,15.74000,16.23000,16.15000,55398336,0.030632,16.14000,16.15000,15.74000,0.030632
25785,2022-04-20,F,FORD MOTOR CO DEL,,,16.00500,16.55000,16.05000,47351527,-0.006192,16.04000,16.05000,16.23000,-0.006192
25785,2022-04-21,F,FORD MOTOR CO DEL,,,15.61000,16.57000,15.70000,49898525,-0.021807,15.70000,15.71000,16.48000,-0.021807
25785,2022-04-22,F,FORD MOTOR CO DEL,,,15.00000,15.64000,15.13000,56193732,-0.036306,15.13000,15.14000,15.55000,-0.036306
25785,2022-04-25,F,FORD MOTOR CO DEL,,,14.61500,15.20000,15.19000,58361444,0.010575,15.19000,15.20000,14.91000,0.003966
25785,2022-04-26,F,FORD MOTOR CO DEL,,,14.67000,15.14000,14.71000,60345349,-0.031600,14.70000,14.71000,15.10000,-0.031600
25785,2022-04-27,F,FORD MOTOR CO DEL,,,14.60000,15.09810,14.85000,65847946,0.009517,14.83000,14.84000,14.79000,0.009517
25785,2022-04-28,F,FORD MOTOR CO DEL,,,13.90000,14.99000,14.62000,131556516,-0.015488,14.64000,14.65000,14.91000,-0.015488
25785,2022-04-29,F,FORD MOTOR CO DEL,,,14.09500,14.97000,14.16000,83184883,-0.031464,14.15000,14.16000,14.59000,-0.031464
25785,2022-05-02,F,FORD MOTOR CO DEL,,,13.82000,14.29000,14.27000,64733985,0.007768,14.27000,14.28000,14.02000,0.007768
25785,2022-05-03,F,FORD MOTOR CO DEL,,,14.20000,14.75000,14.56000,55734191,0.020322,14.56000,14.57000,14.31000,0.020322
25785,2022-05-04,F,FORD MOTOR CO DEL,,,14.26000,15.00000,14.98000,59774925,0.028846,14.97000,14.98000,14.50500,0.028846
25785,2022-05-05,F,FORD MOTOR CO DEL,,,14.33500,14.82000,14.53000,57889180,-0.030040,14.54000,14.55000,14.82000,-0.030040
25785,2022-05-06,F,FORD MOTOR CO DEL,,,14.00000,14.60000,14.21000,66622187,-0.022023,14.21000,14.22000,14.46000,-0.022023
25785,2022-05-09,F,FORD MOTOR CO DEL,,,13.31000,14.17000,13.37000,71241967,-0.059113,13.37000,13.38000,13.85000,-0.059113
25785,2022-05-10,F,FORD MOTOR CO DEL,,,13.02000,13.84000,13.35000,75506696,-0.001496,13.34000,13.35000,13.80000,-0.001496
25785,2022-05-11,F,FORD MOTOR CO DEL,,,12.79000,13.62000,12.83000,71644862,-0.038951,12.83000,12.84000,13.20000,-0.038951
25785,2022-05-12,F,FORD MOTOR CO DEL,,,12.15000,12.80000,12.44000,113203905,-0.030398,12.44000,12.45000,12.21000,-0.030398
25785,2022-05-13,F,FORD MOTOR CO DEL,,,12.87000,13.63000,13.50000,78944174,0.085209,13.49000,13.50000,12.88000,0.085209
25785,2022-05-16,F,FORD MOTOR CO DEL,,,12.98000,13.52000,13.05000,65055361,-0.033333,13.05000,13.06000,13.49000,-0.033333
25785,2022-05-17,F,FORD MOTOR CO DEL,,,13.16000,13.53000,13.53000,50891367,0.036782,13.52000,13.53000,13.34000,0.036782
25785,2022-05-18,F,FORD MOTOR CO DEL,,,12.71000,13.36000,12.78000,68362515,-0.055432,12.78000,12.79000,13.25000,-0.055432
25785,2022-05-19,F,FORD MOTOR CO DEL,,,12.63000,13.12000,12.85000,58459580,0.005477,12.85000,12.86000,12.64000,0.005477
25785,2022-05-20,F,FORD MOTOR CO DEL,,,12.07000,13.12000,12.50000,78183396,-0.027237,12.50000,12.51000,13.05000,-0.027237
25785,2022-05-23,F,FORD MOTOR CO DEL,,,12.49500,12.95000,12.83000,51929583,0.026400,12.83000,12.84000,12.64000,0.026400
25785,2022-05-24,F,FORD MOTOR CO DEL,,,12.27000,12.68000,12.42000,51082798,-0.031956,12.42000,12.43000,12.60000,-0.031956
25785,2022-05-25,F,FORD MOTOR CO DEL,,,12.32000,12.81000,12.71000,41193123,0.023349,12.70000,12.71000,12.33000,0.023349
25785,2022-05-26,F,FORD MOTOR CO DEL,,,12.79000,13.20000,13.12000,45709234,0.032258,13.12000,13.13000,12.80000,0.032258
25785,2022-05-27,F,FORD MOTOR CO DEL,,,13.24000,13.63000,13.63000,54195687,0.038872,13.61000,13.62000,13.26000,0.038872
25785,2022-05-31,F,FORD MOTOR CO DEL,,,13.35000,13.82000,13.68000,79689888,0.003668,13.68000,13.69000,13.68000,0.003668
25785,2022-06-01,F,FORD MOTOR CO DEL,,,13.40000,13.97000,13.55000,50726208,-0.009503,13.55000,13.56000,13.88000,-0.009503
25785,2022-06-02,F,FORD MOTOR CO DEL,,,13.60000,13.96000,13.89000,42979744,0.025092,13.88000,13.89000,13.64000,0.025092
25785,2022-06-03,F,FORD MOTOR CO DEL,,,13.36000,13.77500,13.50000,43625247,-0.028078,13.49000,13.50000,13.63000,-0.028078
25785,2022-06-06,F,FORD MOTOR CO DEL,,,13.38000,13.74000,13.46000,37711084,-0.002963,13.46000,13.47000,13.74000,-0.002963
25785,2022-06-07,F,FORD MOTOR CO DEL,,,13.18500,13.77000,13.74000,38940314,0.020802,13.73000,13.74000,13.26000,0.020802
25785,2022-06-08,F,FORD MOTOR CO DEL,,,13.44000,13.85000,13.53000,39441855,-0.015284,13.53000,13.54000,13.63000,-0.015284
25785,2022-06-09,F,FORD MOTOR CO DEL,,,13.28000,13.59000,13.28000,30516275,-0.018477,13.28000,13.29000,13.51000,-0.018477
25785,2022-06-10,F,FORD MOTOR CO DEL,,,12.63000,13.21000,12.75000,55684140,-0.039910,12.74000,12.75000,13.00000,-0.039910
25785,2022-06-13,F,FORD MOTOR CO DEL,,,11.74000,12.38000,11.81000,80676250,-0.073725,11.81000,11.82000,12.30000,-0.073725
25785,2022-06-14,F,FORD MOTOR CO DEL,,,11.91000,12.42000,12.20000,82369315,0.033023,12.20000,12.21000,11.99000,0.033023
25785,2022-06-15,F,FORD MOTOR CO DEL,,,12.00000,12.42000,12.27000,70393220,0.005738,12.26000,12.27000,12.22000,0.005738
25785,2022-06-16,F,FORD MOTOR CO DEL,,,11.12000,11.91000,11.25000,80380104,-0.083130,11.25000,11.26000,11.80000,-0.083130
25785,2022-06-17,F,FORD MOTOR CO DEL,,,10.90000,11.44000,11.23000,80248810,-0.001778,11.23000,11.24000,11.24000,-0.001778
25785,2022-06-21,F,FORD MOTOR CO DEL,,,11.35000,11.65500,11.46000,66283391,0.020481,11.46000,11.47000,11.55000,0.020481
25785,2022-06-22,F,FORD MOTOR CO DEL,,,11.21000,11.68000,11.48000,46171774,0.001745,11.47000,11.48000,11.26000,0.001745
25785,2022-06-23,F,FORD MOTOR CO DEL,,,11.25000,11.58000,11.56000,53654975,0.006969,11.55000,11.56000,11.50000,0.006969
25785,2022-06-24,F,FORD MOTOR CO DEL,,,11.57000,12.12000,12.01000,55457632,0.038927,12.01000,12.02000,11.65000,0.038927
25785,2022-06-27,F,FORD MOTOR CO DEL,,,11.90000,12.18000,12.04000,44009930,0.002498,12.04000,12.05000,12.12000,0.002498
25785,2022-06-28,F,FORD MOTOR CO DEL,,,11.80000,12.43500,11.81000,45920625,-0.019103,11.81000,11.82000,12.14000,-0.019103
25785,2022-06-29,F,FORD MOTOR CO DEL,,,11.38000,11.76000,11.52000,39474169,-0.024555,11.51000,11.52000,11.74000,-0.024555
25785,2022-06-30,F,FORD MOTOR CO DEL,,,10.93000,11.36000,11.13000,59238167,-0.033854,11.13000,11.14000,11.24000,-0.033854
25785,2022-07-01,F,FORD MOTOR CO DEL,,,10.99000,11.50000,11.32000,54355968,0.017071,11.31000,11.32000,11.10000,0.017071
25785,2022-07-05,F,FORD MOTOR CO DEL,,,10.61000,11.21000,11.20000,87459036,-0.010601,11.20000,11.21000,11.05000,-0.010601
25785,2022-07-06,F,FORD MOTOR CO DEL,,,10.84000,11.27000,11.06000,71282906,-0.012500,11.06000,11.07000,11.15000,-0.012500
25785,2022-07-07,F,FORD MOTOR CO DEL,,,11.33000,11.72000,11.65000,63000442,0.053345,11.64000,11.65000,11.33000,0.053345
25785,2022-07-08,F,FORD MOTOR CO DEL,,,11.48000,11.78000,11.62000,55235554,-0.002575,11.61000,11.62000,11.65000,-0.002575
25785,2022-07-11,F,FORD MOTOR CO DEL,,,11.27000,11.66000,11.29000,48889102,-0.028399,11.28000,11.29000,11.54000,-0.028399
25785,2022-07-12,F,FORD MOTOR CO DEL,,,11.27000,11.72000,11.56000,58414501,0.023915,11.56000,11.57000,11.29000,0.023915
25785,2022-07-13,F,FORD MOTOR CO DEL,,,11.17000,11.58000,11.51000,48274267,-0.004325,11.50000,11.51000,11.31000,-0.004325
25785,2022-07-14,F,FORD MOTOR CO DEL,,,11.14000,11.40000,11.39000,48176330,-0.010426,11.38000,11.39000,11.22000,-0.010426
25785,2022-07-15,F,FORD MOTOR CO DEL,,,11.49000,11.90000,11.88000,49306946,0.043020,11.88000,11.89000,11.58000,0.043020
25785,2022-07-18,F,FORD MOTOR CO DEL,,,11.90000,12.25000,11.96000,45873440,0.006734,11.96000,11.97000,12.15000,0.006734
25785,2022-07-19,F,FORD MOTOR CO DEL,,,12.21000,12.69000,12.59000,62650805,0.052676,12.58000,12.59000,12.22000,0.052676
25785,2022-07-20,F,FORD MOTOR CO DEL,,,12.51000,12.82000,12.73000,51932197,0.011120,12.73000,12.74000,12.60000,0.011120
25785,2022-07-21,F,FORD MOTOR CO DEL,,,12.63000,13.00000,13.00000,66949188,0.021210,12.99000,13.00000,12.88000,0.021210
25785,2022-07-22,F,FORD MOTOR CO DEL,,,12.72000,13.14000,12.82000,46724714,-0.013846,12.84000,12.85000,13.10000,-0.013846
25785,2022-07-25,F,FORD MOTOR CO DEL,,,12.60000,12.99000,12.84000,36830490,0.001560,12.84000,12.85000,12.85000,0.001560
25785,2022-07-26,F,FORD MOTOR CO DEL,,,12.46000,12.76000,12.54000,49272323,-0.023365,12.54000,12.55000,12.68000,-0.023365
25785,2022-07-27,F,FORD MOTOR CO DEL,,,12.63000,13.19000,13.19000,64572325,0.051834,13.17000,13.18000,12.75000,0.051834
25785,2022-07-28,F,FORD MOTOR CO DEL,,,13.38000,14.09000,14.00000,144096499,0.061410,13.99000,14.00000,13.94000,0.061410
25785,2022-07-29,F,FORD MOTOR CO DEL,,,14.00500,14.78500,14.69000,94551572,0.049286,14.68000,14.69000,14.11000,0.049286
25785,2022-08-01,F,FORD MOTOR CO DEL,,,14.55000,15.43000,15.34000,109521677,0.044248,15.33000,15.34000,14.66000,0.044248
25785,2022-08-02,F,FORD MOTOR CO DEL,,,15.12000,15.45000,15.16000,74626779,-0.011734,15.16000,15.17000,15.20000,-0.011734
25785,2022-08-03,F,FORD MOTOR CO DEL,,,15.46000,16.15000,15.69000,95846013,0.034960,15.69000,15.70000,15.48000,0.034960
25785,2022-08-04,F,FORD MOTOR CO DEL,,,15.31000,15.67000,15.37000,85039839,-0.020395,15.36000,15.37000,15.65000,-0.020395
25785,2022-08-05,F,FORD MOTOR CO DEL,,,15.13000,15.47000,15.30000,68093520,-0.004554,15.29000,15.30000,15.23000,-0.004554
25785,2022-08-08,F,FORD MOTOR CO DEL,,,15.55000,16.04000,15.78000,76118738,0.031373,15.78000,15.79000,15.57000,0.031373
25785,2022-08-09,F,FORD MOTOR CO DEL,,,15.15000,15.70000,15.19000,67676780,-0.037389,15.19000,15.20000,15.66000,-0.037389
25785,2022-08-10,F,FORD MOTOR CO DEL,,,15.23000,15.58000,15.50000,71607001,0.030283,15.49000,15.50000,15.47000,0.020408
25785,2022-08-11,F,FORD MOTOR CO DEL,,,15.61000,15.92000,15.83000,61567000,0.021290,15.82000,15.83000,15.80000,0.021290
25785,2022-08-12,F,FORD MOTOR CO DEL,,,15.84000,16.22000,16.18000,53182530,0.022110,16.16000,16.17000,15.95000,0.022110
25785,2022-08-15,F,FORD MOTOR CO DEL,,,15.94000,16.45000,16.32000,51779617,0.008653,16.31000,16.32000,16.00000,0.008653
25785,2022-08-16,F,FORD MOTOR CO DEL,,,16.26000,16.68000,16.43000,54028885,0.006740,16.42000,16.43000,16.30000,0.006740
25785,2022-08-17,F,FORD MOTOR CO DEL,,,15.90000,16.27000,16.03000,57118345,-0.024346,16.02000,16.03000,16.16000,-0.024346
25785,2022-08-18,F,FORD MOTOR CO DEL,,,15.86000,16.21000,16.15000,39414243,0.007486,16.13000,16.14000,15.99000,0.007486
25785,2022-08-19,F,FORD MOTOR CO DEL,,,15.77000,16.14000,15.88000,48597181,-0.016718,15.88000,15.89000,15.95000,-0.016718
25785,2022-08-22,F,FORD MOTOR CO DEL,,,14.91000,15.21000,15.08000,71321795,-0.050378,15.08000,15.09000,15.08000,-0.050378
25785,2022-08-23,F,FORD MOTOR CO DEL,,,15.09000,15.42000,15.32000,51288975,0.015915,15.31000,15.32000,15.09000,0.015915
25785,2022-08-24,F,FORD MOTOR CO DEL,,,15.24010,15.66000,15.52000,39508694,0.013055,15.52000,15.53000,15.32000,0.013055
25785,2022-08-25,F,FORD MOTOR CO DEL,,,15.58000,16.04000,15.93000,56401265,0.026418,15.94000,15.95000,15.60000,0.026418
25785,2022-08-26,F,FORD MOTOR CO DEL,,,15.41000,16.09000,15.41000,54517255,-0.032643,15.41000,15.42000,16.01000,-0.032643
25785,2022-08-29,F,FORD MOTOR CO DEL,,,15.19000,15.71000,15.57000,50416542,0.010383,15.57000,15.58000,15.20000,0.010383
25785,2022-08-30,F,FORD MOTOR CO DEL,,,15.17000,15.80000,15.45000,66034356,-0.007707,15.45000,15.46000,15.70000,-0.007707
25785,2022-08-31,F,FORD MOTOR CO DEL,,,15.24000,15.52000,15.24000,52058156,-0.013592,15.24000,15.25000,15.52000,-0.013592
25785,2022-09-01,F,FORD MOTOR CO DEL,,,14.78000,15.21500,15.19000,65299769,-0.003281,15.18000,15.19000,15.10000,-0.003281
25785,2022-09-02,F,FORD MOTOR CO DEL,,,15.06000,15.57000,15.16000,64565407,-0.001975,15.16000,15.17000,15.53000,-0.001975
25785,2022-09-06,F,FORD MOTOR CO DEL,,,14.84000,15.24000,15.03000,58676732,-0.008575,15.04000,15.05000,15.22000,-0.008575
25785,2022-09-07,F,FORD MOTOR CO DEL,,,14.79000,15.49000,15.43000,55087213,0.026613,15.42000,15.43000,14.91000,0.026613
25785,2022-09-08,F,FORD MOTOR CO DEL,,,15.02000,15.48000,15.47000,60075903,0.002592,15.47000,15.48000,15.16000,0.002592
25785,2022-09-09,F,FORD MOTOR CO DEL,,,15.32000,15.70000,15.42000,63420466,-0.003232,15.41000,15.42000,15.60000,-0.003232
25785,2022-09-12,F,FORD MOTOR CO DEL,,,15.45000,15.74000,15.54000,52656461,0.007782,15.54000,15.55000,15.55000,0.007782
25785,2022-09-13,F,FORD MOTOR CO DEL,,,14.70000,15.13000,14.74000,80842450,-0.051480,14.74000,14.75000,15.00000,-0.051480
25785,2022-09-14,F,FORD MOTOR CO DEL,,,14.44500,14.85000,14.66000,59571803,-0.005427,14.67000,14.68000,14.76000,-0.005427
25785,2022-09-15,F,FORD MOTOR CO DEL,,,14.68000,15.21000,14.89000,61377049,0.015689,14.89000,14.90000,14.69000,0.015689
25785,2022-09-16,F,FORD MOTOR CO DEL,,,14.47000,14.74000,14.72000,68454782,-0.011417,14.70000,14.71000,14.62000,-0.011417
25785,2022-09-19,F,FORD MOTOR CO DEL,,,14.49000,14.96000,14.93000,48696197,0.014266,14.93000,14.94000,14.50000,0.014266
25785,2022-09-20,F,FORD MOTOR CO DEL,,,13.01000,14.23000,13.09000,196339973,-0.123242,13.08000,13.09000,14.09000,-0.123242
25785,2022-09-21,F,FORD MOTOR CO DEL,,,13.05000,13.59000,13.05000,94271643,-0.003056,13.06000,13.07000,13.24000,-0.003056
25785,2022-09-22,F,FORD MOTOR CO DEL,,,12.75000,13.24000,12.77000,82004427,-0.021456,12.77000,12.78000,13.12000,-0.021456
25785,2022-09-23,F,FORD MOTOR CO DEL,,,11.95000,12.44000,12.31000,104043687,-0.036022,12.31000,12.32000,12.33000,-0.036022
25785,2022-09-26,F,FORD MOTOR CO DEL,,,11.93000,12.38000,11.99000,89300368,-0.025995,12.00000,12.01000,12.21000,-0.025995
25785,2022-09-27,F,FORD MOTOR CO DEL,,,11.66000,12.22000,11.91000,87044435,-0.006672,11.91000,11.92000,12.21000,-0.006672
25785,2022-09-28,F,FORD MOTOR CO DEL,,,11.76000,12.24000,12.18000,72701565,0.022670,12.16000,12.17000,11.91000,0.022670
25785,2022-09-29,F,FORD MOTOR CO DEL,,,11.36000,11.88000,11.47000,84534890,-0.058292,11.47000,11.48000,11.85000,-0.058292
25785,2022-09-30,F,FORD MOTOR CO DEL,,,11.19000,11.53000,11.20000,71688194,-0.023540,11.22000,11.23000,11.39000,-0.023540
25785,2022-10-03,F,FORD MOTOR CO DEL,,,11.13000,11.59000,11.47000,66198347,0.024107,11.46000,11.47000,11.38000,0.024107
25785,2022-10-04,F,FORD MOTOR CO DEL,,,11.94000,12.37000,12.36000,87629236,0.077594,12.36000,12.37000,11.96000,0.077594
25785,2022-10-05,F,FORD MOTOR CO DEL,,,12.13000,12.56000,12.51000,87919089,0.012136,12.49000,12.50000,12.38000,0.012136
25785,2022-10-06,F,FORD MOTOR CO DEL,,,12.19000,12.62990,12.36000,64531939,-0.011990,12.35000,12.36000,12.36000,-0.011990
25785,2022-10-07,F,FORD MOTOR CO DEL,,,12.00000,12.30000,12.20000,56494457,-0.012945,12.19000,12.20000,12.18000,-0.012945
25785,2022-10-10,F,FORD MOTOR CO DEL,,,11.20000,11.55000,11.36000,115548904,-0.068852,11.36000,11.37000,11.47000,-0.068852
25785,2022-10-11,F,FORD MOTOR CO DEL,,,11.18000,11.87000,11.56000,75173184,0.017606,11.55000,11.56000,11.30000,0.017606
25785,2022-10-12,F,FORD MOTOR CO DEL,,,11.35000,11.70000,11.54000,59628549,-0.001730,11.52000,11.53000,11.48000,-0.001730
25785,2022-10-13,F,FORD MOTOR CO DEL,,,11.20000,11.89000,11.77000,70487428,0.019931,11.75000,11.76000,11.24000,0.019931
25785,2022-10-14,F,FORD MOTOR CO DEL,,,11.56000,11.85000,11.67000,55154053,-0.008496,11.68000,11.69000,11.80000,-0.008496
25785,2022-10-17,F,FORD MOTOR CO DEL,,,11.66000,11.99000,11.83000,59561711,0.013710,11.82000,11.83000,11.98000,0.013710
25785,2022-10-18,F,FORD MOTOR CO DEL,,,11.91000,12.25000,12.03000,53603361,0.016906,12.04000,12.05000,12.22000,0.016906
25785,2022-10-19,F,FORD MOTOR CO DEL,,,11.86000,12.14000,12.13000,54130042,0.008313,12.13000,12.14000,11.91000,0.008313
25785,2022-10-20,F,FORD MOTOR CO DEL,,,11.73000,12.19500,11.77000,55568061,-0.029678,11.76000,11.77000,12.13000,-0.029678
25785,2022-10-21,F,FORD MOTOR CO DEL,,,11.67500,12.25000,12.19000,55132743,0.035684,12.20000,12.21000,11.74000,0.035684
25785,2022-10-24,F,FORD MOTOR CO DEL,,,12.18000,12.65000,12.48000,64717741,0.023790,12.48000,12.49000,12.30000,0.023790
25785,2022-10-25,F,FORD MOTOR CO DEL,,,12.46000,13.03000,12.83000,66391637,0.028045,12.84000,12.85000,12.58000,0.028045
25785,2022-10-26,F,FORD MOTOR CO DEL,,,12.52000,13.06000,12.82000,86986066,-0.000779,12.83000,12.84000,12.80000,-0.000779
25785,2022-10-27,F,FORD MOTOR CO DEL,,,12.42000,13.22000,13.00000,88421541,0.014041,13.02000,13.03000,12.77000,0.014041
25785,2022-10-28,F,FORD MOTOR CO DEL,,,12.97000,13.31000,13.26000,55777905,0.020000,13.25000,13.26000,13.00000,0.020000
25785,2022-10-31,F,FORD MOTOR CO DEL,,,13.14000,13.51000,13.37000,54676666,0.008296,13.38000,13.39000,13.15000,0.008296
25785,2022-11-01,F,FORD MOTOR CO DEL,,,13.15500,13.64500,13.40000,47454702,0.002244,13.39000,13.40000,13.57000,0.002244
25785,2022-11-02,F,FORD MOTOR CO DEL,,,13.06000,13.67000,13.06000,73673501,-0.025373,13.07000,13.08000,13.21500,-0.025373
25785,2022-11-03,F,FORD MOTOR CO DEL,,,12.77000,13.46000,13.26000,58782591,0.015314,13.24000,13.25000,12.81000,0.015314
25785,2022-11-04,F,FORD MOTOR CO DEL,,,13.27000,13.77000,13.51000,61489097,0.018854,13.50000,13.51000,13.57000,0.018854
25785,2022-11-07,F,FORD MOTOR CO DEL,,,13.37000,13.76000,13.70000,48176910,0.014064,13.71000,13.72000,13.61000,0.014064
25785,2022-11-08,F,FORD MOTOR CO DEL,,,13.51000,13.80000,13.72000,52731899,0.001460,13.71000,13.72000,13.78000,0.001460
25785,2022-11-09,F,FORD MOTOR CO DEL,,,13.28000,13.70000,13.31000,74199228,-0.029883,13.30000,13.31000,13.57000,-0.029883
25785,2022-11-10,F,FORD MOTOR CO DEL,,,13.67000,14.36000,14.18000,75638492,0.065364,14.16000,14.17000,13.69000,0.065364
25785,2022-11-11,F,FORD MOTOR CO DEL,,,14.20000,14.66600,14.50000,60187621,0.022567,14.50000,14.51000,14.26000,0.022567
25785,2022-11-14,F,FORD MOTOR CO DEL,,,14.06000,14.35000,14.06000,57691628,-0.020000,14.06000,14.07000,14.23000,-0.030345
25785,2022-11-15,F,FORD MOTOR CO DEL,,,14.20000,14.58000,14.30000,61835728,0.017070,14.28000,14.29000,14.29000,0.017070
25785,2022-11-16,F,FORD MOTOR CO DEL,,,13.84000,14.16500,13.90000,47484181,-0.027972,13.90000,13.91000,14.10000,-0.027972
25785,2022-11-17,F,FORD MOTOR CO DEL,,,13.55000,13.91000,13.91000,54317918,0.000719,13.89000,13.90000,13.66000,0.000719
25785,2022-11-18,F,FORD MOTOR CO DEL,,,13.82010,14.13000,13.99000,37101866,0.005751,13.99000,14.00000,14.08000,0.005751
25785,2022-11-21,F,FORD MOTOR CO DEL,,,13.66000,14.03990,13.95000,34087072,-0.002859,13.94000,13.95000,13.86000,-0.002859
25785,2022-11-22,F,FORD MOTOR CO DEL,,,13.98360,14.15000,14.07000,28738809,0.008602,14.06000,14.07000,14.04500,0.008602
25785,2022-11-23,F,FORD MOTOR CO DEL,,,13.85000,14.06000,14.03000,25974213,-0.002843,14.02000,14.03000,14.00000,-0.002843
25785,2022-11-25,F,FORD MOTOR CO DEL,,,13.90000,14.11000,14.08000,12980862,0.003564,14.09000,14.10000,13.96000,0.003564
25785,2022-11-28,F,FORD MOTOR CO DEL,,,13.70000,13.96000,13.73000,35299129,-0.024858,13.74000,13.75000,13.94000,-0.024858
25785,2022-11-29,F,FORD MOTOR CO DEL,,,13.71000,13.90000,13.75000,28380813,0.001457,13.74000,13.75000,13.85000,0.001457
25785,2022-11-30,F,FORD MOTOR CO DEL,,,13.45000,13.95000,13.90000,61537327,0.010909,13.90000,13.91000,13.78000,0.010909
25785,2022-12-01,F,FORD MOTOR CO DEL,,,14.00000,14.36000,14.08000,45335140,0.012950,14.07000,14.08000,14.09000,0.012950
25785,2022-12-02,F,FORD MOTOR CO DEL,,,13.75000,13.96720,13.86000,42417381,-0.015625,13.86000,13.87000,13.84000,-0.015625
25785,2022-12-05,F,FORD MOTOR CO DEL,,,13.37000,13.76990,13.38000,39714532,-0.034632,13.39000,13.40000,13.75000,-0.034632
25785,2022-12-06,F,FORD MOTOR CO DEL,,,13.06000,13.56500,13.28000,39995955,-0.007474,13.27000,13.28000,13.42000,-0.007474
25785,2022-12-07,F,FORD MOTOR CO DEL,,,13.09000,13.42000,13.10000,36609793,-0.013554,13.10000,13.11000,13.20000,-0.013554
25785,2022-12-08,F,FORD MOTOR CO DEL,,,13.07000,13.26000,13.12000,32376250,0.001527,13.12000,13.13000,13.20000,0.001527
25785,2022-12-09,F,FORD MOTOR CO DEL,,,13.04000,13.36000,13.18000,41553557,0.004573,13.19000,13.20000,13.04000,0.004573
25785,2022-12-12,F,FORD MOTOR CO DEL,,,13.10000,13.47000,13.46000,35473847,0.021244,13.46000,13.47000,13.20000,0.021244
25785,2022-12-13,F,FORD MOTOR CO DEL,,,13.37000,13.92000,13.57000,57872139,0.008172,13.57000,13.58000,13.78000,0.008172
25785,2022-12-14,F,FORD MOTOR CO DEL,,,13.36000,13.77500,13.48000,51199900,-0.006632,13.47000,13.48000,13.57000,-0.006632
25785,2022-12-15,F,FORD MOTOR CO DEL,,,12.95000,13.26000,13.03000,55725328,-0.033383,13.04000,13.05000,13.23000,-0.033383
25785,2022-12-16,F,FORD MOTOR CO DEL,,,12.08000,12.82000,12.12000,118345741,-0.069839,12.11000,12.12000,12.77000,-0.069839
25785,2022-12-19,F,FORD MOTOR CO DEL,,,11.54000,12.17000,11.69000,88062513,-0.035479,11.69000,11.70000,12.12000,-0.035479
25785,2022-12-20,F,FORD MOTOR CO DEL,,,11.12000,11.68000,11.47000,82057926,-0.018819,11.47000,11.48000,11.65000,-0.018819
25785,2022-12-21,F,FORD MOTOR CO DEL,,,11.55000,11.79000,11.78000,49256033,0.027027,11.78000,11.79000,11.61000,0.027027
25785,2022-12-22,F,FORD MOTOR CO DEL,,,11.10000,11.54000,11.31000,75158742,-0.039898,11.30000,11.31000,11.53500,-0.039898
25785,2022-12-23,F,FORD MOTOR CO DEL,,,11.22000,11.40000,11.36000,38200652,0.004421,11.36000,11.37000,11.27000,0.004421
25785,2022-12-27,F,FORD MOTOR CO DEL,,,11.13000,11.39000,11.20000,44837433,-0.014084,11.19000,11.20000,11.28000,-0.014084
25785,2022-12-28,F,FORD MOTOR CO DEL,,,10.90000,11.25000,10.95000,49375402,-0.022321,10.94000,10.95000,11.18000,-0.022321
25785,2022-12-29,F,FORD MOTOR CO DEL,,,11.05000,11.55000,11.54000,53550262,0.053881,11.53000,11.54000,11.08000,0.053881
25785,2022-12-30,F,FORD MOTOR CO DEL,,,11.39000,11.64000,11.63000,39232216,0.007799,11.63000,11.64000,11.40000,0.007799
25785,2023-01-03,F,FORD MOTOR CO DEL,,,11.57000,11.92000,11.68000,45809007,0.004299,11.67000,11.68000,11.82000,0.004299
25785,2023-01-04,F,FORD MOTOR CO DEL,,,11.73500,12.08000,12.01000,53429707,0.028253,12.00000,12.01000,11.88000,0.028253
25785,2023-01-05,F,FORD MOTOR CO DEL,,,11.88000,12.38000,12.25000,50785595,0.019983,12.24000,12.25000,12.11000,0.019983
25785,2023-01-06,F,FORD MOTOR CO DEL,,,12.10000,12.59000,12.58000,53089146,0.026939,12.57000,12.58000,12.12000,0.026939
25785,2023-01-09,F,FORD MOTOR CO DEL,,,12.55000,12.93000,12.69000,50865464,0.008744,12.68000,12.69000,12.74000,0.008744
25785,2023-01-10,F,FORD MOTOR CO DEL,,,12.50000,12.87000,12.84000,47065515,0.011820,12.84000,12.85000,12.68000,0.011820
25785,2023-01-11,F,FORD MOTOR CO DEL,,,12.89000,13.26000,13.22000,51911556,0.029595,13.21000,13.22000,12.93000,0.029595
25785,2023-01-12,F,FORD MOTOR CO DEL,,,13.11000,13.53000,13.43000,58113722,0.015885,13.42000,13.43000,13.27000,0.015885
25785,2023-01-13,F,FORD MOTOR CO DEL,,,12.47000,12.82000,12.72000,96444004,-0.052867,12.71000,12.72000,12.63000,-0.052867
25785,2023-01-17,F,FORD MOTOR CO DEL,,,12.43000,12.85000,12.67000,60774868,-0.003931,12.66000,12.67000,12.71000,-0.003931
25785,2023-01-18,F,FORD MOTOR CO DEL,,,12.40000,12.85000,12.41000,48774393,-0.020521,12.40000,12.41000,12.79000,-0.020521
25785,2023-01-19,F,FORD MOTOR CO DEL,,,12.04000,12.36000,12.18000,52918479,-0.018533,12.17000,12.18000,12.29000,-0.018533
25785,2023-01-20,F,FORD MOTOR CO DEL,,,12.08000,12.42000,12.40000,44349210,0.018062,12.40000,12.41000,12.21000,0.018062
25785,2023-01-23,F,FORD MOTOR CO DEL,,,12.43000,12.91000,12.80000,49688044,0.032258,12.80000,12.81000,12.48000,0.032258
25785,2023-01-24,F,FORD MOTOR CO DEL,,,12.62000,12.90000,12.74000,41537449,-0.004688,12.73000,12.74000,12.68000,-0.004688
25785,2023-01-25,F,FORD MOTOR CO DEL,,,12.48500,12.85000,12.79000,37739031,0.003925,12.78000,12.79000,12.60000,0.003925
25785,2023-01-26,F,FORD MOTOR CO DEL,,,12.71000,13.06500,12.92000,48970872,0.010164,12.91000,12.92000,12.99000,0.010164
25785,2023-01-27,F,FORD MOTOR CO DEL,,,12.87000,13.36500,13.27000,62114602,0.027090,13.27000,13.28000,12.88000,0.027090
25785,2023-01-30,F,FORD MOTOR CO DEL,,,12.86000,13.20000,12.89000,64512600,-0.028636,12.88000,12.89000,13.01000,-0.028636
25785,2023-01-31,F,FORD MOTOR CO DEL,,,13.25000,13.57000,13.51000,83093269,0.048099,13.50000,13.51000,13.39000,0.048099
25785,2023-02-01,F,FORD MOTOR CO DEL,,,13.49000,13.99000,13.79000,70640965,0.020725,13.80000,13.81000,13.52000,0.020725
25785,2023-02-02,F,FORD MOTOR CO DEL,,,14.03000,14.60000,14.32000,102579799,0.038434,14.33000,14.34000,14.17000,0.038434
25785,2023-02-03,F,FORD MOTOR CO DEL,,,12.78000,13.60990,13.23000,165500170,-0.076117,13.22000,13.23000,13.05000,-0.076117
25785,2023-02-06,F,FORD MOTOR CO DEL,,,12.78000,13.21000,13.14000,77262802,-0.006803,13.13000,13.14000,13.16000,-0.006803
25785,2023-02-07,F,FORD MOTOR CO DEL,,,12.98000,13.51000,13.45000,70671095,0.023592,13.45000,13.46000,13.08000,0.023592
25785,2023-02-08,F,FORD MOTOR CO DEL,,,13.30000,13.69000,13.42000,62028355,-0.002230,13.42000,13.43000,13.30000,-0.002230
25785,2023-02-09,F,FORD MOTOR CO DEL,,,13.40000,13.93000,13.49000,78667123,0.005216,13.48000,13.49000,13.65500,0.005216
25785,2023-02-10,F,FORD MOTOR CO DEL,,,12.51000,12.90000,12.73000,68205167,0.002965,12.72000,12.73000,12.84000,-0.056338
25785,2023-02-13,F,FORD MOTOR CO DEL,,,12.70000,13.10000,13.09000,64201899,0.028280,13.08000,13.09000,12.71000,0.028280
25785,2023-02-14,F,FORD MOTOR CO DEL,,,12.81500,13.19000,12.97000,75352906,-0.009167,12.96000,12.97000,12.99000,-0.009167
25785,2023-02-15,F,FORD MOTOR CO DEL,,,12.60000,12.94000,12.93000,66050079,-0.003084,12.93000,12.94000,12.75000,-0.003084
25785,2023-02-16,F,FORD MOTOR CO DEL,,,12.51000,13.14000,12.91000,64145476,-0.001547,12.90000,12.91000,12.73000,-0.001547
25785,2023-02-17,F,FORD MOTOR CO DEL,,,12.65000,12.94000,12.89000,54401004,-0.001549,12.88000,12.89000,12.82000,-0.001549
25785,2023-02-21,F,FORD MOTOR CO DEL,,,12.17000,12.81000,12.20000,77724245,-0.053530,12.20000,12.21000,12.72000,-0.053530
25785,2023-02-22,F,FORD MOTOR CO DEL,,,12.14000,12.31000,12.21000,52844734,0.000820,12.21000,12.22000,12.24000,0.000820
25785,2023-02-23,F,FORD MOTOR CO DEL,,,11.88000,12.36000,12.07000,57952832,-0.011466,12.07000,12.08000,12.32000,-0.011466
25785,2023-02-24,F,FORD MOTOR CO DEL,,,11.75000,11.97600,11.88000,50631582,-0.015741,11.88000,11.89000,11.82000,-0.015741
25785,2023-02-27,F,FORD MOTOR CO DEL,,,11.96000,12.42000,12.06000,60378082,0.015152,12.06000,12.07000,11.97500,0.015152
25785,2023-02-28,F,FORD MOTOR CO DEL,,,12.01000,12.18000,12.07000,59796834,0.000829,12.06000,12.07000,12.07000,0.000829
25785,2023-03-01,F,FORD MOTOR CO DEL,,,12.17000,12.54000,12.32000,85328789,0.020713,12.32000,12.33000,12.35000,0.020713
25785,2023-03-02,F,FORD MOTOR CO DEL,,,12.23000,12.55000,12.55000,78392015,0.018669,12.54000,12.55000,12.38000,0.018669
25785,2023-03-03,F,FORD MOTOR CO DEL,,,12.65000,13.10500,13.08000,80080208,0.042231,13.07000,13.08000,12.72000,0.042231
25785,2023-03-06,F,FORD MOTOR CO DEL,,,12.93000,13.18000,12.98000,50571191,-0.007645,12.98000,12.99000,13.08000,-0.007645
25785,2023-03-07,F,FORD MOTOR CO DEL,,,12.78000,12.98000,12.83000,46540445,-0.011556,12.82000,12.83000,12.94000,-0.011556
25785,2023-03-08,F,FORD MOTOR CO DEL,,,12.71000,13.01000,12.98000,46421009,0.011691,12.98000,12.99000,12.78000,0.011691
25785,2023-03-09,F,FORD MOTOR CO DEL,,,12.44000,13.08000,12.45000,65423519,-0.040832,12.45000,12.46000,13.02000,-0.040832
25785,2023-03-10,F,FORD MOTOR CO DEL,,,12.00000,12.51000,12.10000,73897397,-0.028112,12.10000,12.11000,12.43000,-0.028112
25785,2023-03-13,F,FORD MOTOR CO DEL,,,11.32000,12.30500,12.03000,119167591,-0.005785,12.02000,12.03000,11.93000,-0.005785
25785,2023-03-14,F,FORD MOTOR CO DEL,,,11.77000,12.31000,11.93000,93844167,-0.008313,11.93000,11.94000,12.21000,-0.008313
25785,2023-03-15,F,FORD MOTOR CO DEL,,,11.32000,11.73000,11.71000,108909267,-0.018441,11.71000,11.72000,11.49500,-0.018441
25785,2023-03-16,F,FORD MOTOR CO DEL,,,11.42000,11.89000,11.82000,74066944,0.009394,11.83000,11.84000,11.53000,0.009394
25785,2023-03-17,F,FORD MOTOR CO DEL,,,11.12000,11.72500,11.30000,249885126,-0.043993,11.30000,11.31000,11.70000,-0.043993
25785,2023-03-20,F,FORD MOTOR CO DEL,,,11.15000,11.48000,11.18000,74975054,-0.010619,11.18000,11.19000,11.33000,-0.010619
25785,2023-03-21,F,FORD MOTOR CO DEL,,,11.38000,11.78000,11.72000,74794901,0.048301,11.71000,11.72000,11.40000,0.048301
25785,2023-03-22,F,FORD MOTOR CO DEL,,,11.47000,11.94000,11.48000,69729141,-0.020478,11.47000,11.48000,11.76000,-0.020478
25785,2023-03-23,F,FORD MOTOR CO DEL,,,11.27000,11.78000,11.42000,74225336,-0.005226,11.41000,11.42000,11.65000,-0.005226
25785,2023-03-24,F,FORD MOTOR CO DEL,,,11.18000,11.51000,11.51000,72584554,0.007881,11.50000,11.51000,11.32000,0.007881
25785,2023-03-27,F,FORD MOTOR CO DEL,,,11.41000,11.70000,11.52000,55941139,0.000869,11.52000,11.53000,11.63000,0.000869
25785,2023-03-28,F,FORD MOTOR CO DEL,,,11.46000,11.65000,11.60000,41385908,0.006944,11.60000,11.61000,11.55000,0.006944
25785,2023-03-29,F,FORD MOTOR CO DEL,,,11.71000,12.06000,12.05000,48655408,0.038793,12.05000,12.06000,11.78000,0.038793
25785,2023-03-30,F,FORD MOTOR CO DEL,,,12.20000,12.39000,12.29000,57751293,0.019917,12.28000,12.29000,12.28000,0.019917
25785,2023-03-31,F,FORD MOTOR CO DEL,,,12.39000,12.63000,12.60000,66868199,0.025224,12.59000,12.60000,12.41000,0.025224
25785,2023-04-03,F,FORD MOTOR CO DEL,,,12.48000,12.73000,12.68000,55956287,0.006349,12.67000,12.68000,12.52500,0.006349
25785,2023-04-04,F,FORD MOTOR CO DEL,,,12.51000,12.85000,12.72000,54655660,0.003155,12.71000,12.72000,12.77000,0.003155
25785,2023-04-05,F,FORD MOTOR CO DEL,,,12.22000,12.65000,12.43000,53332895,-0.022799,12.43000,12.44000,12.58000,-0.022799
25785,2023-04-06,F,FORD MOTOR CO DEL,,,12.29000,12.48000,12.33000,36355779,-0.008045,12.32000,12.33000,12.41500,-0.008045
25785,2023-04-10,F,FORD MOTOR CO DEL,,,12.16000,12.72000,12.72000,61326170,0.031630,12.71000,12.72000,12.20000,0.031630
25785,2023-04-11,F,FORD MOTOR CO DEL,,,12.78500,13.07000,12.87000,63633649,0.011792,12.87000,12.88000,12.79000,0.011792
25785,2023-04-12,F,FORD MOTOR CO DEL,,,12.65000,13.08000,12.67000,53845481,-0.015540,12.67000,12.68000,13.06000,-0.015540
25785,2023-04-13,F,FORD MOTOR CO DEL,,,12.22000,12.64000,12.46000,75485674,-0.016575,12.46000,12.47000,12.64000,-0.016575
25785,2023-04-14,F,FORD MOTOR CO DEL,,,12.42000,12.66000,12.52000,43541955,0.004815,12.52000,12.53000,12.45000,0.004815
25785,2023-04-17,F,FORD MOTOR CO DEL,,,12.45500,12.68000,12.68000,40191114,0.012780,12.67000,12.68000,12.50000,0.012780
25785,2023-04-18,F,FORD MOTOR CO DEL,,,12.62000,12.76000,12.73000,38865869,0.003943,12.73000,12.74000,12.70000,0.003943
25785,2023-04-19,F,FORD MOTOR CO DEL,,,12.17000,12.60000,12.22000,69451849,-0.040063,12.21000,12.22000,12.60000,-0.040063
25785,2023-04-20,F,FORD MOTOR CO DEL,,,11.55000,11.93000,11.87000,79563052,-0.028642,11.86000,11.87000,11.81000,-0.028642
25785,2023-04-21,F,FORD MOTOR CO DEL,,,11.66000,11.91700,11.81000,46926458,-0.005055,11.81000,11.82000,11.90000,-0.005055
25785,2023-04-24,F,FORD MOTOR CO DEL,,,11.88000,12.18000,12.16000,57794695,0.029636,12.16000,12.17000,11.89000,0.029636
25785,2023-04-25,F,FORD MOTOR CO DEL,,,11.70000,11.98000,11.77000,63114709,-0.019737,11.75000,11.76000,11.97000,-0.032072
25785,2023-04-26,F,FORD MOTOR CO DEL,,,11.51000,11.86000,11.54000,58105314,-0.019541,11.53000,11.54000,11.80000,-0.019541
25785,2023-04-27,F,FORD MOTOR CO DEL,,,11.44000,11.71000,11.61000,53280322,0.006066,11.61000,11.62000,11.61000,0.006066
25785,2023-04-28,F,FORD MOTOR CO DEL,,,11.57000,11.94000,11.88000,55045022,0.023256,11.87000,11.88000,11.59000,0.023256
25785,2023-05-01,F,FORD MOTOR CO DEL,,,11.99000,12.29000,12.06000,59834199,0.015152,12.06000,12.07000,12.00500,0.015152
25785,2023-05-02,F,FORD MOTOR CO DEL,,,11.66000,12.09000,11.80000,91090362,-0.021559,11.80000,11.81000,12.05000,-0.021559
25785,2023-05-03,F,FORD MOTOR CO DEL,,,11.73000,12.09000,11.79000,94050677,-0.000847,11.79000,11.80000,11.74000,-0.000847
25785,2023-05-04,F,FORD MOTOR CO DEL,,,11.47000,11.83000,11.56000,79792934,-0.019508,11.55000,11.56000,11.80000,-0.019508
25785,2023-05-05,F,FORD MOTOR CO DEL,,,11.72000,12.04000,11.99000,64173265,0.037197,11.98000,11.99000,11.79000,0.037197
25785,2023-05-08,F,FORD MOTOR CO DEL,,,11.85000,12.05500,12.02000,49943813,0.002502,12.02000,12.03000,12.02000,0.002502
25785,2023-05-09,F,FORD MOTOR CO DEL,,,11.78000,11.93000,11.86000,42878330,-0.013311,11.86000,11.87000,11.89000,-0.013311
25785,2023-05-10,F,FORD MOTOR CO DEL,,,11.73000,12.04000,11.89000,49193077,0.002530,11.87000,11.88000,12.02000,0.002530
25785,2023-05-11,F,FORD MOTOR CO DEL,,,11.75500,11.88000,11.87000,43030794,-0.001682,11.86000,11.87000,11.83000,-0.001682
25785,2023-05-12,F,FORD MOTOR CO DEL,,,11.65000,11.94000,11.67000,45155446,-0.016849,11.66000,11.67000,11.93000,-0.016849
25785,2023-05-15,F,FORD MOTOR CO DEL,,,11.59000,11.72000,11.64000,53196967,-0.002571,11.63000,11.64000,11.70000,-0.002571
25785,2023-05-16,F,FORD MOTOR CO DEL,,,11.24000,11.58000,11.25000,60514939,-0.033505,11.24000,11.25000,11.55000,-0.033505
25785,2023-05-17,F,FORD MOTOR CO DEL,,,11.32000,11.64000,11.50000,50077493,0.022222,11.50000,11.51000,11.35000,0.022222
25785,2023-05-18,F,FORD MOTOR CO DEL,,,11.45000,11.66000,11.64000,38181421,0.012174,11.63000,11.64000,11.46000,0.012174
25785,2023-05-19,F,FORD MOTOR CO DEL,,,11.54000,11.77000,11.65000,43474192,0.000859,11.64000,11.65000,11.66000,0.000859
25785,2023-05-22,F,FORD MOTOR CO DEL,,,11.37000,11.73000,11.63000,57417158,-0.001717,11.62000,11.63000,11.71000,-0.001717
25785,2023-05-23,F,FORD MOTOR CO DEL,,,11.53000,11.91000,11.73000,56843819,0.008598,11.71000,11.72000,11.53000,0.008598
25785,2023-05-24,F,FORD MOTOR CO DEL,,,11.25000,11.65000,11.33000,71391019,-0.034101,11.33000,11.34000,11.64000,-0.034101
25785,2023-05-25,F,FORD MOTOR CO DEL,,,11.33000,11.52000,11.38000,51328854,0.004413,11.38000,11.39000,11.33000,0.004413
25785,2023-05-26,F,FORD MOTOR CO DEL,,,11.54000,12.29000,12.09000,123257508,0.062390,12.09000,12.10000,11.59000,0.062390
25785,2023-05-30,F,FORD MOTOR CO DEL,,,12.51290,12.78000,12.59000,86226891,0.041356,12.58000,12.59000,12.65000,0.041356
25785,2023-05-31,F,FORD MOTOR CO DEL,,,11.96000,12.49000,12.00000,86275276,-0.046863,11.99000,12.00000,12.48000,-0.046863
25785,2023-06-01,F,FORD MOTOR CO DEL,,,11.84000,12.18000,12.11000,64407823,0.009167,12.10000,12.11000,12.06500,0.009167
25785,2023-06-02,F,FORD MOTOR CO DEL,,,12.14000,12.51000,12.39000,65261190,0.023121,12.38000,12.39000,12.26000,0.023121
25785,2023-06-05,F,FORD MOTOR CO DEL,,,12.50000,12.72000,12.59000,57393195,0.016142,12.58000,12.59000,12.66000,0.016142
25785,2023-06-06,F,FORD MOTOR CO DEL,,,12.51000,12.93000,12.93000,57258449,0.027006,12.92000,12.93000,12.55000,0.027006
25785,2023-06-07,F,FORD MOTOR CO DEL,,,12.98000,13.60000,13.59000,99341981,0.051044,13.58000,13.59000,13.02000,0.051044
25785,2023-06-08,F,FORD MOTOR CO DEL,,,13.46000,13.74000,13.58000,64254707,-0.000736,13.57000,13.58000,13.53000,-0.000736
25785,2023-06-09,F,FORD MOTOR CO DEL,,,13.70000,14.03000,13.74000,70329520,0.011782,13.74000,13.75000,13.83000,0.011782
25785,2023-06-12,F,FORD MOTOR CO DEL,,,13.65000,13.88470,13.78000,44628274,0.002911,13.78000,13.79000,13.80000,0.002911
25785,2023-06-13,F,FORD MOTOR CO DEL,,,13.89000,14.17000,14.13000,61781143,0.025399,14.13000,14.14000,13.90000,0.025399
25785,2023-06-14,F,FORD MOTOR CO DEL,,,13.97000,14.45000,14.20000,69748538,0.004954,14.20000,14.21000,14.25000,0.004954
25785,2023-06-15,F,FORD MOTOR CO DEL,,,14.12000,14.50000,14.45000,61463420,0.017606,14.45000,14.46000,14.12000,0.017606
25785,2023-06-16,F,FORD MOTOR CO DEL,,,14.32000,14.61000,14.42000,75398063,-0.002076,14.42000,14.43000,14.52000,-0.002076
25785,2023-06-20,F,FORD MOTOR CO DEL,,,13.98000,14.42000,14.22000,56645775,-0.013870,14.22000,14.23000,14.30000,-0.013870
25785,2023-06-21,F,FORD MOTOR CO DEL,,,13.94000,14.28000,14.02000,49984276,-0.014065,14.01000,14.02000,14.24000,-0.014065
25785,2023-06-22,F,FORD MOTOR CO DEL,,,13.89000,14.30000,14.19000,46862483,0.012125,14.18000,14.19000,13.91000,0.012125
25785,2023-06-23,F,FORD MOTOR CO DEL,,,13.92000,14.15000,14.02000,48260245,-0.011980,14.01000,14.02000,13.93000,-0.011980
25785,2023-06-26,F,FORD MOTOR CO DEL,,,13.99000,14.23000,14.11000,44956274,0.006419,14.11000,14.12000,14.01000,0.006419
25785,2023-06-27,F,FORD MOTOR CO DEL,,,14.06000,14.45500,14.41000,49813098,0.021262,14.41000,14.42000,14.19000,0.021262
25785,2023-06-28,F,FORD MOTOR CO DEL,,,14.37000,14.79000,14.79000,58380778,0.026371,14.78000,14.79000,14.39000,0.026371
25785,2023-06-29,F,FORD MOTOR CO DEL,,,14.79000,15.13000,14.95000,58488577,0.010818,14.94000,14.95000,14.87000,0.010818
25785,2023-06-30,F,FORD MOTOR CO DEL,,,14.96000,15.23000,15.13000,54036917,0.012040,15.11000,15.12000,15.05000,0.012040
25785,2023-07-03,F,FORD MOTOR CO DEL,,,15.15000,15.40000,15.24000,29412748,0.007270,15.24000,15.25000,15.15000,0.007270
25785,2023-07-05,F,FORD MOTOR CO DEL,,,15.12000,15.42000,15.35000,52003891,0.007218,15.35000,15.36000,15.21000,0.007218
25785,2023-07-06,F,FORD MOTOR CO DEL,,,14.88000,15.25000,14.98000,64914441,-0.024104,14.98000,14.99000,15.17000,-0.024104
25785,2023-07-07,F,FORD MOTOR CO DEL,,,14.94000,15.24000,14.98000,53375490,0.000000,14.98000,14.99000,14.99000,0.000000
25785,2023-07-10,F,FORD MOTOR CO DEL,,,14.83000,15.09000,15.07000,51881975,0.006008,15.07000,15.08000,14.96000,0.006008
25785,2023-07-11,F,FORD MOTOR CO DEL,,,14.97000,15.25000,15.23000,45849717,0.010617,15.23000,15.24000,15.07000,0.010617
25785,2023-07-12,F,FORD MOTOR CO DEL,,,15.20000,15.42000,15.22000,47636769,-0.000657,15.22000,15.23000,15.37000,-0.000657
25785,2023-07-13,F,FORD MOTOR CO DEL,,,15.08010,15.28000,15.19000,49664260,-0.001971,15.18000,15.19000,15.27000,-0.001971
25785,2023-07-14,F,FORD MOTOR CO DEL,,,14.91000,15.27000,14.98000,48747870,-0.013825,14.98000,14.99000,15.23000,-0.013825
25785,2023-07-17,F,FORD MOTOR CO DEL,,,14.09000,14.63000,14.09000,99402099,-0.059413,14.09000,14.10000,14.58000,-0.059413
25785,2023-07-18,F,FORD MOTOR CO DEL,,,13.92000,14.17000,14.17000,71775088,0.005678,14.16000,14.17000,13.95000,0.005678
25785,2023-07-19,F,FORD MOTOR CO DEL,,,14.06000,14.26000,14.10000,58280814,-0.004940,14.09000,14.10000,14.14000,-0.004940
25785,2023-07-20,F,FORD MOTOR CO DEL,,,13.90000,14.08000,14.03000,45952606,-0.004965,14.03000,14.04000,14.03000,-0.004965
25785,2023-07-21,F,FORD MOTOR CO DEL,,,13.75000,14.16000,13.93000,55800462,-0.007128,13.92000,13.93000,14.13000,-0.007128
25785,2023-07-24,F,FORD MOTOR CO DEL,,,13.85000,14.02000,13.96000,46686966,0.012922,13.96000,13.97000,13.89000,0.002154
25785,2023-07-25,F,FORD MOTOR CO DEL,,,13.56000,13.86000,13.58000,58772710,-0.027221,13.57000,13.58000,13.86000,-0.027221
25785,2023-07-26,F,FORD MOTOR CO DEL,,,13.52000,13.75000,13.67000,42019688,0.006627,13.67000,13.68000,13.55000,0.006627
25785,2023-07-27,F,FORD MOTOR CO DEL,,,13.70000,13.98000,13.73000,67313469,0.004389,13.74000,13.75000,13.83000,0.004389
25785,2023-07-28,F,FORD MOTOR CO DEL,,,13.01500,13.65000,13.26000,116696546,-0.034232,13.24000,13.25000,13.58000,-0.034232
25785,2023-07-31,F,FORD MOTOR CO DEL,,,12.91000,13.22000,13.21000,64507651,-0.003771,13.21000,13.22000,13.01000,-0.003771
25785,2023-08-01,F,FORD MOTOR CO DEL,,,13.11000,13.44000,13.42000,59221812,0.015897,13.40000,13.41000,13.15000,0.015897
25785,2023-08-02,F,FORD MOTOR CO DEL,,,12.98000,13.23000,13.04000,57997356,-0.028316,13.03000,13.04000,13.20000,-0.028316
25785,2023-08-03,F,FORD MOTOR CO DEL,,,12.86000,13.14000,13.10000,52073105,0.004601,13.09000,13.10000,12.99000,0.004601
25785,2023-08-04,F,FORD MOTOR CO DEL,,,12.80000,13.10000,12.89000,48412895,-0.016031,12.88000,12.89000,13.10000,-0.016031
25785,2023-08-07,F,FORD MOTOR CO DEL,,,12.78000,12.96000,12.94000,43929201,0.003879,12.93000,12.94000,12.93000,0.003879
25785,2023-08-08,F,FORD MOTOR CO DEL,,,12.70000,12.90000,12.88000,45103815,-0.004637,12.87000,12.88000,12.77000,-0.004637
25785,2023-08-09,F,FORD MOTOR CO DEL,,,12.66000,12.83000,12.73000,42932645,-0.011646,12.72000,12.73000,12.77000,-0.011646
25785,2023-08-10,F,FORD MOTOR CO DEL,,,12.08000,12.78000,12.16000,104063861,-0.044776,12.15000,12.16000,12.78000,-0.044776
25785,2023-08-11,F,FORD MOTOR CO DEL,,,12.00000,12.20000,12.14000,64371737,-0.001645,12.14000,12.15000,12.12000,-0.001645
25785,2023-08-14,F,FORD MOTOR CO DEL,,,12.02000,12.23000,12.20000,48099567,0.004942,12.20000,12.21000,12.03000,0.004942
25785,2023-08-15,F,FORD MOTOR CO DEL,,,11.97000,12.14500,11.98000,42616408,-0.018033,11.97000,11.98000,12.06000,-0.018033
25785,2023-08-16,F,FORD MOTOR CO DEL,,,11.80000,12.03000,11.81000,44838860,-0.014190,11.80000,11.81000,11.90000,-0.014190
25785,2023-08-17,F,FORD MOTOR CO DEL,,,11.78000,11.97000,11.83000,36104890,0.001693,11.82000,11.83000,11.88000,0.001693
25785,2023-08-18,F,FORD MOTOR CO DEL,,,11.72000,12.02000,11.96000,44519910,0.010989,11.96000,11.97000,11.73000,0.010989
25785,2023-08-21,F,FORD MOTOR CO DEL,,,11.87000,12.06000,11.97000,33456665,0.000836,11.97000,11.98000,12.04000,0.000836
25785,2023-08-22,F,FORD MOTOR CO DEL,,,11.84000,12.03000,11.87000,32045258,-0.008354,11.86000,11.87000,12.01000,-0.008354
25785,2023-08-23,F,FORD MOTOR CO DEL,,,11.80000,11.97000,11.96000,30437702,0.007582,11.95000,11.96000,11.82000,0.007582
25785,2023-08-24,F,FORD MOTOR CO DEL,,,11.75000,11.93000,11.75000,33338167,-0.017559,11.75000,11.76000,11.89000,-0.017559
25785,2023-08-25,F,FORD MOTOR CO DEL,,,11.58000,11.99000,11.91000,47610014,0.013617,11.90000,11.91000,11.83000,0.013617
25785,2023-08-28,F,FORD MOTOR CO DEL,,,11.85000,12.06000,11.90000,29693468,-0.000840,11.90000,11.91000,11.95000,-0.000840
25785,2023-08-29,F,FORD MOTOR CO DEL,,,11.89000,12.06000,12.05000,32009025,0.012605,12.04000,12.05000,11.95000,0.012605
25785,2023-08-30,F,FORD MOTOR CO DEL,,,12.01000,12.15000,12.03000,30617910,-0.001660,12.03000,12.04000,12.07000,-0.001660
25785,2023-08-31,F,FORD MOTOR CO DEL,,,12.09000,12.27000,12.13000,39025745,0.008313,12.12000,12.13000,12.13000,0.008313
25785,2023-09-01,F,FORD MOTOR CO DEL,,,12.04000,12.27000,12.14000,34716856,0.000824,12.13000,12.14000,12.16000,0.000824
25785,2023-09-05,F,FORD MOTOR CO DEL,,,12.03500,12.18000,12.09000,35202039,-0.004119,12.08000,12.09000,12.12000,-0.004119
25785,2023-09-06,F,FORD MOTOR CO DEL,,,11.82500,12.11000,12.07000,41881456,-0.001654,12.07000,12.08000,12.00000,-0.001654
25785,2023-09-07,F,FORD MOTOR CO DEL,,,11.90000,12.05000,11.96000,38559570,-0.009113,11.95000,11.96000,11.95000,-0.009113
25785,2023-09-08,F,FORD MOTOR CO DEL,,,11.97000,12.36000,12.30000,49538883,0.028428,12.30000,12.31000,11.97000,0.028428
25785,2023-09-11,F,FORD MOTOR CO DEL,,,12.17000,12.40000,12.22000,34673645,-0.006504,12.21000,12.22000,12.36000,-0.006504
25785,2023-09-12,F,FORD MOTOR CO DEL,,,12.22000,12.59000,12.45000,49507699,0.018822,12.45000,12.46000,12.23000,0.018822
25785,2023-09-13,F,FORD MOTOR CO DEL,,,12.63000,12.91000,12.64000,62579704,0.015261,12.64000,12.65000,12.69000,0.015261
25785,2023-09-14,F,FORD MOTOR CO DEL,,,12.41000,12.70000,12.62000,43461647,-0.001582,12.62000,12.63000,12.61000,-0.001582
25785,2023-09-15,F,FORD MOTOR CO DEL,,,12.40000,12.79000,12.61000,63982367,-0.000792,12.61000,12.62000,12.40000,-0.000792
25785,2023-09-18,F,FORD MOTOR CO DEL,,,12.25000,12.52000,12.34000,47444112,-0.021412,12.33000,12.34000,12.50000,-0.021412
25785,2023-09-19,F,FORD MOTOR CO DEL,,,12.31000,12.65000,12.56000,40899972,0.017828,12.55000,12.56000,12.34000,0.017828
25785,2023-09-20,F,FORD MOTOR CO DEL,,,12.35000,12.67000,12.36000,37449590,-0.015924,12.36000,12.37000,12.65000,-0.015924
25785,2023-09-21,F,FORD MOTOR CO DEL,,,12.16000,12.35000,12.20000,40140537,-0.012945,12.19000,12.20000,12.20000,-0.012945
25785,2023-09-22,F,FORD MOTOR CO DEL,,,12.41000,12.76500,12.43000,65205496,0.018853,12.43000,12.44000,12.50000,0.018853
25785,2023-09-25,F,FORD MOTOR CO DEL,,,12.34000,12.70000,12.58000,41219439,0.012068,12.58000,12.59000,12.35000,0.012068
25785,2023-09-26,F,FORD MOTOR CO DEL,,,12.37000,12.65500,12.43000,41261041,-0.011924,12.43000,12.44000,12.49000,-0.011924
25785,2023-09-27,F,FORD MOTOR CO DEL,,,12.25000,12.52000,12.39000,41616550,-0.003218,12.38000,12.39000,12.52000,-0.003218
25785,2023-09-28,F,FORD MOTOR CO DEL,,,12.17000,12.66000,12.56000,49109812,0.013721,12.55000,12.56000,12.32000,0.013721
25785,2023-09-29,F,FORD MOTOR CO DEL,,,12.35000,12.66000,12.42000,62364855,-0.011147,12.42000,12.43000,12.61000,-0.011147
25785,2023-10-02,F,FORD MOTOR CO DEL,,,12.23000,12.44000,12.31000,51204004,-0.008857,12.30000,12.31000,12.38000,-0.008857
25785,2023-10-03,F,FORD MOTOR CO DEL,,,12.02000,12.23000,12.07000,55074671,-0.019496,12.07000,12.08000,12.16000,-0.019496
25785,2023-10-04,F,FORD MOTOR CO DEL,,,11.88000,12.08000,11.99000,45217854,-0.006628,11.97000,11.98000,12.02000,-0.006628
25785,2023-10-05,F,FORD MOTOR CO DEL,,,11.69000,11.99990,11.90000,47424951,-0.007506,11.90000,11.91000,11.94000,-0.007506
25785,2023-10-06,F,FORD MOTOR CO DEL,,,11.68500,12.15000,12.00000,57558506,0.008403,11.99000,12.00000,11.82000,0.008403
25785,2023-10-09,F,FORD MOTOR CO DEL,,,11.78000,12.15000,12.07000,33327964,0.005833,12.07000,12.08000,11.80000,0.005833
25785,2023-10-10,F,FORD MOTOR CO DEL,,,12.09000,12.30000,12.20000,40404623,0.010771,12.20000,12.21000,12.10000,0.010771
25785,2023-10-11,F,FORD MOTOR CO DEL,,,12.15000,12.39000,12.25000,31321511,0.004098,12.25000,12.26000,12.29000,0.004098
25785,2023-10-12,F,FORD MOTOR CO DEL,,,11.84000,12.07000,12.00000,51644023,-0.020408,12.00000,12.01000,11.88000,-0.020408
25785,2023-10-13,F,FORD MOTOR CO DEL,,,11.80000,12.00000,11.81000,47289167,-0.015833,11.81000,11.82000,11.97000,-0.015833
25785,2023-10-16,F,FORD MOTOR CO DEL,,,11.82000,11.96000,11.93000,29183012,0.010161,11.92000,11.93000,11.91000,0.010161
25785,2023-10-17,F,FORD MOTOR CO DEL,,,11.85000,12.17000,12.04000,40516473,0.009220,12.03000,12.04000,11.85000,0.009220
25785,2023-10-18,F,FORD MOTOR CO DEL,,,11.75000,11.93000,11.75000,44840139,-0.024086,11.75000,11.76000,11.93000,-0.024086
25785,2023-10-19,F,FORD MOTOR CO DEL,,,11.51000,11.76000,11.53000,49057509,-0.018723,11.52000,11.53000,11.59000,-0.018723
25785,2023-10-20,F,FORD MOTOR CO DEL,,,11.54000,11.76000,11.64000,53307523,0.009540,11.63000,11.64000,11.58000,0.009540
25785,2023-10-23,F,FORD MOTOR CO DEL,,,11.42000,11.69000,11.48000,49073771,-0.013746,11.48000,11.49000,11.55000,-0.013746
25785,2023-10-24,F,FORD MOTOR CO DEL,,,11.38000,11.57030,11.39000,47775584,-0.007840,11.39000,11.40000,11.50000,-0.007840
25785,2023-10-25,F,FORD MOTOR CO DEL,,,11.21000,11.64000,11.54000,74213782,0.013169,11.55000,11.56000,11.35000,0.013169
25785,2023-10-26,F,FORD MOTOR CO DEL,,,11.33000,11.93000,11.35000,84725885,-0.016464,11.35000,11.36000,11.91000,-0.016464
25785,2023-10-27,F,FORD MOTOR CO DEL,,,9.90000,10.97000,9.96000,187029559,-0.122467,9.95000,9.96000,10.93000,-0.122467
25785,2023-10-30,F,FORD MOTOR CO DEL,,,9.68000,10.14000,9.77000,106474686,-0.019076,9.76000,9.77000,10.08000,-0.019076
25785,2023-10-31,F,FORD MOTOR CO DEL,,,9.63000,9.91000,9.75000,82238823,0.013306,9.75000,9.76000,9.72000,-0.002047
25785,2023-11-01,F,FORD MOTOR CO DEL,,,9.76000,9.93000,9.91000,75469744,0.016410,9.91000,9.92000,9.83500,0.016410
25785,2023-11-02,F,FORD MOTOR CO DEL,,,9.97000,10.15000,10.14000,66913974,0.023209,10.13000,10.14000,10.02000,0.023209
25785,2023-11-03,F,FORD MOTOR CO DEL,,,10.25000,10.64000,10.56000,60912422,0.041420,10.56000,10.57000,10.26000,0.041420
25785,2023-11-06,F,FORD MOTOR CO DEL,,,10.24000,10.60000,10.31000,48435471,-0.023674,10.30000,10.31000,10.56000,-0.023674
25785,2023-11-07,F,FORD MOTOR CO DEL,,,10.05000,10.29000,10.17000,50430833,-0.013579,10.16000,10.17000,10.25000,-0.013579
25785,2023-11-08,F,FORD MOTOR CO DEL,,,10.03000,10.21000,10.05000,38700606,-0.011799,10.05000,10.06000,10.19000,-0.011799
25785,2023-11-09,F,FORD MOTOR CO DEL,,,9.69000,10.07000,9.70000,59356873,-0.034826,9.70000,9.71000,10.04000,-0.034826
25785,2023-11-10,F,FORD MOTOR CO DEL,,,9.67000,9.87000,9.86000,45122030,0.016495,9.86000,9.87000,9.81000,0.016495
25785,2023-11-13,F,FORD MOTOR CO DEL,,,9.74000,9.86500,9.82000,34458278,-0.004057,9.81000,9.82000,9.83000,-0.004057
25785,2023-11-14,F,FORD MOTOR CO DEL,,,9.98000,10.46000,10.40000,67683987,0.059063,10.39000,10.40000,9.99000,0.059063
25785,2023-11-15,F,FORD MOTOR CO DEL,,,10.39000,10.57000,10.47000,45193674,0.006731,10.47000,10.48000,10.41000,0.006731
25785,2023-11-16,F,FORD MOTOR CO DEL,,,10.10000,10.43000,10.16000,45408080,-0.029608,10.15000,10.16000,10.40000,-0.029608
25785,2023-11-17,F,FORD MOTOR CO DEL,,,10.19000,10.31990,10.27000,36611424,0.010827,10.28000,10.29000,10.26000,0.010827
25785,2023-11-20,F,FORD MOTOR CO DEL,,,10.26010,10.43000,10.34000,46996985,0.006816,10.34000,10.35000,10.29000,0.006816
25785,2023-11-21,F,FORD MOTOR CO DEL,,,10.10000,10.32000,10.19000,47284270,-0.014507,10.19000,10.20000,10.28000,-0.014507
25785,2023-11-22,F,FORD MOTOR CO DEL,,,10.17000,10.38000,10.26000,41151666,0.006870,10.26000,10.27000,10.24000,0.006870
25785,2023-11-24,F,FORD MOTOR CO DEL,,,10.28000,10.53000,10.40000,22028062,0.013645,10.40000,10.41000,10.28000,0.013645
25785,2023-11-27,F,FORD MOTOR CO DEL,,,10.30000,10.42000,10.34000,32247604,-0.005769,10.33000,10.34000,10.37000,-0.005769
25785,2023-11-28,F,FORD MOTOR CO DEL,,,10.24000,10.40000,10.37000,38510645,0.002901,10.38000,10.39000,10.33000,0.002901
25785,2023-11-29,F,FORD MOTOR CO DEL,,,10.56000,10.96000,10.59000,77246762,0.021215,10.59000,10.60000,10.87500,0.021215
25785,2023-11-30,F,FORD MOTOR CO DEL,,,10.18000,10.70000,10.26000,80525748,-0.031161,10.26000,10.27000,10.68000,-0.031161
25785,2023-12-01,F,FORD MOTOR CO DEL,,,10.22000,10.60000,10.58000,61619835,0.031189,10.57000,10.58000,10.29000,0.031189
25785,2023-12-04,F,FORD MOTOR CO DEL,,,10.50000,10.79000,10.70000,54196099,0.011342,10.70000,10.71000,10.52000,0.011342
25785,2023-12-05,F,FORD MOTOR CO DEL,,,10.54000,10.68000,10.60000,41551108,-0.009346,10.60000,10.61000,10.64000,-0.009346
25785,2023-12-06,F,FORD MOTOR CO DEL,,,10.67250,10.88000,10.69000,47223507,0.008490,10.69000,10.70000,10.75000,0.008490
25785,2023-12-07,F,FORD MOTOR CO DEL,,,10.68000,10.88000,10.82000,40523178,0.012161,10.81000,10.82000,10.71000,0.012161
25785,2023-12-08,F,FORD MOTOR CO DEL,,,10.79000,11.07000,11.01000,48961188,0.017560,11.01000,11.02000,10.81000,0.017560
25785,2023-12-11,F,FORD MOTOR CO DEL,,,10.98010,11.15000,11.07000,39700859,0.005450,11.07000,11.08000,11.02000,0.005450
25785,2023-12-12,F,FORD MOTOR CO DEL,,,11.05000,11.20000,11.16000,40206239,0.008130,11.16000,11.17000,11.09000,0.008130
25785,2023-12-13,F,FORD MOTOR CO DEL,,,10.80000,11.29000,11.24000,68066738,0.007168,11.23000,11.24000,11.03000,0.007168
25785,2023-12-14,F,FORD MOTOR CO DEL,,,11.47000,12.12500,12.08000,110777633,0.074733,12.09000,12.10000,11.47000,0.074733
25785,2023-12-15,F,FORD MOTOR CO DEL,,,11.93000,12.18000,12.02000,85298216,-0.004967,12.01000,12.02000,12.07000,-0.004967
25785,2023-12-18,F,FORD MOTOR CO DEL,,,11.91000,12.08000,11.93000,43424398,-0.007488,11.93000,11.94000,11.99000,-0.007488
25785,2023-12-19,F,FORD MOTOR CO DEL,,,11.89000,12.07000,12.02000,35722949,0.007544,12.01000,12.02000,11.97000,0.007544
25785,2023-12-20,F,FORD MOTOR CO DEL,,,11.79000,12.14000,11.80000,54981074,-0.018303,11.79000,11.80000,11.97000,-0.018303
25785,2023-12-21,F,FORD MOTOR CO DEL,,,11.90000,12.35500,12.34000,66424636,0.045763,12.33000,12.34000,11.93000,0.045763
25785,2023-12-22,F,FORD MOTOR CO DEL,,,12.28000,12.46000,12.35000,43764612,0.000810,12.35000,12.36000,12.32000,0.000810
25785,2023-12-26,F,FORD MOTOR CO DEL,,,12.37000,12.50000,12.45000,26293667,0.008097,12.44000,12.45000,12.39000,0.008097
25785,2023-12-27,F,FORD MOTOR CO DEL,,,12.23000,12.45000,12.39000,39891275,-0.004819,12.39000,12.40000,12.43000,-0.004819
25785,2023-12-28,F,FORD MOTOR CO DEL,,,12.28000,12.43000,12.34000,26688508,-0.004036,12.34000,12.35000,12.38000,-0.004036
25785,2023-12-29,F,FORD MOTOR CO DEL,,,12.16000,12.39000,12.19000,40964735,-0.012156,12.18000,12.19000,12.35000,-0.012156
25785,2024-01-02,F,FORD MOTOR CO DEL,,,11.94000,12.38000,12.16000,47494841,-0.002461,12.16000,12.17000,12.04000,-0.002461
25785,2024-01-03,F,FORD MOTOR CO DEL,,,11.64000,12.03000,11.71000,70120140,-0.037007,11.71000,11.72000,12.02000,-0.037007
25785,2024-01-04,F,FORD MOTOR CO DEL,,,11.63000,11.82000,11.68000,54920320,-0.002562,11.69000,11.70000,11.76000,-0.002562
25785,2024-01-05,F,FORD MOTOR CO DEL,,,11.63000,12.04000,11.85000,44443784,0.014555,11.85000,11.86000,11.64500,0.014555
25785,2024-01-08,F,FORD MOTOR CO DEL,,,11.79000,12.05000,11.97000,41514367,0.010127,11.97000,11.98000,11.85000,0.010127
25785,2024-01-09,F,FORD MOTOR CO DEL,,,11.77000,11.90000,11.84000,49536672,-0.010860,11.84000,11.85000,11.81000,-0.010860
25785,2024-01-10,F,FORD MOTOR CO DEL,,,11.71000,11.86000,11.83000,37539238,-0.000845,11.82000,11.83000,11.83000,-0.000845
25785,2024-01-11,F,FORD MOTOR CO DEL,,,11.57000,11.77000,11.71000,48691956,-0.010144,11.70000,11.71000,11.75000,-0.010144
25785,2024-01-12,F,FORD MOTOR CO DEL,,,11.41000,11.77000,11.46000,55030084,-0.021349,11.45000,11.46000,11.65000,-0.021349
25785,2024-01-16,F,FORD MOTOR CO DEL,,,11.18000,11.50000,11.46000,45207712,0.000000,11.46000,11.47000,11.30000,0.000000
25785,2024-01-17,F,FORD MOTOR CO DEL,,,11.11000,11.31000,11.27000,52671318,-0.016579,11.27000,11.28000,11.17000,-0.016579
25785,2024-01-18,F,FORD MOTOR CO DEL,,,10.96000,11.31000,10.99000,71667170,-0.024845,10.99000,11.00000,11.25000,-0.024845
25785,2024-01-19,F,FORD MOTOR CO DEL,,,10.82500,11.22000,11.20000,61143347,0.019108,11.19000,11.20000,10.94000,0.019108
25785,2024-01-22,F,FORD MOTOR CO DEL,,,11.14000,11.40000,11.20000,45479614,0.000000,11.19000,11.20000,11.23000,0.000000
25785,2024-01-23,F,FORD MOTOR CO DEL,,,11.24000,11.46000,11.37000,45465174,0.015179,11.37000,11.38000,11.36000,0.015179
25785,2024-01-24,F,FORD MOTOR CO DEL,,,11.00000,11.45000,11.03000,59064619,-0.029903,11.03000,11.04000,11.43500,-0.029903
25785,2024-01-25,F,FORD MOTOR CO DEL,,,11.02500,11.36000,11.34000,49356728,0.028105,11.35000,11.36000,11.09000,0.028105
25785,2024-01-26,F,FORD MOTOR CO DEL,,,11.30000,11.50000,11.39000,35837036,0.004409,11.39000,11.40000,11.40000,0.004409
25785,2024-01-29,F,FORD MOTOR CO DEL,,,11.30000,11.56000,11.55000,58249574,0.014047,11.54000,11.55000,11.38000,0.014047
25785,2024-01-30,F,FORD MOTOR CO DEL,,,11.62000,11.87000,11.78000,70213343,0.019913,11.77000,11.78000,11.77000,0.019913
25785,2024-01-31,F,FORD MOTOR CO DEL,,,11.72000,11.98640,11.72000,74558853,-0.005093,11.72000,11.73000,11.76000,-0.005093
25785,2024-02-01,F,FORD MOTOR CO DEL,,,11.62000,12.14000,12.10000,81065811,0.032423,12.10000,12.11000,11.82000,0.032423
25785,2024-02-02,F,FORD MOTOR CO DEL,,,11.94000,12.19000,12.14000,73130933,0.003306,12.14000,12.15000,12.03000,0.003306
25785,2024-02-05,F,FORD MOTOR CO DEL,,,11.54000,12.08000,11.59000,81026752,-0.045305,11.58000,11.59000,12.01000,-0.045305
25785,2024-02-06,F,FORD MOTOR CO DEL,,,11.62000,12.10000,12.07000,99263928,0.041415,12.08000,12.09000,11.64000,0.041415
25785,2024-02-07,F,FORD MOTOR CO DEL,,,12.20000,12.98000,12.80000,137224000,0.060481,12.78000,12.79000,12.73000,0.060481
25785,2024-02-08,F,FORD MOTOR CO DEL,,,12.54000,12.90000,12.83000,68653945,0.002344,12.82000,12.83000,12.87000,0.002344
25785,2024-02-09,F,FORD MOTOR CO DEL,,,12.64000,12.92000,12.68000,47649648,-0.011691,12.67000,12.68000,12.81000,-0.011691
25785,2024-02-12,F,FORD MOTOR CO DEL,,,12.64000,13.07000,12.98000,54036501,0.023659,12.98000,12.99000,12.68000,0.023659
25785,2024-02-13,F,FORD MOTOR CO DEL,,,12.48000,12.90000,12.68000,67907704,-0.023112,12.67000,12.68000,12.77000,-0.023112
25785,2024-02-14,F,FORD MOTOR CO DEL,,,12.52000,12.78980,12.56000,52978755,-0.009464,12.55000,12.56000,12.72000,-0.009464
25785,2024-02-15,F,FORD MOTOR CO DEL,,,12.31000,12.55000,12.52000,57811774,0.023089,12.51000,12.52000,12.35000,-0.003185
25785,2024-02-16,F,FORD MOTOR CO DEL,,,12.26000,12.51000,12.30000,43228567,-0.017572,12.30000,12.31000,12.42000,-0.017572
25785,2024-02-20,F,FORD MOTOR CO DEL,,,12.10000,12.33000,12.25000,44591049,-0.004065,12.25000,12.26000,12.18500,-0.004065
25785,2024-02-21,F,FORD MOTOR CO DEL,,,12.05000,12.32000,12.14000,41910263,-0.008980,12.14000,12.15000,12.21000,-0.008980
25785,2024-02-22,F,FORD MOTOR CO DEL,,,12.05000,12.24000,12.12000,36980470,-0.001647,12.12000,12.13000,12.13000,-0.001647
25785,2024-02-23,F,FORD MOTOR CO DEL,,,12.09000,12.26000,12.14000,32152064,0.001650,12.15000,12.16000,12.10000,0.001650
25785,2024-02-26,F,FORD MOTOR CO DEL,,,11.95000,12.27000,11.95000,40241300,-0.015651,11.95000,11.96000,12.13000,-0.015651
25785,2024-02-27,F,FORD MOTOR CO DEL,,,11.96000,12.17000,12.00000,36508807,0.004184,12.00000,12.01000,12.02000,0.004184
25785,2024-02-28,F,FORD MOTOR CO DEL,,,11.95500,12.40000,12.30000,51447900,0.025000,12.30000,12.31000,11.97000,0.025000
25785,2024-02-29,F,FORD MOTOR CO DEL,,,12.32000,12.47000,12.44000,43098490,0.011382,12.42000,12.43000,12.37000,0.011382
25785,2024-03-01,F,FORD MOTOR CO DEL,,,12.32000,12.64000,12.45000,48761436,0.000804,12.44000,12.45000,12.53000,0.000804
25785,2024-03-04,F,FORD MOTOR CO DEL,,,12.57000,13.03000,12.74000,81871730,0.023293,12.72000,12.73000,12.57000,0.023293
25785,2024-03-05,F,FORD MOTOR CO DEL,,,12.50000,12.73770,12.58000,47896213,-0.012559,12.58000,12.59000,12.65000,-0.012559
25785,2024-03-06,F,FORD MOTOR CO DEL,,,12.33000,12.57000,12.38000,48834461,-0.015898,12.39000,12.40000,12.52000,-0.015898
25785,2024-03-07,F,FORD MOTOR CO DEL,,,12.26000,12.47000,12.41000,38971016,0.002423,12.41000,12.42000,12.41000,0.002423
25785,2024-03-08,F,FORD MOTOR CO DEL,,,12.14000,12.51500,12.18000,54723777,-0.018533,12.17000,12.18000,12.43000,-0.018533
25785,2024-03-11,F,FORD MOTOR CO DEL,,,12.07500,12.24000,12.11000,35135363,-0.005747,12.11000,12.12000,12.13000,-0.005747
25785,2024-03-12,F,FORD MOTOR CO DEL,,,12.03000,12.16000,12.11000,31245242,0.000000,12.11000,12.12000,12.14000,0.000000
25785,2024-03-13,F,FORD MOTOR CO DEL,,,12.11000,12.48000,12.37000,50595276,0.021470,12.37000,12.38000,12.12000,0.021470
25785,2024-03-14,F,FORD MOTOR CO DEL,,,12.01000,12.37000,12.08000,52619863,-0.023444,12.08000,12.09000,12.34000,-0.023444
25785,2024-03-15,F,FORD MOTOR CO DEL,,,12.02000,12.27000,12.06000,88254036,-0.001656,12.05000,12.06000,12.05000,-0.001656
25785,2024-03-18,F,FORD MOTOR CO DEL,,,11.98000,12.19000,12.18000,36599219,0.009950,12.18000,12.19000,12.14000,0.009950
25785,2024-03-19,F,FORD MOTOR CO DEL,,,12.11000,12.35000,12.30000,32668658,0.009852,12.30000,12.31000,12.11000,0.009852
25785,2024-03-20,F,FORD MOTOR CO DEL,,,12.25500,12.92000,12.90000,67721511,0.048780,12.90000,12.91000,12.26000,0.048780
25785,2024-03-21,F,FORD MOTOR CO DEL,,,12.79000,13.06000,12.92000,55822521,0.001550,12.92000,12.93000,12.92000,0.001550
25785,2024-03-22,F,FORD MOTOR CO DEL,,,12.85000,12.96000,12.91000,33137467,-0.000774,12.91000,12.92000,12.87000,-0.000774
25785,2024-03-25,F,FORD MOTOR CO DEL,,,12.74000,13.06000,12.90000,39063514,-0.000775,12.90000,12.91000,12.92000,-0.000775
25785,2024-03-26,F,FORD MOTOR CO DEL,,,12.43000,12.96000,12.44000,67140228,-0.035659,12.44000,12.45000,12.96000,-0.035659
25785,2024-03-27,F,FORD MOTOR CO DEL,,,12.52000,13.07000,13.06000,53555794,0.049839,13.06000,13.07000,12.53000,0.049839
25785,2024-03-28,F,FORD MOTOR CO DEL,,,13.05000,13.30000,13.28000,61846366,0.016845,13.27000,13.28000,13.07000,0.016845
25785,2024-04-01,F,FORD MOTOR CO DEL,,,13.14000,13.38000,13.29000,35898334,0.000753,13.28000,13.29000,13.33000,0.000753
25785,2024-04-02,F,FORD MOTOR CO DEL,,,13.09000,13.37000,13.28000,42653403,-0.000752,13.29000,13.30000,13.16000,-0.000752
25785,2024-04-03,F,FORD MOTOR CO DEL,,,13.23000,13.68000,13.65000,57498871,0.027861,13.67000,13.68000,13.25000,0.027861
25785,2024-04-04,F,FORD MOTOR CO DEL,,,13.17000,13.95000,13.21000,67812379,-0.032234,13.20000,13.21000,13.90000,-0.032234
25785,2024-04-05,F,FORD MOTOR CO DEL,,,13.09000,13.39500,13.28000,46937362,0.005299,13.27000,13.28000,13.27000,0.005299
25785,2024-04-08,F,FORD MOTOR CO DEL,,,13.34500,13.54000,13.41000,29900547,0.009789,13.42000,13.43000,13.34500,0.009789
25785,2024-04-09,F,FORD MOTOR CO DEL,,,13.34000,13.59000,13.54000,35542699,0.009694,13.55000,13.56000,13.47000,0.009694
25785,2024-04-10,F,FORD MOTOR CO DEL,,,12.95000,13.29000,13.06000,51394979,-0.035450,13.05000,13.06000,13.26000,-0.035450
25785,2024-04-11,F,FORD MOTOR CO DEL,,,12.91000,13.14000,13.04000,38383117,-0.001531,13.04000,13.05000,13.11000,-0.001531
25785,2024-04-12,F,FORD MOTOR CO DEL,,,12.50000,12.92000,12.61000,52356332,-0.032975,12.61000,12.62000,12.92000,-0.032975
25785,2024-04-15,F,FORD MOTOR CO DEL,,,12.18000,12.81500,12.23000,59484396,-0.030135,12.23000,12.24000,12.74000,-0.030135
25785,2024-04-16,F,FORD MOTOR CO DEL,,,11.94120,12.25000,12.09000,56392158,-0.011447,12.09000,12.10000,12.14000,-0.011447
25785,2024-04-17,F,FORD MOTOR CO DEL,,,12.02000,12.24900,12.04000,43646582,-0.004136,12.03000,12.04000,12.13500,-0.004136
25785,2024-04-18,F,FORD MOTOR CO DEL,,,11.98000,12.17000,12.06000,39902098,0.001661,12.06000,12.07000,12.08000,0.001661
25785,2024-04-19,F,FORD MOTOR CO DEL,,,12.02000,12.23000,12.14000,39623838,0.006633,12.14000,12.15000,12.02000,0.006633
25785,2024-04-22,F,FORD MOTOR CO DEL,,,12.25000,12.90000,12.88000,86462687,0.060955,12.87000,12.88000,12.31000,0.060955
25785,2024-04-23,F,FORD MOTOR CO DEL,,,12.82000,13.05000,12.94000,62807064,0.004658,12.94000,12.95000,13.05000,0.004658
25785,2024-04-24,F,FORD MOTOR CO DEL,,,12.78000,13.04990,12.95000,74510419,0.000773,13.04000,13.05000,12.94000,0.000773
25785,2024-04-25,F,FORD MOTOR CO DEL,,,12.63000,13.18000,13.04000,86944122,0.006950,13.04000,13.05000,12.85000,0.006950
25785,2024-04-26,F,FORD MOTOR CO DEL,,,12.61000,13.02000,12.79000,57257796,-0.019172,12.77000,12.78000,12.76000,-0.019172
25785,2024-04-29,F,FORD MOTOR CO DEL,,,12.55000,12.84000,12.75000,50385481,-0.003127,12.74000,12.75000,12.81000,-0.003127
25785,2024-04-30,F,FORD MOTOR CO DEL,,,12.13000,12.60000,12.15000,75890495,-0.047059,12.15000,12.16000,12.60000,-0.047059
25785,2024-05-01,F,FORD MOTOR CO DEL,,,12.15000,12.43000,12.20000,48784967,0.004115,12.19000,12.20000,12.16000,0.004115
25785,2024-05-02,F,FORD MOTOR CO DEL,,,12.36000,12.55000,12.49000,46868636,0.023770,12.49000,12.50000,12.40000,0.023770
25785,2024-05-03,F,FORD MOTOR CO DEL,,,12.39000,12.76000,12.43000,47463317,-0.004804,12.42000,12.43000,12.64000,-0.004804
25785,2024-05-06,F,FORD MOTOR CO DEL,,,12.45750,12.62000,12.50000,29780308,0.005632,12.49000,12.50000,12.54000,0.005632
25785,2024-05-07,F,FORD MOTOR CO DEL,,,12.08500,12.45000,12.17000,48102921,-0.014400,12.16000,12.17000,12.40000,-0.026400
25785,2024-05-08,F,FORD MOTOR CO DEL,,,12.02000,12.25000,12.15000,38177150,-0.001643,12.15000,12.16000,12.08000,-0.001643
25785,2024-05-09,F,FORD MOTOR CO DEL,,,12.06000,12.22000,12.13000,29103843,-0.001646,12.13000,12.14000,12.14000,-0.001646
25785,2024-05-10,F,FORD MOTOR CO DEL,,,11.91220,12.17000,11.99000,51447811,-0.011542,11.99000,12.00000,12.14500,-0.011542
25785,2024-05-13,F,FORD MOTOR CO DEL,,,12.05000,12.45000,12.33000,60962280,0.028357,12.32000,12.33000,12.05000,0.028357
25785,2024-05-14,F,FORD MOTOR CO DEL,,,12.36000,12.64000,12.44000,39980406,0.008921,12.43000,12.44000,12.44000,0.008921
25785,2024-05-15,F,FORD MOTOR CO DEL,,,12.18000,12.56000,12.31000,50739865,-0.010450,12.30000,12.31000,12.49000,-0.010450
25785,2024-05-16,F,FORD MOTOR CO DEL,,,12.26000,12.48000,12.38000,41502234,0.005686,12.37000,12.38000,12.27000,0.005686
25785,2024-05-17,F,FORD MOTOR CO DEL,,,12.25000,12.38000,12.28000,24011285,-0.008078,12.27000,12.28000,12.37000,-0.008078
25785,2024-05-20,F,FORD MOTOR CO DEL,,,12.14000,12.33000,12.15000,27019079,-0.010586,12.15000,12.16000,12.27000,-0.010586
25785,2024-05-21,F,FORD MOTOR CO DEL,,,12.03000,12.20300,12.15000,32850977,0.000000,12.14000,12.15000,12.16000,0.000000
25785,2024-05-22,F,FORD MOTOR CO DEL,,,11.97000,12.08000,12.03000,35403000,-0.009877,12.03000,12.04000,12.06000,-0.009877
25785,2024-05-23,F,FORD MOTOR CO DEL,,,12.01000,12.22000,12.11000,43590060,0.006650,12.10000,12.11000,12.10000,0.006650
25785,2024-05-24,F,FORD MOTOR CO DEL,,,12.04000,12.27000,12.16000,40840448,0.004129,12.15000,12.16000,12.16000,0.004129
25785,2024-05-28,F,FORD MOTOR CO DEL,,,11.66000,12.13000,11.68000,57460063,-0.039474,11.68000,11.69000,12.11000,-0.039474
25785,2024-05-29,F,FORD MOTOR CO DEL,,,11.50000,11.65000,11.56000,45759472,-0.010274,11.56000,11.57000,11.57000,-0.010274
25785,2024-05-30,F,FORD MOTOR CO DEL,,,11.48000,11.78000,11.77000,42249512,0.018166,11.77000,11.78000,11.58000,0.018166
25785,2024-05-31,F,FORD MOTOR CO DEL,,,11.66000,12.15000,12.13000,57205750,0.030586,12.14000,12.15000,11.77000,0.030586
25785,2024-06-03,F,FORD MOTOR CO DEL,,,12.02000,12.32000,12.19000,53784070,0.004946,12.18000,12.19000,12.25000,0.004946
25785,2024-06-04,F,FORD MOTOR CO DEL,,,11.96000,12.13000,12.03000,41533094,-0.013126,12.02000,12.03000,12.08000,-0.013126
25785,2024-06-05,F,FORD MOTOR CO DEL,,,11.82000,12.12000,12.07000,45509803,0.003325,12.07000,12.08000,12.05000,0.003325
25785,2024-06-06,F,FORD MOTOR CO DEL,,,11.96000,12.10000,12.07000,28289872,0.000000,12.07000,12.08000,11.98000,0.000000
25785,2024-06-07,F,FORD MOTOR CO DEL,,,11.95000,12.16000,12.15000,31933996,0.006628,12.13000,12.14000,12.00000,0.006628
25785,2024-06-10,F,FORD MOTOR CO DEL,,,12.10000,12.52000,12.38000,68347159,0.018930,12.37000,12.38000,12.13000,0.018930
25785,2024-06-11,F,FORD MOTOR CO DEL,,,12.05000,12.35500,12.11000,48201770,-0.021809,12.11000,12.12000,12.32000,-0.021809
25785,2024-06-12,F,FORD MOTOR CO DEL,,,12.03000,12.37000,12.08000,57116231,-0.002477,12.08000,12.09000,12.28000,-0.002477
25785,2024-06-13,F,FORD MOTOR CO DEL,,,11.85000,12.08500,11.94000,41422297,-0.011589,11.93000,11.94000,12.08000,-0.011589
25785,2024-06-14,F,FORD MOTOR CO DEL,,,11.55000,11.83000,11.71000,49382087,-0.019263,11.71000,11.72000,11.80000,-0.019263
25785,2024-06-17,F,FORD MOTOR CO DEL,,,11.66000,11.89000,11.85000,31970135,0.011956,11.84000,11.85000,11.66000,0.011956
25785,2024-06-18,F,FORD MOTOR CO DEL,,,11.77000,11.93500,11.78000,29023356,-0.005907,11.78000,11.79000,11.81000,-0.005907
25785,2024-06-20,F,FORD MOTOR CO DEL,,,11.65000,11.97000,11.94000,53467972,0.013582,11.94000,11.95000,11.71000,0.013582
25785,2024-06-21,F,FORD MOTOR CO DEL,,,11.76000,11.91000,11.84000,50201923,-0.008375,11.84000,11.85000,11.90000,-0.008375
25785,2024-06-24,F,FORD MOTOR CO DEL,,,11.92000,12.25000,12.23000,58436912,0.032939,12.22000,12.23000,11.93000,0.032939
25785,2024-06-25,F,FORD MOTOR CO DEL,,,12.03000,12.21000,12.09000,39323934,-0.011447,12.08000,12.09000,12.17000,-0.011447
25785,2024-06-26,F,FORD MOTOR CO DEL,,,11.94500,12.13000,12.11000,41426609,0.001654,12.10000,12.11000,12.01000,0.001654
25785,2024-06-27,F,FORD MOTOR CO DEL,,,12.04500,12.38000,12.23000,48080238,0.009909,12.23000,12.24000,12.08000,0.009909
25785,2024-06-28,F,FORD MOTOR CO DEL,,,12.26000,12.62000,12.54000,65914694,0.025348,12.54000,12.55000,12.26000,0.025348
25785,2024-07-01,F,FORD MOTOR CO DEL,,,12.53000,12.87000,12.76000,56152652,0.017544,12.76000,12.77000,12.56000,0.017544
25785,2024-07-02,F,FORD MOTOR CO DEL,,,12.72000,12.95000,12.87000,46990380,0.008621,12.87000,12.88000,12.83000,0.008621
25785,2024-07-03,F,FORD MOTOR CO DEL,,,12.80000,12.96000,12.87000,26894317,0.000000,12.87000,12.88000,12.89000,0.000000
25785,2024-07-05,F,FORD MOTOR CO DEL,,,12.75000,12.96000,12.84000,31589285,-0.002331,12.84000,12.85000,12.87000,-0.002331
25785,2024-07-08,F,FORD MOTOR CO DEL,,,12.91500,13.20000,12.98000,44346152,0.010903,12.98000,12.99000,12.97000,0.010903
25785,2024-07-09,F,FORD MOTOR CO DEL,,,12.88000,13.07000,12.90000,40734880,-0.006163,12.90000,12.91000,12.96000,-0.006163
25785,2024-07-10,F,FORD MOTOR CO DEL,,,12.91000,13.21000,13.17000,36305525,0.020930,13.17000,13.18000,12.95000,0.020930
25785,2024-07-11,F,FORD MOTOR CO DEL,,,13.25000,13.54000,13.47000,51443439,0.022779,13.47000,13.48000,13.25000,0.022779
25785,2024-07-12,F,FORD MOTOR CO DEL,,,13.53000,14.21000,14.03000,85609696,0.041574,14.02000,14.03000,13.53000,0.041574
25785,2024-07-15,F,FORD MOTOR CO DEL,,,14.12000,14.43000,14.23000,65643288,0.014255,14.22000,14.23000,14.21000,0.014255
25785,2024-07-16,F,FORD MOTOR CO DEL,,,14.19000,14.47000,14.39000,52040136,0.011244,14.38000,14.39000,14.27000,0.011244
25785,2024-07-17,F,FORD MOTOR CO DEL,,,14.28000,14.63000,14.48000,58087097,0.006254,14.48000,14.49000,14.29000,0.006254
25785,2024-07-18,F,FORD MOTOR CO DEL,,,14.45000,14.85000,14.55000,58077004,0.004834,14.55000,14.56000,14.51000,0.004834
25785,2024-07-19,F,FORD MOTOR CO DEL,,,13.96000,14.50000,13.98000,75908553,-0.039175,13.98000,13.99000,14.49000,-0.039175
25785,2024-07-22,F,FORD MOTOR CO DEL,,,13.79000,14.18000,14.12000,59116800,0.010014,14.11000,14.12000,14.02000,0.010014
25785,2024-07-23,F,FORD MOTOR CO DEL,,,13.57000,14.07000,13.83000,85897668,-0.020538,13.83000,13.84000,14.06000,-0.020538
25785,2024-07-24,F,FORD MOTOR CO DEL,,,13.59000,13.87500,13.67000,81768685,-0.011569,13.65000,13.66000,13.73000,-0.011569
25785,2024-07-25,F,FORD MOTOR CO DEL,,,11.15000,11.98000,11.16000,259483955,-0.183614,11.15000,11.16000,11.80000,-0.183614
25785,2024-07-26,F,FORD MOTOR CO DEL,,,11.05000,11.36000,11.19000,79599879,0.002688,11.18000,11.19000,11.20500,0.002688
25785,2024-07-29,F,FORD MOTOR CO DEL,,,10.80000,11.18000,11.01000,91667537,-0.016086,11.01000,11.02000,11.18000,-0.016086
25785,2024-07-30,F,FORD MOTOR CO DEL,,,10.78000,11.11000,10.84000,69337033,-0.015441,10.83000,10.84000,11.03000,-0.015441
25785,2024-07-31,F,FORD MOTOR CO DEL,,,10.72000,11.01000,10.82000,75477976,-0.001845,10.81000,10.82000,10.86000,-0.001845
25785,2024-08-01,F,FORD MOTOR CO DEL,,,10.60500,10.92000,10.69000,60516458,-0.012015,10.70000,10.71000,10.86000,-0.012015
25785,2024-08-02,F,FORD MOTOR CO DEL,,,10.00000,10.55000,10.03000,110703005,-0.061740,10.03000,10.04000,10.55000,-0.061740
25785,2024-08-05,F,FORD MOTOR CO DEL,,,9.49000,9.90000,9.71000,115594188,-0.031904,9.72000,9.73000,9.56000,-0.031904
25785,2024-08-06,F,FORD MOTOR CO DEL,,,9.67500,9.86000,9.78000,111817647,0.007209,9.78000,9.79000,9.79000,0.007209
25785,2024-08-07,F,FORD MOTOR CO DEL,,,9.75000,9.98000,9.77000,69482430,0.014315,9.78000,9.79000,9.85000,-0.001022
25785,2024-08-08,F,FORD MOTOR CO DEL,,,9.80000,10.25000,10.13000,73007624,0.036847,10.12000,10.13000,9.80000,0.036847
25785,2024-08-09,F,FORD MOTOR CO DEL,,,9.97000,10.17000,10.10000,48860845,-0.002961,10.10000,10.11000,10.08000,-0.002961
25785,2024-08-12,F,FORD MOTOR CO DEL,,,9.84000,10.10400,9.86000,56118717,-0.023762,9.87000,9.88000,10.10000,-0.023762
25785,2024-08-13,F,FORD MOTOR CO DEL,,,9.77000,10.15000,10.14000,44766088,0.028398,10.13000,10.14000,9.92000,0.028398
25785,2024-08-14,F,FORD MOTOR CO DEL,,,10.05000,10.24000,10.18000,37026425,0.003945,10.18000,10.19000,10.16000,0.003945
25785,2024-08-15,F,FORD MOTOR CO DEL,,,10.37000,10.50000,10.46000,41597908,0.027505,10.45000,10.46000,10.37000,0.027505
25785,2024-08-16,F,FORD MOTOR CO DEL,,,10.37000,10.51500,10.51000,34142630,0.004780,10.50000,10.51000,10.40000,0.004780
25785,2024-08-19,F,FORD MOTOR CO DEL,,,10.54000,10.75000,10.72000,41066305,0.019981,10.72000,10.73000,10.56000,0.019981
25785,2024-08-20,F,FORD MOTOR CO DEL,,,10.61000,10.79000,10.68000,32468000,-0.003731,10.68000,10.69000,10.70000,-0.003731
25785,2024-08-21,F,FORD MOTOR CO DEL,,,10.75000,10.97000,10.85000,48943888,0.015918,10.84000,10.85000,10.83500,0.015918
25785,2024-08-22,F,FORD MOTOR CO DEL,,,10.84000,11.01000,10.92000,50885398,0.006452,10.92000,10.93000,10.85000,0.006452
25785,2024-08-23,F,FORD MOTOR CO DEL,,,10.94000,11.28000,11.27000,64612665,0.032051,11.26000,11.27000,10.98000,0.032051
25785,2024-08-26,F,FORD MOTOR CO DEL,,,11.07000,11.37000,11.11000,53070331,-0.014197,11.12000,11.13000,11.32000,-0.014197
25785,2024-08-27,F,FORD MOTOR CO DEL,,,10.99000,11.22000,11.14000,44840996,0.002700,11.14000,11.15000,11.12000,0.002700
25785,2024-08-28,F,FORD MOTOR CO DEL,,,10.98000,11.18500,11.04000,35442160,-0.008977,11.03000,11.04000,11.10000,-0.008977
25785,2024-08-29,F,FORD MOTOR CO DEL,,,10.99000,11.20000,11.11000,44989170,0.006341,11.11000,11.12000,11.02000,0.006341
25785,2024-08-30,F,FORD MOTOR CO DEL,,,11.05500,11.23000,11.19000,44977055,0.007201,11.19000,11.20000,11.15000,0.007201
25785,2024-09-03,F,FORD MOTOR CO DEL,,,10.94000,11.14000,10.98000,49613545,-0.018767,10.98000,10.99000,11.08000,-0.018767
25785,2024-09-04,F,FORD MOTOR CO DEL,,,10.85000,11.15500,10.95000,47900654,-0.002732,10.94000,10.95000,10.99000,-0.002732
25785,2024-09-05,F,FORD MOTOR CO DEL,,,10.72000,11.13500,10.77000,50551941,-0.016438,10.76000,10.77000,11.08000,-0.016438
25785,2024-09-06,F,FORD MOTOR CO DEL,,,10.53000,10.87000,10.58000,47508883,-0.017642,10.58000,10.59000,10.78000,-0.017642
25785,2024-09-09,F,FORD MOTOR CO DEL,,,10.53500,10.76000,10.66000,39223340,0.007561,10.65000,10.66000,10.61000,0.007561
25785,2024-09-10,F,FORD MOTOR CO DEL,,,10.17000,10.49000,10.32000,63019219,-0.031895,10.31000,10.32000,10.49000,-0.031895
25785,2024-09-11,F,FORD MOTOR CO DEL,,,10.13000,10.46000,10.45000,55840227,0.012597,10.44000,10.45000,10.31000,0.012597
25785,2024-09-12,F,FORD MOTOR CO DEL,,,10.31000,10.64970,10.62000,43807346,0.016268,10.62000,10.63000,10.40000,0.016268
25785,2024-09-13,F,FORD MOTOR CO DEL,,,10.62500,10.79000,10.69000,35184817,0.006591,10.68000,10.69000,10.68000,0.006591
25785,2024-09-16,F,FORD MOTOR CO DEL,,,10.71000,10.92000,10.80000,34802362,0.010290,10.79000,10.80000,10.74000,0.010290
25785,2024-09-17,F,FORD MOTOR CO DEL,,,10.82000,11.13500,10.90000,52068606,0.009259,10.90000,10.91000,10.89000,0.009259
25785,2024-09-18,F,FORD MOTOR CO DEL,,,10.91500,11.25500,10.98000,55017320,0.007339,10.98000,10.99000,10.93000,0.007339
25785,2024-09-19,F,FORD MOTOR CO DEL,,,10.86500,11.31000,10.92000,52436431,-0.005464,10.91000,10.92000,11.22000,-0.005464
25785,2024-09-20,F,FORD MOTOR CO DEL,,,10.69000,10.88000,10.88000,68809148,-0.003663,10.85000,10.86000,10.86000,-0.003663
25785,2024-09-23,F,FORD MOTOR CO DEL,,,10.71000,10.92000,10.91000,40421271,0.002757,10.90000,10.91000,10.84000,0.002757
25785,2024-09-24,F,FORD MOTOR CO DEL,,,10.81000,11.00000,10.87000,37746280,-0.003666,10.86000,10.87000,10.97000,-0.003666
25785,2024-09-25,F,FORD MOTOR CO DEL,,,10.32000,10.59000,10.42000,74109618,-0.041398,10.41000,10.42000,10.59000,-0.041398
25785,2024-09-26,F,FORD MOTOR CO DEL,,,10.56000,10.75000,10.68000,51408483,0.024952,10.67000,10.68000,10.56000,0.024952
25785,2024-09-27,F,FORD MOTOR CO DEL,,,10.76000,10.99000,10.78000,45469611,0.009363,10.76000,10.77000,10.84000,0.009363
25785,2024-09-30,F,FORD MOTOR CO DEL,,,10.43000,10.61000,10.56000,59709712,-0.020408,10.55000,10.56000,10.48000,-0.020408
25785,2024-10-01,F,FORD MOTOR CO DEL,,,10.58000,10.81500,10.75000,63962965,0.017992,10.75000,10.76000,10.72000,0.017992
25785,2024-10-02,F,FORD MOTOR CO DEL,,,10.43000,10.73000,10.48000,51457448,-0.025116,10.47000,10.48000,10.73000,-0.025116
25785,2024-10-03,F,FORD MOTOR CO DEL,,,10.33000,10.47000,10.45000,44458312,-0.002863,10.44000,10.45000,10.41000,-0.002863
25785,2024-10-04,F,FORD MOTOR CO DEL,,,10.44000,10.61000,10.57000,45967802,0.011483,10.56000,10.57000,10.59000,0.011483
25785,2024-10-07,F,FORD MOTOR CO DEL,,,10.45000,10.61000,10.49000,38009116,-0.007569,10.47000,10.48000,10.55000,-0.007569
25785,2024-10-08,F,FORD MOTOR CO DEL,,,10.38000,10.58000,10.49000,46355726,0.000000,10.49000,10.50000,10.50000,0.000000
25785,2024-10-09,F,FORD MOTOR CO DEL,,,10.44000,10.68000,10.62000,40406992,0.012393,10.61000,10.62000,10.49000,0.012393
25785,2024-10-10,F,FORD MOTOR CO DEL,,,10.54000,10.70000,10.68000,39458338,0.005650,10.67000,10.68000,10.58000,0.005650
25785,2024-10-11,F,FORD MOTOR CO DEL,,,10.63000,10.80000,10.72000,31915718,0.003745,10.72000,10.73000,10.64000,0.003745
25785,2024-10-14,F,FORD MOTOR CO DEL,,,10.65500,10.96000,10.92000,41940151,0.018657,10.94000,10.95000,10.71000,0.018657
25785,2024-10-15,F,FORD MOTOR CO DEL,,,10.82000,11.02000,10.84000,53097073,-0.007326,10.86000,10.87000,10.91000,-0.007326
25785,2024-10-16,F,FORD MOTOR CO DEL,,,10.89000,11.18000,11.03000,46996409,0.017528,11.03000,11.04000,10.89000,0.017528
25785,2024-10-17,F,FORD MOTOR CO DEL,,,10.93500,11.13000,11.07000,37617185,0.003626,11.07000,11.08000,11.04000,0.003626
25785,2024-10-18,F,FORD MOTOR CO DEL,,,11.04000,11.17000,11.10000,26074884,0.002710,11.09000,11.10000,11.16000,0.002710
25785,2024-10-21,F,FORD MOTOR CO DEL,,,10.86000,11.16000,10.88000,41008550,-0.019820,10.87000,10.88000,11.08000,-0.019820
25785,2024-10-22,F,FORD MOTOR CO DEL,,,10.92000,11.15000,11.11000,51597599,0.021140,11.11000,11.12000,10.92000,0.021140
25785,2024-10-23,F,FORD MOTOR CO DEL,,,11.02000,11.24000,11.06000,37335434,-0.004500,11.05000,11.06000,11.11000,-0.004500
25785,2024-10-24,F,FORD MOTOR CO DEL,,,11.07000,11.25000,11.24000,44736444,0.016275,11.23000,11.24000,11.24000,0.016275
25785,2024-10-25,F,FORD MOTOR CO DEL,,,11.01500,11.33000,11.07000,39120742,-0.015125,11.07000,11.08000,11.28000,-0.015125
25785,2024-10-28,F,FORD MOTOR CO DEL,,,11.12120,11.39000,11.37000,97967008,0.027100,11.37000,11.38000,11.16500,0.027100
25785,2024-10-29,F,FORD MOTOR CO DEL,,,10.18000,10.55000,10.41000,156227983,-0.084433,10.40000,10.41000,10.53000,-0.084433
25785,2024-10-30,F,FORD MOTOR CO DEL,,,10.33000,10.53000,10.47000,48853742,0.005764,10.46000,10.47000,10.39500,0.005764
25785,2024-10-31,F,FORD MOTOR CO DEL,,,10.24000,10.48000,10.29000,72098705,-0.017192,10.28000,10.29000,10.43000,-0.017192
25785,2024-11-01,F,FORD MOTOR CO DEL,,,10.20000,10.41000,10.22000,43472278,-0.006803,10.21000,10.22000,10.33000,-0.006803
25785,2024-11-04,F,FORD MOTOR CO DEL,,,10.23000,10.57000,10.36000,55323849,0.013699,10.36000,10.37000,10.23000,0.013699
25785,2024-11-05,F,FORD MOTOR CO DEL,,,10.30000,10.64000,10.60000,49308968,0.023166,10.60000,10.61000,10.33000,0.023166
25785,2024-11-06,F,FORD MOTOR CO DEL,,,10.83500,11.23000,11.19000,100781772,0.055660,11.19000,11.20000,10.95000,0.055660
25785,2024-11-07,F,FORD MOTOR CO DEL,,,10.83000,11.11000,10.96000,55407938,-0.007149,10.95000,10.96000,11.00500,-0.020554
25785,2024-11-08,F,FORD MOTOR CO DEL,,,10.86000,10.97000,10.97000,45463442,0.000912,10.96000,10.97000,10.93000,0.000912
25785,2024-11-11,F,FORD MOTOR CO DEL,,,11.02000,11.32000,11.23000,56630455,0.023701,11.24000,11.25000,11.07000,0.023701
25785,2024-11-12,F,FORD MOTOR CO DEL,,,10.95000,11.30000,11.10000,44921390,-0.011576,11.10000,11.11000,11.14000,-0.011576
25785,2024-11-13,F,FORD MOTOR CO DEL,,,11.02000,11.17000,11.10000,55150861,0.000000,11.10000,11.11000,11.12000,0.000000
25785,2024-11-14,F,FORD MOTOR CO DEL,,,11.02000,11.23000,11.07000,56780890,-0.002703,11.07000,11.08000,11.13000,-0.002703
25785,2024-11-15,F,FORD MOTOR CO DEL,,,10.98000,11.15000,11.01000,58895435,-0.005420,11.01000,11.02000,11.05000,-0.005420
25785,2024-11-18,F,FORD MOTOR CO DEL,,,11.03000,11.27000,11.21000,47807637,0.018165,11.22000,11.23000,11.05000,0.018165
25785,2024-11-19,F,FORD MOTOR CO DEL,,,11.01000,11.32000,11.05000,53227720,-0.014273,11.05000,11.06000,11.06000,-0.014273
25785,2024-11-20,F,FORD MOTOR CO DEL,,,10.61000,11.04900,10.73000,68633296,-0.028959,10.72000,10.73000,11.01000,-0.028959
25785,2024-11-21,F,FORD MOTOR CO DEL,,,10.61000,10.85000,10.80000,53409527,0.006524,10.80000,10.81000,10.78000,0.006524
25785,2024-11-22,F,FORD MOTOR CO DEL,,,10.80000,11.38000,11.18000,82556658,0.035185,11.18000,11.19000,10.81000,0.035185
25785,2024-11-25,F,FORD MOTOR CO DEL,,,11.27990,11.52000,11.40000,63469313,0.019678,11.39000,11.40000,11.30000,0.019678
25785,2024-11-26,F,FORD MOTOR CO DEL,,,11.04000,11.23000,11.10000,47458773,-0.026316,11.09000,11.10000,11.16000,-0.026316
25785,2024-11-27,F,FORD MOTOR CO DEL,,,11.06000,11.25500,11.10000,28474186,0.000000,11.10000,11.11000,11.13000,0.000000
25785,2024-11-29,F,FORD MOTOR CO DEL,,,11.12000,11.27000,11.13000,28935163,0.002703,11.13000,11.14000,11.16000,0.002703
25785,2024-12-02,F,FORD MOTOR CO DEL,,,10.96000,11.24500,10.98000,50034381,-0.013477,10.96000,10.97000,11.22000,-0.013477
25785,2024-12-03,F,FORD MOTOR CO DEL,,,10.82000,11.01000,10.82000,43904253,-0.014572,10.82000,10.83000,10.99000,-0.014572
25785,2024-12-04,F,FORD MOTOR CO DEL,,,10.59000,10.87000,10.74000,66780705,-0.007394,10.75000,10.76000,10.85000,-0.007394
25785,2024-12-05,F,FORD MOTOR CO DEL,,,10.39000,10.69000,10.44000,68162049,-0.027933,10.44000,10.45000,10.64000,-0.027933
25785,2024-12-06,F,FORD MOTOR CO DEL,,,10.42000,10.60000,10.51000,56227007,0.006705,10.51000,10.52000,10.50500,0.006705
25785,2024-12-09,F,FORD MOTOR CO DEL,,,10.53000,10.80000,10.60000,53230053,0.008563,10.61000,10.62000,10.55500,0.008563
25785,2024-12-10,F,FORD MOTOR CO DEL,,,10.55000,10.74000,10.56000,45084301,-0.003774,10.55000,10.56000,10.72000,-0.003774
25785,2024-12-11,F,FORD MOTOR CO DEL,,,10.28000,10.61000,10.41000,60487100,-0.014205,10.40000,10.41000,10.61000,-0.014205
25785,2024-12-12,F,FORD MOTOR CO DEL,,,10.35000,10.50500,10.39000,38432619,-0.001921,10.39000,10.40000,10.38000,-0.001921
25785,2024-12-13,F,FORD MOTOR CO DEL,,,10.32000,10.44000,10.39000,40560679,0.000000,10.38000,10.39000,10.40000,0.000000
25785,2024-12-16,F,FORD MOTOR CO DEL,,,9.88000,10.12000,9.99000,96264420,-0.038499,9.98000,9.99000,10.07000,-0.038499
25785,2024-12-17,F,FORD MOTOR CO DEL,,,9.88000,10.04000,9.97000,76208551,-0.002002,9.96000,9.97000,9.96000,-0.002002
25785,2024-12-18,F,FORD MOTOR CO DEL,,,9.66000,10.09000,9.69000,84199505,-0.028084,9.68000,9.69000,9.94000,-0.028084
25785,2024-12-19,F,FORD MOTOR CO DEL,,,9.70000,9.94500,9.74000,81659031,0.005160,9.73000,9.74000,9.79000,0.005160
25785,2024-12-20,F,FORD MOTOR CO DEL,,,9.68000,9.96000,9.88000,87705543,0.014374,9.88000,9.89000,9.70000,0.014374
25785,2024-12-23,F,FORD MOTOR CO DEL,,,9.75000,9.92000,9.90000,50646626,0.002024,9.90000,9.91000,9.87000,0.002024
25785,2024-12-24,F,FORD MOTOR CO DEL,,,9.89000,10.06000,10.02000,29083142,0.012121,10.04000,10.05000,9.90000,0.012121
25785,2024-12-26,F,FORD MOTOR CO DEL,,,9.98000,10.12000,10.07000,35956110,0.004990,10.06000,10.07000,10.00000,0.004990
25785,2024-12-27,F,FORD MOTOR CO DEL,,,9.98000,10.20000,10.03000,52899918,-0.003972,10.03000,10.04000,10.02500,-0.003972
25785,2024-12-30,F,FORD MOTOR CO DEL,,,9.82000,9.97500,9.88000,47116735,-0.014955,9.87000,9.88000,9.95000,-0.014955
25785,2024-12-31,F,FORD MOTOR CO DEL,0,0.00000,9.84000,10.01000,9.90000,54104154,0.002024,9.89000,9.90000,9.91000,0.002024
